3.16E-10
4.01E-10
5.08E-10
6.43E-10
8.14E-10
1.03E-09
1.31E-09
1.65E-09
2.09E-09
2.65E-09
3.36E-09
4.25E-09
5.38E-09
6.82E-09
8.63E-09
1.09E-08
1.38E-08
1.75E-08
2.22E-08
2.81E-08
3.56E-08
4.51E-08
5.71E-08
7.23E-08
9.16E-08
1.16E-07
1.47E-07
1.86E-07
2.36E-07
2.98E-07
3.78E-07
4.78E-07
6.06E-07
7.67E-07
9.72E-07
1.23E-06
1.56E-06
1.97E-06
2.50E-06
3.16E-06
4.01E-06
/*
3.16459e-10
5.07511e-10
8.13904e-10
1.30527e-09
2.09329e-09
3.35704e-09
5.38375e-09
8.63401e-09
1.38465e-08
2.22059e-08
3.56119e-08
5.71115e-08
9.15907e-08
1.46886e-07
2.35563e-07
3.77776e-07
6.05846e-07
9.71606e-07
1.55818e-06
2.49888e-06
4.0075e-06
*/
