/*--------------------------------*- C++ -*----------------------------------*\
| =========                 |                                                 |
| \\      /  F ield         | OpenFOAM: The Open Source CFD Toolbox           |
|  \\    /   O peration     | Version:  5.x                                   |
|   \\  /    A nd           | Web:      www.OpenFOAM.org                      |
|    \\/     M anipulation  |                                                 |
\*---------------------------------------------------------------------------*/
FoamFile
{
    version     2.0;
    format      ascii;
    class       volScalarField;
    location    "0.06";
    object      pAir;
}
// * * * * * * * * * * * * * * * * * * * * * * * * * * * * * * * * * * * * * //

dimensions      [1 -1 -2 0 0 0 0];

internalField   nonuniform List<scalar> 
7950
(
100000.0538
100000.0538
100000.0538
100000.0538
100000.0538
100000.0538
100000.0538
100000.0538
100000.0538
100000.0538
100000.0538
100000.0538
100000.0539
100000.0539
100000.0539
100000.0539
100000.0539
100000.0539
100000.0539
100000.0539
100000.0539
100000.0539
100000.054
100000.054
100000.054
100000.054
100000.054
100000.054
100000.0541
100000.0541
100000.0541
100000.0541
100000.0541
100000.0542
100000.0542
100000.0542
100000.0543
100000.0543
100000.0544
100000.0544
100000.0545
100000.0545
100000.0546
100000.0547
100000.0548
100000.0549
100000.055
100000.0552
100000.0553
100000.0555
100000.0503
100000.0503
100000.0503
100000.0503
100000.0503
100000.0503
100000.0503
100000.0503
100000.0503
100000.0503
100000.0503
100000.0503
100000.0503
100000.0503
100000.0503
100000.0503
100000.0502
100000.0502
100000.0502
100000.0502
100000.0502
100000.0502
100000.0502
100000.0502
100000.0501
100000.0501
100000.0501
100000.0501
100000.0501
100000.0501
100000.05
100000.05
100000.05
100000.05
100000.0499
100000.0499
100000.0499
100000.0499
100000.0498
100000.0498
100000.0498
100000.0498
100000.0498
100000.0497
100000.0497
100000.0497
100000.0497
100000.0497
100000.0497
100000.0497
100000.051
100000.051
100000.051
100000.051
100000.051
100000.051
100000.051
100000.051
100000.051
100000.051
100000.051
100000.051
100000.051
100000.051
100000.051
100000.0511
100000.0511
100000.0511
100000.0511
100000.0511
100000.0511
100000.0511
100000.0511
100000.0511
100000.0511
100000.0511
100000.0511
100000.0511
100000.0511
100000.0511
100000.0511
100000.0512
100000.0512
100000.0512
100000.0512
100000.0512
100000.0512
100000.0512
100000.0512
100000.0512
100000.0512
100000.0512
100000.0512
100000.0512
100000.0512
100000.0512
100000.0512
100000.0512
100000.0512
100000.0512
100000.0484
100000.0484
100000.0484
100000.0484
100000.0484
100000.0484
100000.0484
100000.0484
100000.0484
100000.0484
100000.0484
100000.0484
100000.0484
100000.0484
100000.0484
100000.0484
100000.0484
100000.0484
100000.0484
100000.0484
100000.0484
100000.0484
100000.0484
100000.0484
100000.0484
100000.0484
100000.0484
100000.0484
100000.0484
100000.0484
100000.0484
100000.0484
100000.0484
100000.0484
100000.0484
100000.0484
100000.0484
100000.0484
100000.0484
100000.0485
100000.0485
100000.0485
100000.0485
100000.0485
100000.0485
100000.0485
100000.0485
100000.0484
100000.0484
100000.0484
100000.0493
100000.0493
100000.0493
100000.0493
100000.0493
100000.0493
100000.0493
100000.0493
100000.0493
100000.0493
100000.0493
100000.0493
100000.0493
100000.0493
100000.0493
100000.0493
100000.0493
100000.0493
100000.0493
100000.0493
100000.0493
100000.0493
100000.0493
100000.0493
100000.0493
100000.0493
100000.0493
100000.0493
100000.0493
100000.0493
100000.0493
100000.0493
100000.0493
100000.0493
100000.0493
100000.0493
100000.0493
100000.0493
100000.0493
100000.0493
100000.0493
100000.0493
100000.0493
100000.0492
100000.0492
100000.0492
100000.0492
100000.0492
100000.0492
100000.0492
100000.0476
100000.0476
100000.0476
100000.0476
100000.0476
100000.0476
100000.0476
100000.0476
100000.0476
100000.0476
100000.0476
100000.0476
100000.0476
100000.0476
100000.0476
100000.0476
100000.0476
100000.0476
100000.0476
100000.0476
100000.0476
100000.0476
100000.0476
100000.0476
100000.0476
100000.0476
100000.0476
100000.0476
100000.0476
100000.0476
100000.0476
100000.0476
100000.0476
100000.0476
100000.0476
100000.0476
100000.0476
100000.0476
100000.0476
100000.0476
100000.0476
100000.0476
100000.0476
100000.0476
100000.0476
100000.0476
100000.0476
100000.0476
100000.0476
100000.0476
100000.0479
100000.0479
100000.0479
100000.0479
100000.0479
100000.0479
100000.0479
100000.0479
100000.0479
100000.0479
100000.0479
100000.0479
100000.0479
100000.0479
100000.0479
100000.0479
100000.0479
100000.0479
100000.0479
100000.0479
100000.0479
100000.0479
100000.0479
100000.0479
100000.0479
100000.0479
100000.0479
100000.0479
100000.0479
100000.0479
100000.0479
100000.0479
100000.0479
100000.0479
100000.0479
100000.0479
100000.0479
100000.0479
100000.0479
100000.0479
100000.0479
100000.0479
100000.0479
100000.0479
100000.0479
100000.0479
100000.0479
100000.0479
100000.0479
100000.0479
100000.0469
100000.0469
100000.0469
100000.0469
100000.0469
100000.0469
100000.0469
100000.0469
100000.0469
100000.0469
100000.0469
100000.0469
100000.0469
100000.0469
100000.0469
100000.0469
100000.0469
100000.0469
100000.0469
100000.0469
100000.0469
100000.0469
100000.0469
100000.0469
100000.0469
100000.0469
100000.0469
100000.0469
100000.0469
100000.0469
100000.0469
100000.0469
100000.0469
100000.0469
100000.0469
100000.0469
100000.0469
100000.0469
100000.0469
100000.0469
100000.0469
100000.0469
100000.0469
100000.0469
100000.0469
100000.0469
100000.0469
100000.0469
100000.0469
100000.0469
100000.0468
100000.0468
100000.0468
100000.0468
100000.0468
100000.0468
100000.0468
100000.0468
100000.0468
100000.0468
100000.0468
100000.0468
100000.0468
100000.0468
100000.0468
100000.0468
100000.0468
100000.0468
100000.0468
100000.0468
100000.0468
100000.0468
100000.0468
100000.0468
100000.0468
100000.0468
100000.0468
100000.0468
100000.0468
100000.0468
100000.0468
100000.0468
100000.0468
100000.0468
100000.0468
100000.0468
100000.0468
100000.0468
100000.0468
100000.0468
100000.0468
100000.0468
100000.0468
100000.0468
100000.0468
100000.0468
100000.0468
100000.0468
100000.0468
100000.0468
100000.0461
100000.0461
100000.0461
100000.0461
100000.0461
100000.0461
100000.0461
100000.0461
100000.0461
100000.0461
100000.0461
100000.0461
100000.0461
100000.0461
100000.0461
100000.0461
100000.0461
100000.0461
100000.0461
100000.0461
100000.0461
100000.0461
100000.0461
100000.0461
100000.0461
100000.0461
100000.0461
100000.0461
100000.0461
100000.0461
100000.0461
100000.0461
100000.0461
100000.0461
100000.0461
100000.0461
100000.0461
100000.0461
100000.0461
100000.0461
100000.0461
100000.0461
100000.0461
100000.0461
100000.0461
100000.0461
100000.0461
100000.0461
100000.0461
100000.0461
100000.0459
100000.0459
100000.0459
100000.0459
100000.0459
100000.0459
100000.0459
100000.0459
100000.0459
100000.0459
100000.0459
100000.0459
100000.0459
100000.0459
100000.0459
100000.0459
100000.0459
100000.0459
100000.0459
100000.0459
100000.0459
100000.0459
100000.0459
100000.0459
100000.0459
100000.0459
100000.0459
100000.0459
100000.0459
100000.0459
100000.0459
100000.0459
100000.0459
100000.0459
100000.0459
100000.0459
100000.0459
100000.0459
100000.0459
100000.0459
100000.0459
100000.0459
100000.0459
100000.0459
100000.0459
100000.0459
100000.0459
100000.0459
100000.0459
100000.0459
100000.0454
100000.0454
100000.0454
100000.0454
100000.0454
100000.0454
100000.0454
100000.0454
100000.0454
100000.0454
100000.0454
100000.0454
100000.0454
100000.0454
100000.0454
100000.0454
100000.0454
100000.0454
100000.0454
100000.0454
100000.0454
100000.0454
100000.0454
100000.0454
100000.0454
100000.0454
100000.0454
100000.0454
100000.0454
100000.0454
100000.0454
100000.0454
100000.0454
100000.0454
100000.0454
100000.0454
100000.0454
100000.0454
100000.0454
100000.0454
100000.0454
100000.0454
100000.0454
100000.0454
100000.0454
100000.0454
100000.0454
100000.0454
100000.0454
100000.0454
100000.0451
100000.0451
100000.0451
100000.0451
100000.0451
100000.0451
100000.0451
100000.0451
100000.0451
100000.0451
100000.0451
100000.0451
100000.0451
100000.0451
100000.0451
100000.0451
100000.0451
100000.0451
100000.0451
100000.0451
100000.0451
100000.0451
100000.0451
100000.0451
100000.0451
100000.0451
100000.0451
100000.0451
100000.0451
100000.0451
100000.0451
100000.0451
100000.0451
100000.0451
100000.0451
100000.0451
100000.0451
100000.0451
100000.0451
100000.0451
100000.0451
100000.0451
100000.0451
100000.0451
100000.0451
100000.0451
100000.0451
100000.0451
100000.0451
100000.0451
100000.0446
100000.0446
100000.0446
100000.0446
100000.0446
100000.0446
100000.0446
100000.0446
100000.0446
100000.0446
100000.0446
100000.0446
100000.0446
100000.0446
100000.0446
100000.0446
100000.0446
100000.0446
100000.0446
100000.0446
100000.0446
100000.0446
100000.0446
100000.0446
100000.0446
100000.0446
100000.0446
100000.0446
100000.0446
100000.0446
100000.0446
100000.0446
100000.0446
100000.0446
100000.0446
100000.0446
100000.0446
100000.0446
100000.0446
100000.0446
100000.0446
100000.0446
100000.0446
100000.0446
100000.0446
100000.0446
100000.0446
100000.0446
100000.0446
100000.0446
100000.0443
100000.0443
100000.0443
100000.0443
100000.0443
100000.0443
100000.0443
100000.0443
100000.0443
100000.0443
100000.0443
100000.0443
100000.0443
100000.0443
100000.0443
100000.0443
100000.0443
100000.0443
100000.0443
100000.0443
100000.0443
100000.0443
100000.0443
100000.0443
100000.0443
100000.0443
100000.0443
100000.0443
100000.0443
100000.0443
100000.0443
100000.0443
100000.0443
100000.0443
100000.0443
100000.0443
100000.0443
100000.0443
100000.0443
100000.0443
100000.0443
100000.0443
100000.0443
100000.0443
100000.0443
100000.0443
100000.0443
100000.0443
100000.0443
100000.0443
100000.0439
100000.0439
100000.0439
100000.0439
100000.0439
100000.0439
100000.0439
100000.0439
100000.0439
100000.0439
100000.0439
100000.0439
100000.0439
100000.0439
100000.0439
100000.0439
100000.0439
100000.0439
100000.0439
100000.0439
100000.0439
100000.0439
100000.0439
100000.0439
100000.0439
100000.0439
100000.0439
100000.0439
100000.0439
100000.0439
100000.0439
100000.0439
100000.0439
100000.0439
100000.0439
100000.0439
100000.0439
100000.0439
100000.0439
100000.0439
100000.0439
100000.0439
100000.0439
100000.0439
100000.0439
100000.0439
100000.0439
100000.0439
100000.0439
100000.0439
100000.0436
100000.0436
100000.0436
100000.0436
100000.0436
100000.0436
100000.0436
100000.0436
100000.0436
100000.0436
100000.0436
100000.0436
100000.0436
100000.0436
100000.0436
100000.0436
100000.0436
100000.0436
100000.0436
100000.0436
100000.0436
100000.0436
100000.0436
100000.0436
100000.0436
100000.0436
100000.0436
100000.0436
100000.0436
100000.0436
100000.0436
100000.0436
100000.0436
100000.0436
100000.0436
100000.0436
100000.0436
100000.0436
100000.0436
100000.0436
100000.0436
100000.0436
100000.0436
100000.0436
100000.0436
100000.0436
100000.0436
100000.0436
100000.0436
100000.0436
100000.0432
100000.0432
100000.0432
100000.0432
100000.0432
100000.0432
100000.0432
100000.0432
100000.0432
100000.0432
100000.0432
100000.0432
100000.0432
100000.0432
100000.0432
100000.0432
100000.0432
100000.0432
100000.0432
100000.0432
100000.0432
100000.0432
100000.0432
100000.0432
100000.0432
100000.0432
100000.0432
100000.0432
100000.0432
100000.0432
100000.0432
100000.0432
100000.0432
100000.0432
100000.0432
100000.0432
100000.0432
100000.0432
100000.0432
100000.0432
100000.0432
100000.0432
100000.0432
100000.0432
100000.0432
100000.0432
100000.0432
100000.0432
100000.0432
100000.0432
100000.0428
100000.0428
100000.0428
100000.0428
100000.0428
100000.0428
100000.0428
100000.0428
100000.0428
100000.0428
100000.0428
100000.0428
100000.0428
100000.0428
100000.0428
100000.0428
100000.0428
100000.0428
100000.0428
100000.0428
100000.0428
100000.0428
100000.0428
100000.0428
100000.0428
100000.0428
100000.0428
100000.0428
100000.0428
100000.0428
100000.0428
100000.0428
100000.0428
100000.0428
100000.0428
100000.0428
100000.0428
100000.0428
100000.0428
100000.0428
100000.0428
100000.0428
100000.0428
100000.0428
100000.0428
100000.0428
100000.0428
100000.0428
100000.0428
100000.0428
100000.0425
100000.0425
100000.0425
100000.0425
100000.0425
100000.0425
100000.0425
100000.0425
100000.0425
100000.0425
100000.0425
100000.0425
100000.0425
100000.0425
100000.0425
100000.0425
100000.0425
100000.0425
100000.0425
100000.0425
100000.0425
100000.0425
100000.0425
100000.0425
100000.0425
100000.0425
100000.0425
100000.0425
100000.0425
100000.0425
100000.0425
100000.0425
100000.0425
100000.0425
100000.0425
100000.0425
100000.0425
100000.0425
100000.0425
100000.0425
100000.0425
100000.0425
100000.0425
100000.0425
100000.0425
100000.0425
100000.0425
100000.0425
100000.0425
100000.0425
100000.0421
100000.0421
100000.0421
100000.0421
100000.0421
100000.0421
100000.0421
100000.0421
100000.0421
100000.0421
100000.0421
100000.0421
100000.0421
100000.0421
100000.0421
100000.0421
100000.0421
100000.0421
100000.0421
100000.0421
100000.0421
100000.0421
100000.0421
100000.0421
100000.0421
100000.0421
100000.0421
100000.0421
100000.0421
100000.0421
100000.0421
100000.0421
100000.0421
100000.0421
100000.0421
100000.0421
100000.0421
100000.0421
100000.0421
100000.0421
100000.0421
100000.0421
100000.0421
100000.0421
100000.0421
100000.0421
100000.0421
100000.0421
100000.0421
100000.0421
100000.0417
100000.0417
100000.0417
100000.0417
100000.0417
100000.0417
100000.0417
100000.0417
100000.0417
100000.0417
100000.0417
100000.0417
100000.0417
100000.0417
100000.0417
100000.0417
100000.0417
100000.0417
100000.0417
100000.0417
100000.0417
100000.0417
100000.0417
100000.0417
100000.0417
100000.0417
100000.0417
100000.0417
100000.0417
100000.0417
100000.0417
100000.0417
100000.0417
100000.0417
100000.0417
100000.0417
100000.0417
100000.0417
100000.0417
100000.0417
100000.0417
100000.0417
100000.0417
100000.0417
100000.0417
100000.0417
100000.0417
100000.0417
100000.0417
100000.0417
100000.0414
100000.0414
100000.0414
100000.0414
100000.0414
100000.0414
100000.0414
100000.0414
100000.0414
100000.0414
100000.0414
100000.0414
100000.0414
100000.0414
100000.0414
100000.0414
100000.0414
100000.0414
100000.0414
100000.0414
100000.0414
100000.0414
100000.0414
100000.0414
100000.0414
100000.0414
100000.0414
100000.0414
100000.0414
100000.0414
100000.0414
100000.0414
100000.0414
100000.0414
100000.0414
100000.0414
100000.0414
100000.0414
100000.0414
100000.0414
100000.0414
100000.0414
100000.0414
100000.0414
100000.0414
100000.0414
100000.0414
100000.0414
100000.0414
100000.0414
100000.041
100000.041
100000.041
100000.041
100000.041
100000.041
100000.041
100000.041
100000.041
100000.041
100000.041
100000.041
100000.041
100000.041
100000.041
100000.041
100000.041
100000.041
100000.041
100000.041
100000.041
100000.041
100000.041
100000.041
100000.041
100000.041
100000.041
100000.041
100000.041
100000.041
100000.041
100000.041
100000.041
100000.041
100000.041
100000.041
100000.041
100000.041
100000.041
100000.041
100000.041
100000.041
100000.041
100000.041
100000.041
100000.041
100000.041
100000.041
100000.041
100000.041
100000.0407
100000.0407
100000.0407
100000.0407
100000.0407
100000.0407
100000.0407
100000.0407
100000.0407
100000.0407
100000.0407
100000.0407
100000.0407
100000.0407
100000.0407
100000.0407
100000.0407
100000.0407
100000.0407
100000.0407
100000.0407
100000.0407
100000.0407
100000.0407
100000.0407
100000.0407
100000.0407
100000.0407
100000.0407
100000.0407
100000.0407
100000.0407
100000.0407
100000.0407
100000.0407
100000.0407
100000.0407
100000.0407
100000.0407
100000.0407
100000.0407
100000.0407
100000.0407
100000.0407
100000.0407
100000.0407
100000.0407
100000.0407
100000.0407
100000.0407
100000.0403
100000.0403
100000.0403
100000.0403
100000.0403
100000.0403
100000.0403
100000.0403
100000.0403
100000.0403
100000.0403
100000.0403
100000.0403
100000.0403
100000.0403
100000.0403
100000.0403
100000.0403
100000.0403
100000.0403
100000.0403
100000.0403
100000.0403
100000.0403
100000.0403
100000.0403
100000.0403
100000.0403
100000.0403
100000.0403
100000.0403
100000.0403
100000.0403
100000.0403
100000.0403
100000.0403
100000.0403
100000.0403
100000.0403
100000.0403
100000.0403
100000.0403
100000.0403
100000.0403
100000.0403
100000.0403
100000.0403
100000.0403
100000.0403
100000.0403
100000.04
100000.04
100000.04
100000.04
100000.04
100000.04
100000.04
100000.04
100000.04
100000.04
100000.04
100000.04
100000.04
100000.04
100000.04
100000.04
100000.04
100000.04
100000.04
100000.04
100000.04
100000.04
100000.04
100000.04
100000.04
100000.04
100000.04
100000.04
100000.04
100000.04
100000.04
100000.04
100000.04
100000.04
100000.04
100000.04
100000.04
100000.04
100000.04
100000.04
100000.04
100000.04
100000.04
100000.04
100000.04
100000.04
100000.04
100000.04
100000.04
100000.04
100000.0396
100000.0396
100000.0396
100000.0396
100000.0396
100000.0396
100000.0396
100000.0396
100000.0396
100000.0396
100000.0396
100000.0396
100000.0396
100000.0396
100000.0396
100000.0396
100000.0396
100000.0396
100000.0396
100000.0396
100000.0396
100000.0396
100000.0396
100000.0396
100000.0396
100000.0396
100000.0396
100000.0396
100000.0396
100000.0396
100000.0396
100000.0396
100000.0396
100000.0396
100000.0396
100000.0396
100000.0396
100000.0396
100000.0396
100000.0396
100000.0396
100000.0396
100000.0396
100000.0396
100000.0396
100000.0396
100000.0396
100000.0396
100000.0396
100000.0396
100000.0393
100000.0393
100000.0393
100000.0393
100000.0393
100000.0393
100000.0393
100000.0393
100000.0393
100000.0393
100000.0393
100000.0393
100000.0393
100000.0393
100000.0393
100000.0393
100000.0393
100000.0393
100000.0393
100000.0393
100000.0393
100000.0393
100000.0393
100000.0393
100000.0393
100000.0393
100000.0393
100000.0393
100000.0393
100000.0393
100000.0393
100000.0393
100000.0393
100000.0393
100000.0393
100000.0393
100000.0393
100000.0393
100000.0393
100000.0393
100000.0393
100000.0393
100000.0393
100000.0393
100000.0393
100000.0393
100000.0393
100000.0393
100000.0393
100000.0393
100000.0389
100000.0389
100000.0389
100000.0389
100000.0389
100000.0389
100000.0389
100000.0389
100000.0389
100000.0389
100000.0389
100000.0389
100000.0389
100000.0389
100000.0389
100000.0389
100000.0389
100000.0389
100000.0389
100000.0389
100000.0389
100000.0389
100000.0389
100000.0389
100000.0389
100000.0389
100000.0389
100000.0389
100000.0389
100000.0389
100000.0389
100000.0389
100000.0389
100000.0389
100000.0389
100000.0389
100000.0389
100000.0389
100000.0389
100000.0389
100000.0389
100000.0389
100000.0389
100000.0389
100000.0389
100000.0389
100000.0389
100000.0389
100000.0389
100000.0389
100000.0386
100000.0386
100000.0386
100000.0386
100000.0386
100000.0386
100000.0386
100000.0386
100000.0386
100000.0386
100000.0386
100000.0386
100000.0386
100000.0386
100000.0386
100000.0386
100000.0386
100000.0386
100000.0386
100000.0386
100000.0386
100000.0386
100000.0386
100000.0386
100000.0386
100000.0386
100000.0386
100000.0386
100000.0386
100000.0386
100000.0386
100000.0386
100000.0386
100000.0386
100000.0386
100000.0386
100000.0386
100000.0386
100000.0386
100000.0386
100000.0386
100000.0386
100000.0386
100000.0386
100000.0386
100000.0386
100000.0386
100000.0386
100000.0386
100000.0386
100000.0382
100000.0382
100000.0382
100000.0382
100000.0382
100000.0382
100000.0382
100000.0382
100000.0382
100000.0382
100000.0382
100000.0382
100000.0382
100000.0382
100000.0382
100000.0382
100000.0382
100000.0382
100000.0382
100000.0382
100000.0382
100000.0382
100000.0382
100000.0382
100000.0382
100000.0382
100000.0382
100000.0382
100000.0382
100000.0382
100000.0382
100000.0382
100000.0382
100000.0382
100000.0382
100000.0382
100000.0382
100000.0382
100000.0382
100000.0382
100000.0382
100000.0382
100000.0382
100000.0382
100000.0382
100000.0382
100000.0382
100000.0382
100000.0382
100000.0382
100000.0379
100000.0379
100000.0379
100000.0379
100000.0379
100000.0379
100000.0379
100000.0379
100000.0379
100000.0379
100000.0379
100000.0379
100000.0379
100000.0379
100000.0379
100000.0379
100000.0379
100000.0379
100000.0379
100000.0379
100000.0379
100000.0379
100000.0379
100000.0379
100000.0379
100000.0379
100000.0379
100000.0379
100000.0379
100000.0379
100000.0379
100000.0379
100000.0379
100000.0379
100000.0379
100000.0379
100000.0379
100000.0379
100000.0379
100000.0379
100000.0379
100000.0379
100000.0379
100000.0379
100000.0379
100000.0379
100000.0379
100000.0379
100000.0379
100000.0379
100000.0375
100000.0375
100000.0375
100000.0375
100000.0375
100000.0375
100000.0375
100000.0375
100000.0375
100000.0375
100000.0375
100000.0375
100000.0375
100000.0375
100000.0375
100000.0375
100000.0375
100000.0375
100000.0375
100000.0375
100000.0375
100000.0375
100000.0375
100000.0375
100000.0375
100000.0375
100000.0375
100000.0375
100000.0375
100000.0375
100000.0375
100000.0375
100000.0375
100000.0375
100000.0375
100000.0375
100000.0375
100000.0375
100000.0375
100000.0375
100000.0375
100000.0375
100000.0375
100000.0375
100000.0375
100000.0375
100000.0375
100000.0375
100000.0375
100000.0375
100000.0372
100000.0372
100000.0372
100000.0372
100000.0372
100000.0372
100000.0372
100000.0372
100000.0372
100000.0372
100000.0372
100000.0372
100000.0372
100000.0372
100000.0372
100000.0372
100000.0372
100000.0372
100000.0372
100000.0372
100000.0372
100000.0372
100000.0372
100000.0372
100000.0372
100000.0372
100000.0372
100000.0372
100000.0372
100000.0372
100000.0372
100000.0372
100000.0372
100000.0372
100000.0372
100000.0372
100000.0372
100000.0372
100000.0372
100000.0372
100000.0372
100000.0372
100000.0372
100000.0372
100000.0372
100000.0372
100000.0372
100000.0372
100000.0372
100000.0372
100000.0368
100000.0368
100000.0368
100000.0368
100000.0368
100000.0368
100000.0368
100000.0368
100000.0368
100000.0368
100000.0368
100000.0368
100000.0368
100000.0368
100000.0368
100000.0368
100000.0368
100000.0368
100000.0368
100000.0368
100000.0368
100000.0368
100000.0368
100000.0368
100000.0368
100000.0368
100000.0368
100000.0368
100000.0368
100000.0368
100000.0368
100000.0368
100000.0368
100000.0368
100000.0368
100000.0368
100000.0368
100000.0368
100000.0368
100000.0368
100000.0368
100000.0368
100000.0368
100000.0368
100000.0368
100000.0368
100000.0368
100000.0368
100000.0368
100000.0368
100000.0365
100000.0365
100000.0365
100000.0365
100000.0365
100000.0365
100000.0365
100000.0365
100000.0365
100000.0365
100000.0365
100000.0365
100000.0365
100000.0365
100000.0365
100000.0365
100000.0365
100000.0365
100000.0365
100000.0365
100000.0365
100000.0365
100000.0365
100000.0365
100000.0365
100000.0365
100000.0365
100000.0365
100000.0365
100000.0365
100000.0365
100000.0365
100000.0365
100000.0365
100000.0365
100000.0365
100000.0365
100000.0365
100000.0365
100000.0365
100000.0365
100000.0365
100000.0365
100000.0365
100000.0365
100000.0365
100000.0365
100000.0365
100000.0365
100000.0365
100000.0361
100000.0361
100000.0361
100000.0361
100000.0361
100000.0361
100000.0361
100000.0361
100000.0361
100000.0361
100000.0361
100000.0361
100000.0361
100000.0361
100000.0361
100000.0361
100000.0361
100000.0361
100000.0361
100000.0361
100000.0361
100000.0361
100000.0361
100000.0361
100000.0361
100000.0361
100000.0361
100000.0361
100000.0361
100000.0361
100000.0361
100000.0361
100000.0361
100000.0361
100000.0361
100000.0361
100000.0361
100000.0361
100000.0361
100000.0361
100000.0361
100000.0361
100000.0361
100000.0361
100000.0361
100000.0361
100000.0361
100000.0361
100000.0361
100000.0361
100000.0358
100000.0358
100000.0358
100000.0358
100000.0358
100000.0358
100000.0358
100000.0358
100000.0358
100000.0358
100000.0358
100000.0358
100000.0358
100000.0358
100000.0358
100000.0358
100000.0358
100000.0358
100000.0358
100000.0358
100000.0358
100000.0358
100000.0358
100000.0358
100000.0358
100000.0358
100000.0358
100000.0358
100000.0358
100000.0358
100000.0358
100000.0358
100000.0358
100000.0358
100000.0358
100000.0358
100000.0358
100000.0358
100000.0358
100000.0358
100000.0358
100000.0358
100000.0358
100000.0358
100000.0358
100000.0358
100000.0358
100000.0358
100000.0358
100000.0358
100000.0354
100000.0354
100000.0354
100000.0354
100000.0354
100000.0354
100000.0354
100000.0354
100000.0354
100000.0354
100000.0354
100000.0354
100000.0354
100000.0354
100000.0354
100000.0354
100000.0354
100000.0354
100000.0354
100000.0354
100000.0354
100000.0354
100000.0354
100000.0354
100000.0354
100000.0354
100000.0354
100000.0354
100000.0354
100000.0354
100000.0354
100000.0354
100000.0354
100000.0354
100000.0354
100000.0354
100000.0354
100000.0354
100000.0354
100000.0354
100000.0354
100000.0354
100000.0354
100000.0354
100000.0354
100000.0354
100000.0354
100000.0354
100000.0354
100000.0354
100000.0351
100000.0351
100000.0351
100000.0351
100000.0351
100000.0351
100000.0351
100000.0351
100000.0351
100000.0351
100000.0351
100000.0351
100000.0351
100000.0351
100000.0351
100000.0351
100000.0351
100000.0351
100000.0351
100000.0351
100000.0351
100000.0351
100000.0351
100000.0351
100000.0351
100000.0351
100000.0351
100000.0351
100000.0351
100000.0351
100000.0351
100000.0351
100000.0351
100000.0351
100000.0351
100000.0351
100000.0351
100000.0351
100000.0351
100000.0351
100000.0351
100000.0351
100000.0351
100000.0351
100000.0351
100000.0351
100000.0351
100000.0351
100000.0351
100000.0351
100000.0347
100000.0347
100000.0347
100000.0347
100000.0347
100000.0347
100000.0347
100000.0347
100000.0347
100000.0347
100000.0347
100000.0347
100000.0347
100000.0347
100000.0347
100000.0347
100000.0347
100000.0347
100000.0347
100000.0347
100000.0347
100000.0347
100000.0347
100000.0347
100000.0347
100000.0347
100000.0347
100000.0347
100000.0347
100000.0347
100000.0347
100000.0347
100000.0347
100000.0347
100000.0347
100000.0347
100000.0347
100000.0347
100000.0347
100000.0347
100000.0347
100000.0347
100000.0347
100000.0347
100000.0347
100000.0347
100000.0347
100000.0347
100000.0347
100000.0347
100000.0344
100000.0344
100000.0344
100000.0344
100000.0344
100000.0344
100000.0344
100000.0344
100000.0344
100000.0344
100000.0344
100000.0344
100000.0344
100000.0344
100000.0344
100000.0344
100000.0344
100000.0344
100000.0344
100000.0344
100000.0344
100000.0344
100000.0344
100000.0344
100000.0344
100000.0344
100000.0344
100000.0344
100000.0344
100000.0344
100000.0344
100000.0344
100000.0344
100000.0344
100000.0344
100000.0344
100000.0344
100000.0344
100000.0344
100000.0344
100000.0344
100000.0344
100000.0344
100000.0344
100000.0344
100000.0344
100000.0344
100000.0344
100000.0344
100000.0344
100000.0341
100000.0341
100000.0341
100000.0341
100000.0341
100000.0341
100000.0341
100000.0341
100000.0341
100000.0341
100000.0341
100000.0341
100000.0341
100000.0341
100000.0341
100000.0341
100000.0341
100000.0341
100000.0341
100000.0341
100000.0341
100000.0341
100000.0341
100000.0341
100000.0341
100000.0341
100000.0341
100000.0341
100000.0341
100000.0341
100000.0341
100000.0341
100000.0341
100000.0341
100000.0341
100000.0341
100000.0341
100000.0341
100000.0341
100000.0341
100000.0341
100000.0341
100000.0341
100000.0341
100000.0341
100000.0341
100000.0341
100000.0341
100000.0341
100000.0341
100000.0337
100000.0337
100000.0337
100000.0337
100000.0337
100000.0337
100000.0337
100000.0337
100000.0337
100000.0337
100000.0337
100000.0337
100000.0337
100000.0337
100000.0337
100000.0337
100000.0337
100000.0337
100000.0337
100000.0337
100000.0337
100000.0337
100000.0337
100000.0337
100000.0337
100000.0337
100000.0337
100000.0337
100000.0337
100000.0337
100000.0337
100000.0337
100000.0337
100000.0337
100000.0337
100000.0337
100000.0337
100000.0337
100000.0337
100000.0337
100000.0337
100000.0337
100000.0337
100000.0337
100000.0337
100000.0337
100000.0337
100000.0337
100000.0337
100000.0337
100000.0334
100000.0334
100000.0334
100000.0334
100000.0334
100000.0334
100000.0334
100000.0334
100000.0334
100000.0334
100000.0334
100000.0334
100000.0334
100000.0334
100000.0334
100000.0334
100000.0334
100000.0334
100000.0334
100000.0334
100000.0334
100000.0334
100000.0334
100000.0334
100000.0334
100000.0334
100000.0334
100000.0334
100000.0334
100000.0334
100000.0334
100000.0334
100000.0334
100000.0334
100000.0334
100000.0334
100000.0334
100000.0334
100000.0334
100000.0334
100000.0334
100000.0334
100000.0334
100000.0334
100000.0334
100000.0334
100000.0334
100000.0334
100000.0334
100000.0334
100000.033
100000.033
100000.033
100000.033
100000.033
100000.033
100000.033
100000.033
100000.033
100000.033
100000.033
100000.033
100000.033
100000.033
100000.033
100000.033
100000.033
100000.033
100000.033
100000.033
100000.033
100000.033
100000.033
100000.033
100000.033
100000.033
100000.033
100000.033
100000.033
100000.033
100000.033
100000.033
100000.033
100000.033
100000.033
100000.033
100000.033
100000.033
100000.033
100000.033
100000.033
100000.033
100000.033
100000.033
100000.033
100000.033
100000.033
100000.033
100000.033
100000.033
100000.0327
100000.0327
100000.0327
100000.0327
100000.0327
100000.0327
100000.0327
100000.0327
100000.0327
100000.0327
100000.0327
100000.0327
100000.0327
100000.0327
100000.0327
100000.0327
100000.0327
100000.0327
100000.0327
100000.0327
100000.0327
100000.0327
100000.0327
100000.0327
100000.0327
100000.0327
100000.0327
100000.0327
100000.0327
100000.0327
100000.0327
100000.0327
100000.0327
100000.0327
100000.0327
100000.0327
100000.0327
100000.0327
100000.0327
100000.0327
100000.0327
100000.0327
100000.0327
100000.0327
100000.0327
100000.0327
100000.0327
100000.0327
100000.0327
100000.0327
100000.0324
100000.0324
100000.0324
100000.0324
100000.0324
100000.0324
100000.0324
100000.0324
100000.0324
100000.0324
100000.0324
100000.0324
100000.0324
100000.0324
100000.0324
100000.0324
100000.0324
100000.0324
100000.0324
100000.0324
100000.0324
100000.0324
100000.0324
100000.0324
100000.0324
100000.0324
100000.0324
100000.0324
100000.0324
100000.0324
100000.0324
100000.0324
100000.0324
100000.0324
100000.0324
100000.0324
100000.0324
100000.0324
100000.0324
100000.0324
100000.0324
100000.0324
100000.0324
100000.0324
100000.0324
100000.0324
100000.0324
100000.0324
100000.0324
100000.0324
100000.032
100000.032
100000.032
100000.032
100000.032
100000.032
100000.032
100000.032
100000.032
100000.032
100000.032
100000.032
100000.032
100000.032
100000.032
100000.032
100000.032
100000.032
100000.032
100000.032
100000.032
100000.032
100000.032
100000.032
100000.032
100000.032
100000.032
100000.032
100000.032
100000.032
100000.032
100000.032
100000.032
100000.032
100000.032
100000.032
100000.032
100000.032
100000.032
100000.032
100000.032
100000.032
100000.032
100000.032
100000.032
100000.032
100000.032
100000.032
100000.032
100000.032
100000.0317
100000.0317
100000.0317
100000.0317
100000.0317
100000.0317
100000.0317
100000.0317
100000.0317
100000.0317
100000.0317
100000.0317
100000.0317
100000.0317
100000.0317
100000.0317
100000.0317
100000.0317
100000.0317
100000.0317
100000.0317
100000.0317
100000.0317
100000.0317
100000.0317
100000.0317
100000.0317
100000.0317
100000.0317
100000.0317
100000.0317
100000.0317
100000.0317
100000.0317
100000.0317
100000.0317
100000.0317
100000.0317
100000.0317
100000.0317
100000.0317
100000.0317
100000.0317
100000.0317
100000.0317
100000.0317
100000.0317
100000.0317
100000.0317
100000.0317
100000.0313
100000.0313
100000.0313
100000.0313
100000.0313
100000.0313
100000.0313
100000.0313
100000.0313
100000.0313
100000.0313
100000.0313
100000.0313
100000.0313
100000.0313
100000.0313
100000.0313
100000.0313
100000.0313
100000.0313
100000.0313
100000.0313
100000.0313
100000.0313
100000.0313
100000.0313
100000.0313
100000.0313
100000.0313
100000.0313
100000.0313
100000.0313
100000.0313
100000.0313
100000.0313
100000.0313
100000.0313
100000.0313
100000.0313
100000.0313
100000.0313
100000.0313
100000.0313
100000.0313
100000.0313
100000.0313
100000.0313
100000.0313
100000.0313
100000.0313
100000.031
100000.031
100000.031
100000.031
100000.031
100000.031
100000.031
100000.031
100000.031
100000.031
100000.031
100000.031
100000.031
100000.031
100000.031
100000.031
100000.031
100000.031
100000.031
100000.031
100000.031
100000.031
100000.031
100000.031
100000.031
100000.031
100000.031
100000.031
100000.031
100000.031
100000.031
100000.031
100000.031
100000.031
100000.031
100000.031
100000.031
100000.031
100000.031
100000.031
100000.031
100000.031
100000.031
100000.031
100000.031
100000.031
100000.031
100000.031
100000.031
100000.031
100000.0307
100000.0307
100000.0307
100000.0307
100000.0307
100000.0307
100000.0307
100000.0307
100000.0307
100000.0307
100000.0307
100000.0307
100000.0307
100000.0307
100000.0307
100000.0307
100000.0307
100000.0307
100000.0307
100000.0307
100000.0307
100000.0307
100000.0307
100000.0307
100000.0307
100000.0307
100000.0307
100000.0307
100000.0307
100000.0307
100000.0307
100000.0307
100000.0307
100000.0307
100000.0307
100000.0307
100000.0307
100000.0307
100000.0307
100000.0307
100000.0307
100000.0307
100000.0307
100000.0307
100000.0307
100000.0307
100000.0307
100000.0307
100000.0307
100000.0307
100000.0303
100000.0303
100000.0303
100000.0303
100000.0303
100000.0303
100000.0303
100000.0303
100000.0303
100000.0303
100000.0303
100000.0303
100000.0303
100000.0303
100000.0303
100000.0303
100000.0303
100000.0303
100000.0303
100000.0303
100000.0303
100000.0303
100000.0303
100000.0303
100000.0303
100000.0303
100000.0303
100000.0303
100000.0303
100000.0303
100000.0303
100000.0303
100000.0303
100000.0303
100000.0303
100000.0303
100000.0303
100000.0303
100000.0303
100000.0303
100000.0303
100000.0303
100000.0303
100000.0303
100000.0303
100000.0303
100000.0303
100000.0303
100000.0303
100000.0303
100000.03
100000.03
100000.03
100000.03
100000.03
100000.03
100000.03
100000.03
100000.03
100000.03
100000.03
100000.03
100000.03
100000.03
100000.03
100000.03
100000.03
100000.03
100000.03
100000.03
100000.03
100000.03
100000.03
100000.03
100000.03
100000.03
100000.03
100000.03
100000.03
100000.03
100000.03
100000.03
100000.03
100000.03
100000.03
100000.03
100000.03
100000.03
100000.03
100000.03
100000.03
100000.03
100000.03
100000.03
100000.03
100000.03
100000.03
100000.03
100000.03
100000.03
100000.0297
100000.0297
100000.0297
100000.0297
100000.0297
100000.0297
100000.0297
100000.0297
100000.0297
100000.0297
100000.0297
100000.0297
100000.0297
100000.0297
100000.0297
100000.0297
100000.0297
100000.0297
100000.0297
100000.0297
100000.0297
100000.0297
100000.0297
100000.0297
100000.0297
100000.0297
100000.0297
100000.0297
100000.0297
100000.0297
100000.0297
100000.0297
100000.0297
100000.0297
100000.0297
100000.0297
100000.0297
100000.0297
100000.0297
100000.0297
100000.0297
100000.0297
100000.0297
100000.0297
100000.0297
100000.0297
100000.0297
100000.0297
100000.0297
100000.0297
100000.0293
100000.0293
100000.0293
100000.0293
100000.0293
100000.0293
100000.0293
100000.0293
100000.0293
100000.0293
100000.0293
100000.0293
100000.0293
100000.0293
100000.0293
100000.0293
100000.0293
100000.0293
100000.0293
100000.0293
100000.0293
100000.0293
100000.0293
100000.0293
100000.0293
100000.0293
100000.0293
100000.0293
100000.0293
100000.0293
100000.0293
100000.0293
100000.0293
100000.0293
100000.0293
100000.0293
100000.0293
100000.0293
100000.0293
100000.0293
100000.0293
100000.0293
100000.0293
100000.0293
100000.0293
100000.0293
100000.0293
100000.0293
100000.0293
100000.0293
100000.029
100000.029
100000.029
100000.029
100000.029
100000.029
100000.029
100000.029
100000.029
100000.029
100000.029
100000.029
100000.029
100000.029
100000.029
100000.029
100000.029
100000.029
100000.029
100000.029
100000.029
100000.029
100000.029
100000.029
100000.029
100000.029
100000.029
100000.029
100000.029
100000.029
100000.029
100000.029
100000.029
100000.029
100000.029
100000.029
100000.029
100000.029
100000.029
100000.029
100000.029
100000.029
100000.029
100000.029
100000.029
100000.029
100000.029
100000.029
100000.029
100000.029
100000.0287
100000.0287
100000.0287
100000.0287
100000.0287
100000.0287
100000.0287
100000.0287
100000.0287
100000.0287
100000.0287
100000.0287
100000.0287
100000.0287
100000.0287
100000.0287
100000.0287
100000.0287
100000.0287
100000.0287
100000.0287
100000.0287
100000.0287
100000.0287
100000.0287
100000.0287
100000.0287
100000.0287
100000.0287
100000.0287
100000.0287
100000.0287
100000.0287
100000.0287
100000.0287
100000.0287
100000.0287
100000.0287
100000.0287
100000.0287
100000.0287
100000.0287
100000.0287
100000.0287
100000.0287
100000.0287
100000.0287
100000.0287
100000.0287
100000.0287
100000.0283
100000.0283
100000.0283
100000.0283
100000.0283
100000.0283
100000.0283
100000.0283
100000.0283
100000.0283
100000.0283
100000.0283
100000.0283
100000.0283
100000.0283
100000.0283
100000.0283
100000.0283
100000.0283
100000.0283
100000.0283
100000.0283
100000.0283
100000.0283
100000.0283
100000.0283
100000.0283
100000.0283
100000.0283
100000.0283
100000.0283
100000.0283
100000.0283
100000.0283
100000.0283
100000.0283
100000.0283
100000.0283
100000.0283
100000.0283
100000.0283
100000.0283
100000.0283
100000.0283
100000.0283
100000.0283
100000.0283
100000.0283
100000.0283
100000.0283
100000.028
100000.028
100000.028
100000.028
100000.028
100000.028
100000.028
100000.028
100000.028
100000.028
100000.028
100000.028
100000.028
100000.028
100000.028
100000.028
100000.028
100000.028
100000.028
100000.028
100000.028
100000.028
100000.028
100000.028
100000.028
100000.028
100000.028
100000.028
100000.028
100000.028
100000.028
100000.028
100000.028
100000.028
100000.028
100000.028
100000.028
100000.028
100000.028
100000.028
100000.028
100000.028
100000.028
100000.028
100000.028
100000.028
100000.028
100000.028
100000.028
100000.028
100000.0277
100000.0277
100000.0277
100000.0277
100000.0277
100000.0277
100000.0277
100000.0277
100000.0277
100000.0277
100000.0277
100000.0277
100000.0277
100000.0277
100000.0277
100000.0277
100000.0277
100000.0277
100000.0277
100000.0277
100000.0277
100000.0277
100000.0277
100000.0277
100000.0277
100000.0277
100000.0277
100000.0277
100000.0277
100000.0277
100000.0277
100000.0277
100000.0277
100000.0277
100000.0277
100000.0277
100000.0277
100000.0277
100000.0277
100000.0277
100000.0277
100000.0277
100000.0277
100000.0277
100000.0277
100000.0277
100000.0277
100000.0277
100000.0277
100000.0277
100000.0274
100000.0274
100000.0274
100000.0274
100000.0274
100000.0274
100000.0274
100000.0274
100000.0274
100000.0274
100000.0274
100000.0274
100000.0274
100000.0274
100000.0274
100000.0274
100000.0274
100000.0274
100000.0274
100000.0274
100000.0274
100000.0274
100000.0274
100000.0274
100000.0274
100000.0274
100000.0274
100000.0274
100000.0274
100000.0274
100000.0274
100000.0274
100000.0274
100000.0274
100000.0274
100000.0274
100000.0274
100000.0274
100000.0274
100000.0274
100000.0274
100000.0274
100000.0274
100000.0274
100000.0274
100000.0274
100000.0274
100000.0274
100000.0274
100000.0274
100000.027
100000.027
100000.027
100000.027
100000.027
100000.027
100000.027
100000.027
100000.027
100000.027
100000.027
100000.027
100000.027
100000.027
100000.027
100000.027
100000.027
100000.027
100000.027
100000.027
100000.027
100000.027
100000.027
100000.027
100000.027
100000.027
100000.027
100000.027
100000.027
100000.027
100000.027
100000.027
100000.027
100000.027
100000.027
100000.027
100000.027
100000.027
100000.027
100000.027
100000.027
100000.027
100000.027
100000.027
100000.027
100000.027
100000.027
100000.027
100000.027
100000.027
100000.0267
100000.0267
100000.0267
100000.0267
100000.0267
100000.0267
100000.0267
100000.0267
100000.0267
100000.0267
100000.0267
100000.0267
100000.0267
100000.0267
100000.0267
100000.0267
100000.0267
100000.0267
100000.0267
100000.0267
100000.0267
100000.0267
100000.0267
100000.0267
100000.0267
100000.0267
100000.0267
100000.0267
100000.0267
100000.0267
100000.0267
100000.0267
100000.0267
100000.0267
100000.0267
100000.0267
100000.0267
100000.0267
100000.0267
100000.0267
100000.0267
100000.0267
100000.0267
100000.0267
100000.0267
100000.0267
100000.0267
100000.0267
100000.0267
100000.0267
100000.0264
100000.0264
100000.0264
100000.0264
100000.0264
100000.0264
100000.0264
100000.0264
100000.0264
100000.0264
100000.0264
100000.0264
100000.0264
100000.0264
100000.0264
100000.0264
100000.0264
100000.0264
100000.0264
100000.0264
100000.0264
100000.0264
100000.0264
100000.0264
100000.0264
100000.0264
100000.0264
100000.0264
100000.0264
100000.0264
100000.0264
100000.0264
100000.0264
100000.0264
100000.0264
100000.0264
100000.0264
100000.0264
100000.0264
100000.0264
100000.0264
100000.0264
100000.0264
100000.0264
100000.0264
100000.0264
100000.0264
100000.0264
100000.0264
100000.0264
100000.026
100000.026
100000.026
100000.026
100000.026
100000.026
100000.026
100000.026
100000.026
100000.026
100000.026
100000.026
100000.026
100000.026
100000.026
100000.026
100000.026
100000.026
100000.026
100000.026
100000.026
100000.026
100000.026
100000.026
100000.026
100000.026
100000.026
100000.026
100000.026
100000.026
100000.026
100000.026
100000.026
100000.026
100000.026
100000.026
100000.026
100000.026
100000.026
100000.026
100000.026
100000.026
100000.026
100000.026
100000.026
100000.026
100000.026
100000.026
100000.026
100000.026
100000.0257
100000.0257
100000.0257
100000.0257
100000.0257
100000.0257
100000.0257
100000.0257
100000.0257
100000.0257
100000.0257
100000.0257
100000.0257
100000.0257
100000.0257
100000.0257
100000.0257
100000.0257
100000.0257
100000.0257
100000.0257
100000.0257
100000.0257
100000.0257
100000.0257
100000.0257
100000.0257
100000.0257
100000.0257
100000.0257
100000.0257
100000.0257
100000.0257
100000.0257
100000.0257
100000.0257
100000.0257
100000.0257
100000.0257
100000.0257
100000.0257
100000.0257
100000.0257
100000.0257
100000.0257
100000.0257
100000.0257
100000.0257
100000.0257
100000.0257
100000.0254
100000.0254
100000.0254
100000.0254
100000.0254
100000.0254
100000.0254
100000.0254
100000.0254
100000.0254
100000.0254
100000.0254
100000.0254
100000.0254
100000.0254
100000.0254
100000.0254
100000.0254
100000.0254
100000.0254
100000.0254
100000.0254
100000.0254
100000.0254
100000.0254
100000.0254
100000.0254
100000.0254
100000.0254
100000.0254
100000.0254
100000.0254
100000.0254
100000.0254
100000.0254
100000.0254
100000.0254
100000.0254
100000.0254
100000.0254
100000.0254
100000.0254
100000.0254
100000.0254
100000.0254
100000.0254
100000.0254
100000.0254
100000.0254
100000.0254
100000.0251
100000.0251
100000.0251
100000.0251
100000.0251
100000.0251
100000.0251
100000.0251
100000.0251
100000.0251
100000.0251
100000.0251
100000.0251
100000.0251
100000.0251
100000.0251
100000.0251
100000.0251
100000.0251
100000.0251
100000.0251
100000.0251
100000.0251
100000.0251
100000.0251
100000.0251
100000.0251
100000.0251
100000.0251
100000.0251
100000.0251
100000.0251
100000.0251
100000.0251
100000.0251
100000.0251
100000.0251
100000.0251
100000.0251
100000.0251
100000.0251
100000.0251
100000.0251
100000.0251
100000.0251
100000.0251
100000.0251
100000.0251
100000.0251
100000.0251
100000.0247
100000.0247
100000.0247
100000.0247
100000.0247
100000.0247
100000.0247
100000.0247
100000.0247
100000.0247
100000.0247
100000.0247
100000.0247
100000.0247
100000.0247
100000.0247
100000.0247
100000.0247
100000.0247
100000.0247
100000.0247
100000.0247
100000.0247
100000.0247
100000.0247
100000.0247
100000.0247
100000.0247
100000.0247
100000.0247
100000.0247
100000.0247
100000.0247
100000.0247
100000.0247
100000.0247
100000.0247
100000.0247
100000.0247
100000.0247
100000.0247
100000.0247
100000.0247
100000.0247
100000.0247
100000.0247
100000.0247
100000.0247
100000.0247
100000.0247
100000.0244
100000.0244
100000.0244
100000.0244
100000.0244
100000.0244
100000.0244
100000.0244
100000.0244
100000.0244
100000.0244
100000.0244
100000.0244
100000.0244
100000.0244
100000.0244
100000.0244
100000.0244
100000.0244
100000.0244
100000.0244
100000.0244
100000.0244
100000.0244
100000.0244
100000.0244
100000.0244
100000.0244
100000.0244
100000.0244
100000.0244
100000.0244
100000.0244
100000.0244
100000.0244
100000.0244
100000.0244
100000.0244
100000.0244
100000.0244
100000.0244
100000.0244
100000.0244
100000.0244
100000.0244
100000.0244
100000.0244
100000.0244
100000.0244
100000.0244
100000.0241
100000.0241
100000.0241
100000.0241
100000.0241
100000.0241
100000.0241
100000.0241
100000.0241
100000.0241
100000.0241
100000.0241
100000.0241
100000.0241
100000.0241
100000.0241
100000.0241
100000.0241
100000.0241
100000.0241
100000.0241
100000.0241
100000.0241
100000.0241
100000.0241
100000.0241
100000.0241
100000.0241
100000.0241
100000.0241
100000.0241
100000.0241
100000.0241
100000.0241
100000.0241
100000.0241
100000.0241
100000.0241
100000.0241
100000.0241
100000.0241
100000.0241
100000.0241
100000.0241
100000.0241
100000.0241
100000.0241
100000.0241
100000.0241
100000.0241
100000.0238
100000.0238
100000.0238
100000.0238
100000.0238
100000.0238
100000.0238
100000.0238
100000.0238
100000.0238
100000.0238
100000.0238
100000.0238
100000.0238
100000.0238
100000.0238
100000.0238
100000.0238
100000.0238
100000.0238
100000.0238
100000.0238
100000.0238
100000.0238
100000.0238
100000.0238
100000.0238
100000.0238
100000.0238
100000.0238
100000.0238
100000.0238
100000.0238
100000.0238
100000.0238
100000.0238
100000.0238
100000.0238
100000.0238
100000.0238
100000.0238
100000.0238
100000.0238
100000.0238
100000.0238
100000.0238
100000.0238
100000.0238
100000.0238
100000.0238
100000.0235
100000.0235
100000.0235
100000.0235
100000.0235
100000.0235
100000.0235
100000.0235
100000.0235
100000.0235
100000.0235
100000.0235
100000.0235
100000.0235
100000.0235
100000.0235
100000.0235
100000.0235
100000.0235
100000.0235
100000.0235
100000.0235
100000.0235
100000.0235
100000.0235
100000.0235
100000.0235
100000.0235
100000.0235
100000.0235
100000.0235
100000.0235
100000.0235
100000.0235
100000.0235
100000.0235
100000.0235
100000.0235
100000.0235
100000.0235
100000.0235
100000.0235
100000.0235
100000.0235
100000.0235
100000.0235
100000.0235
100000.0235
100000.0235
100000.0235
100000.0231
100000.0231
100000.0231
100000.0231
100000.0231
100000.0231
100000.0231
100000.0231
100000.0231
100000.0231
100000.0231
100000.0231
100000.0231
100000.0231
100000.0231
100000.0231
100000.0231
100000.0231
100000.0231
100000.0231
100000.0231
100000.0231
100000.0231
100000.0231
100000.0231
100000.0231
100000.0231
100000.0231
100000.0231
100000.0231
100000.0231
100000.0231
100000.0231
100000.0231
100000.0231
100000.0231
100000.0231
100000.0231
100000.0231
100000.0231
100000.0231
100000.0231
100000.0231
100000.0231
100000.0231
100000.0231
100000.0231
100000.0231
100000.0231
100000.0231
100000.0228
100000.0228
100000.0228
100000.0228
100000.0228
100000.0228
100000.0228
100000.0228
100000.0228
100000.0228
100000.0228
100000.0228
100000.0228
100000.0228
100000.0228
100000.0228
100000.0228
100000.0228
100000.0228
100000.0228
100000.0228
100000.0228
100000.0228
100000.0228
100000.0228
100000.0228
100000.0228
100000.0228
100000.0228
100000.0228
100000.0228
100000.0228
100000.0228
100000.0228
100000.0228
100000.0228
100000.0228
100000.0228
100000.0228
100000.0228
100000.0228
100000.0228
100000.0228
100000.0228
100000.0228
100000.0228
100000.0228
100000.0228
100000.0228
100000.0228
100000.0225
100000.0225
100000.0225
100000.0225
100000.0225
100000.0225
100000.0225
100000.0225
100000.0225
100000.0225
100000.0225
100000.0225
100000.0225
100000.0225
100000.0225
100000.0225
100000.0225
100000.0225
100000.0225
100000.0225
100000.0225
100000.0225
100000.0225
100000.0225
100000.0225
100000.0225
100000.0225
100000.0225
100000.0225
100000.0225
100000.0225
100000.0225
100000.0225
100000.0225
100000.0225
100000.0225
100000.0225
100000.0225
100000.0225
100000.0225
100000.0225
100000.0225
100000.0225
100000.0225
100000.0225
100000.0225
100000.0225
100000.0225
100000.0225
100000.0225
100000.0222
100000.0222
100000.0222
100000.0222
100000.0222
100000.0222
100000.0222
100000.0222
100000.0222
100000.0222
100000.0222
100000.0222
100000.0222
100000.0222
100000.0222
100000.0222
100000.0222
100000.0222
100000.0222
100000.0222
100000.0222
100000.0222
100000.0222
100000.0222
100000.0222
100000.0222
100000.0222
100000.0222
100000.0222
100000.0222
100000.0222
100000.0222
100000.0222
100000.0222
100000.0222
100000.0222
100000.0222
100000.0222
100000.0222
100000.0222
100000.0222
100000.0222
100000.0222
100000.0222
100000.0222
100000.0222
100000.0222
100000.0222
100000.0222
100000.0222
100000.0219
100000.0219
100000.0219
100000.0219
100000.0219
100000.0219
100000.0219
100000.0219
100000.0219
100000.0219
100000.0219
100000.0219
100000.0219
100000.0219
100000.0219
100000.0219
100000.0219
100000.0219
100000.0219
100000.0219
100000.0219
100000.0219
100000.0219
100000.0219
100000.0219
100000.0219
100000.0219
100000.0219
100000.0219
100000.0219
100000.0219
100000.0219
100000.0219
100000.0219
100000.0219
100000.0219
100000.0219
100000.0219
100000.0219
100000.0219
100000.0219
100000.0219
100000.0219
100000.0219
100000.0219
100000.0219
100000.0219
100000.0219
100000.0219
100000.0219
100000.0215
100000.0215
100000.0215
100000.0215
100000.0215
100000.0215
100000.0215
100000.0215
100000.0215
100000.0215
100000.0215
100000.0215
100000.0215
100000.0215
100000.0215
100000.0215
100000.0215
100000.0215
100000.0215
100000.0215
100000.0215
100000.0215
100000.0215
100000.0215
100000.0215
100000.0215
100000.0215
100000.0215
100000.0215
100000.0215
100000.0215
100000.0215
100000.0215
100000.0215
100000.0215
100000.0215
100000.0215
100000.0215
100000.0215
100000.0215
100000.0215
100000.0215
100000.0215
100000.0215
100000.0215
100000.0215
100000.0215
100000.0215
100000.0215
100000.0215
100000.0212
100000.0212
100000.0212
100000.0212
100000.0212
100000.0212
100000.0212
100000.0212
100000.0212
100000.0212
100000.0212
100000.0212
100000.0212
100000.0212
100000.0212
100000.0212
100000.0212
100000.0212
100000.0212
100000.0212
100000.0212
100000.0212
100000.0212
100000.0212
100000.0212
100000.0212
100000.0212
100000.0212
100000.0212
100000.0212
100000.0212
100000.0212
100000.0212
100000.0212
100000.0212
100000.0212
100000.0212
100000.0212
100000.0212
100000.0212
100000.0212
100000.0212
100000.0212
100000.0212
100000.0212
100000.0212
100000.0212
100000.0212
100000.0212
100000.0212
100000.0209
100000.0209
100000.0209
100000.0209
100000.0209
100000.0209
100000.0209
100000.0209
100000.0209
100000.0209
100000.0209
100000.0209
100000.0209
100000.0209
100000.0209
100000.0209
100000.0209
100000.0209
100000.0209
100000.0209
100000.0209
100000.0209
100000.0209
100000.0209
100000.0209
100000.0209
100000.0209
100000.0209
100000.0209
100000.0209
100000.0209
100000.0209
100000.0209
100000.0209
100000.0209
100000.0209
100000.0209
100000.0209
100000.0209
100000.0209
100000.0209
100000.0209
100000.0209
100000.0209
100000.0209
100000.0209
100000.0209
100000.0209
100000.0209
100000.0209
100000.0206
100000.0206
100000.0206
100000.0206
100000.0206
100000.0206
100000.0206
100000.0206
100000.0206
100000.0206
100000.0206
100000.0206
100000.0206
100000.0206
100000.0206
100000.0206
100000.0206
100000.0206
100000.0206
100000.0206
100000.0206
100000.0206
100000.0206
100000.0206
100000.0206
100000.0206
100000.0206
100000.0206
100000.0206
100000.0206
100000.0206
100000.0206
100000.0206
100000.0206
100000.0206
100000.0206
100000.0206
100000.0206
100000.0206
100000.0206
100000.0206
100000.0206
100000.0206
100000.0206
100000.0206
100000.0206
100000.0206
100000.0206
100000.0206
100000.0206
100000.0203
100000.0203
100000.0203
100000.0203
100000.0203
100000.0203
100000.0203
100000.0203
100000.0203
100000.0203
100000.0203
100000.0203
100000.0203
100000.0203
100000.0203
100000.0203
100000.0203
100000.0203
100000.0203
100000.0203
100000.0203
100000.0203
100000.0203
100000.0203
100000.0203
100000.0203
100000.0203
100000.0203
100000.0203
100000.0203
100000.0203
100000.0203
100000.0203
100000.0203
100000.0203
100000.0203
100000.0203
100000.0203
100000.0203
100000.0203
100000.0203
100000.0203
100000.0203
100000.0203
100000.0203
100000.0203
100000.0203
100000.0203
100000.0203
100000.0203
100000.02
100000.02
100000.02
100000.02
100000.02
100000.02
100000.02
100000.02
100000.02
100000.02
100000.02
100000.02
100000.02
100000.02
100000.02
100000.02
100000.02
100000.02
100000.02
100000.02
100000.02
100000.02
100000.02
100000.02
100000.02
100000.02
100000.02
100000.02
100000.02
100000.02
100000.02
100000.02
100000.02
100000.02
100000.02
100000.02
100000.02
100000.02
100000.02
100000.02
100000.02
100000.02
100000.02
100000.02
100000.02
100000.02
100000.02
100000.02
100000.02
100000.02
100000.0197
100000.0197
100000.0197
100000.0197
100000.0197
100000.0197
100000.0197
100000.0197
100000.0197
100000.0197
100000.0197
100000.0197
100000.0197
100000.0197
100000.0197
100000.0197
100000.0197
100000.0197
100000.0197
100000.0197
100000.0197
100000.0197
100000.0197
100000.0197
100000.0197
100000.0197
100000.0197
100000.0197
100000.0197
100000.0197
100000.0197
100000.0197
100000.0197
100000.0197
100000.0197
100000.0197
100000.0197
100000.0197
100000.0197
100000.0197
100000.0197
100000.0197
100000.0197
100000.0197
100000.0197
100000.0197
100000.0197
100000.0197
100000.0197
100000.0197
100000.0193
100000.0193
100000.0193
100000.0193
100000.0193
100000.0193
100000.0193
100000.0193
100000.0193
100000.0193
100000.0193
100000.0193
100000.0193
100000.0193
100000.0193
100000.0193
100000.0193
100000.0193
100000.0193
100000.0193
100000.0193
100000.0193
100000.0193
100000.0193
100000.0193
100000.0193
100000.0193
100000.0193
100000.0193
100000.0193
100000.0193
100000.0193
100000.0193
100000.0193
100000.0193
100000.0193
100000.0193
100000.0193
100000.0193
100000.0193
100000.0193
100000.0193
100000.0193
100000.0193
100000.0193
100000.0193
100000.0193
100000.0193
100000.0193
100000.0193
100000.019
100000.019
100000.019
100000.019
100000.019
100000.019
100000.019
100000.019
100000.019
100000.019
100000.019
100000.019
100000.019
100000.019
100000.019
100000.019
100000.019
100000.019
100000.019
100000.019
100000.019
100000.019
100000.019
100000.019
100000.019
100000.019
100000.019
100000.019
100000.019
100000.019
100000.019
100000.019
100000.019
100000.019
100000.019
100000.019
100000.019
100000.019
100000.019
100000.019
100000.019
100000.019
100000.019
100000.019
100000.019
100000.019
100000.019
100000.019
100000.019
100000.019
100000.0187
100000.0187
100000.0187
100000.0187
100000.0187
100000.0187
100000.0187
100000.0187
100000.0187
100000.0187
100000.0187
100000.0187
100000.0187
100000.0187
100000.0187
100000.0187
100000.0187
100000.0187
100000.0187
100000.0187
100000.0187
100000.0187
100000.0187
100000.0187
100000.0187
100000.0187
100000.0187
100000.0187
100000.0187
100000.0187
100000.0187
100000.0187
100000.0187
100000.0187
100000.0187
100000.0187
100000.0187
100000.0187
100000.0187
100000.0187
100000.0187
100000.0187
100000.0187
100000.0187
100000.0187
100000.0187
100000.0187
100000.0187
100000.0187
100000.0187
100000.0184
100000.0184
100000.0184
100000.0184
100000.0184
100000.0184
100000.0184
100000.0184
100000.0184
100000.0184
100000.0184
100000.0184
100000.0184
100000.0184
100000.0184
100000.0184
100000.0184
100000.0184
100000.0184
100000.0184
100000.0184
100000.0184
100000.0184
100000.0184
100000.0184
100000.0184
100000.0184
100000.0184
100000.0184
100000.0184
100000.0184
100000.0184
100000.0184
100000.0184
100000.0184
100000.0184
100000.0184
100000.0184
100000.0184
100000.0184
100000.0184
100000.0184
100000.0184
100000.0184
100000.0184
100000.0184
100000.0184
100000.0184
100000.0184
100000.0184
100000.0181
100000.0181
100000.0181
100000.0181
100000.0181
100000.0181
100000.0181
100000.0181
100000.0181
100000.0181
100000.0181
100000.0181
100000.0181
100000.0181
100000.0181
100000.0181
100000.0181
100000.0181
100000.0181
100000.0181
100000.0181
100000.0181
100000.0181
100000.0181
100000.0181
100000.0181
100000.0181
100000.0181
100000.0181
100000.0181
100000.0181
100000.0181
100000.0181
100000.0181
100000.0181
100000.0181
100000.0181
100000.0181
100000.0181
100000.0181
100000.0181
100000.0181
100000.0181
100000.0181
100000.0181
100000.0181
100000.0181
100000.0181
100000.0181
100000.0181
100000.0178
100000.0178
100000.0178
100000.0178
100000.0178
100000.0178
100000.0178
100000.0178
100000.0178
100000.0178
100000.0178
100000.0178
100000.0178
100000.0178
100000.0178
100000.0178
100000.0178
100000.0178
100000.0178
100000.0178
100000.0178
100000.0178
100000.0178
100000.0178
100000.0178
100000.0178
100000.0178
100000.0178
100000.0178
100000.0178
100000.0178
100000.0178
100000.0178
100000.0178
100000.0178
100000.0178
100000.0178
100000.0178
100000.0178
100000.0178
100000.0178
100000.0178
100000.0178
100000.0178
100000.0178
100000.0178
100000.0178
100000.0178
100000.0178
100000.0178
100000.0175
100000.0175
100000.0175
100000.0175
100000.0175
100000.0175
100000.0175
100000.0175
100000.0175
100000.0175
100000.0175
100000.0175
100000.0175
100000.0175
100000.0175
100000.0175
100000.0175
100000.0175
100000.0175
100000.0175
100000.0175
100000.0175
100000.0175
100000.0175
100000.0175
100000.0175
100000.0175
100000.0175
100000.0175
100000.0175
100000.0175
100000.0175
100000.0175
100000.0175
100000.0175
100000.0175
100000.0175
100000.0175
100000.0175
100000.0175
100000.0175
100000.0175
100000.0175
100000.0175
100000.0175
100000.0175
100000.0175
100000.0175
100000.0175
100000.0175
100000.0172
100000.0172
100000.0172
100000.0172
100000.0172
100000.0172
100000.0172
100000.0172
100000.0172
100000.0172
100000.0172
100000.0172
100000.0172
100000.0172
100000.0172
100000.0172
100000.0172
100000.0172
100000.0172
100000.0172
100000.0172
100000.0172
100000.0172
100000.0172
100000.0172
100000.0172
100000.0172
100000.0172
100000.0172
100000.0172
100000.0172
100000.0172
100000.0172
100000.0172
100000.0172
100000.0172
100000.0172
100000.0172
100000.0172
100000.0172
100000.0172
100000.0172
100000.0172
100000.0172
100000.0172
100000.0172
100000.0172
100000.0172
100000.0172
100000.0172
100000.0169
100000.0169
100000.0169
100000.0169
100000.0169
100000.0169
100000.0169
100000.0169
100000.0169
100000.0169
100000.0169
100000.0169
100000.0169
100000.0169
100000.0169
100000.0169
100000.0169
100000.0169
100000.0169
100000.0169
100000.0169
100000.0169
100000.0169
100000.0169
100000.0169
100000.0169
100000.0169
100000.0169
100000.0169
100000.0169
100000.0169
100000.0169
100000.0169
100000.0169
100000.0169
100000.0169
100000.0169
100000.0169
100000.0169
100000.0169
100000.0169
100000.0169
100000.0169
100000.0169
100000.0169
100000.0169
100000.0169
100000.0169
100000.0169
100000.0169
100000.0166
100000.0166
100000.0166
100000.0166
100000.0166
100000.0166
100000.0166
100000.0166
100000.0166
100000.0166
100000.0166
100000.0166
100000.0166
100000.0166
100000.0166
100000.0166
100000.0166
100000.0166
100000.0166
100000.0166
100000.0166
100000.0166
100000.0166
100000.0166
100000.0166
100000.0166
100000.0166
100000.0166
100000.0166
100000.0166
100000.0166
100000.0166
100000.0166
100000.0166
100000.0166
100000.0166
100000.0166
100000.0166
100000.0166
100000.0166
100000.0166
100000.0166
100000.0166
100000.0166
100000.0166
100000.0166
100000.0166
100000.0166
100000.0166
100000.0166
100000.0163
100000.0163
100000.0163
100000.0163
100000.0163
100000.0163
100000.0163
100000.0163
100000.0163
100000.0163
100000.0163
100000.0163
100000.0163
100000.0163
100000.0163
100000.0163
100000.0163
100000.0163
100000.0163
100000.0163
100000.0163
100000.0163
100000.0163
100000.0163
100000.0163
100000.0163
100000.0163
100000.0163
100000.0163
100000.0163
100000.0163
100000.0163
100000.0163
100000.0163
100000.0163
100000.0163
100000.0163
100000.0163
100000.0163
100000.0163
100000.0163
100000.0163
100000.0163
100000.0163
100000.0163
100000.0163
100000.0163
100000.0163
100000.0163
100000.0163
100000.0159
100000.0159
100000.0159
100000.0159
100000.0159
100000.0159
100000.0159
100000.0159
100000.0159
100000.0159
100000.0159
100000.0159
100000.0159
100000.0159
100000.0159
100000.0159
100000.0159
100000.0159
100000.0159
100000.0159
100000.0159
100000.0159
100000.0159
100000.0159
100000.0159
100000.0159
100000.0159
100000.0159
100000.0159
100000.0159
100000.0159
100000.0159
100000.0159
100000.0159
100000.0159
100000.0159
100000.0159
100000.0159
100000.0159
100000.0159
100000.0159
100000.0159
100000.0159
100000.0159
100000.0159
100000.0159
100000.0159
100000.0159
100000.0159
100000.0159
100000.0156
100000.0156
100000.0156
100000.0156
100000.0156
100000.0156
100000.0156
100000.0156
100000.0156
100000.0156
100000.0156
100000.0156
100000.0156
100000.0156
100000.0156
100000.0156
100000.0156
100000.0156
100000.0156
100000.0156
100000.0156
100000.0156
100000.0156
100000.0156
100000.0156
100000.0156
100000.0156
100000.0156
100000.0156
100000.0156
100000.0156
100000.0156
100000.0156
100000.0156
100000.0156
100000.0156
100000.0156
100000.0156
100000.0156
100000.0156
100000.0156
100000.0156
100000.0156
100000.0156
100000.0156
100000.0156
100000.0156
100000.0156
100000.0156
100000.0156
100000.0153
100000.0153
100000.0153
100000.0153
100000.0153
100000.0153
100000.0153
100000.0153
100000.0153
100000.0153
100000.0153
100000.0153
100000.0153
100000.0153
100000.0153
100000.0153
100000.0153
100000.0153
100000.0153
100000.0153
100000.0153
100000.0153
100000.0153
100000.0153
100000.0153
100000.0153
100000.0153
100000.0153
100000.0153
100000.0153
100000.0153
100000.0153
100000.0153
100000.0153
100000.0153
100000.0153
100000.0153
100000.0153
100000.0153
100000.0153
100000.0153
100000.0153
100000.0153
100000.0153
100000.0153
100000.0153
100000.0153
100000.0153
100000.0153
100000.0153
100000.015
100000.015
100000.015
100000.015
100000.015
100000.015
100000.015
100000.015
100000.015
100000.015
100000.015
100000.015
100000.015
100000.015
100000.015
100000.015
100000.015
100000.015
100000.015
100000.015
100000.015
100000.015
100000.015
100000.015
100000.015
100000.015
100000.015
100000.015
100000.015
100000.015
100000.015
100000.015
100000.015
100000.015
100000.015
100000.015
100000.015
100000.015
100000.015
100000.015
100000.015
100000.015
100000.015
100000.015
100000.015
100000.015
100000.015
100000.015
100000.015
100000.015
100000.0147
100000.0147
100000.0147
100000.0147
100000.0147
100000.0147
100000.0147
100000.0147
100000.0147
100000.0147
100000.0147
100000.0147
100000.0147
100000.0147
100000.0147
100000.0147
100000.0147
100000.0147
100000.0147
100000.0147
100000.0147
100000.0147
100000.0147
100000.0147
100000.0147
100000.0147
100000.0147
100000.0147
100000.0147
100000.0147
100000.0147
100000.0147
100000.0147
100000.0147
100000.0147
100000.0147
100000.0147
100000.0147
100000.0147
100000.0147
100000.0147
100000.0147
100000.0147
100000.0147
100000.0147
100000.0147
100000.0147
100000.0147
100000.0147
100000.0147
100000.0144
100000.0144
100000.0144
100000.0144
100000.0144
100000.0144
100000.0144
100000.0144
100000.0144
100000.0144
100000.0144
100000.0144
100000.0144
100000.0144
100000.0144
100000.0144
100000.0144
100000.0144
100000.0144
100000.0144
100000.0144
100000.0144
100000.0144
100000.0144
100000.0144
100000.0144
100000.0144
100000.0144
100000.0144
100000.0144
100000.0144
100000.0144
100000.0144
100000.0144
100000.0144
100000.0144
100000.0144
100000.0144
100000.0144
100000.0144
100000.0144
100000.0144
100000.0144
100000.0144
100000.0144
100000.0144
100000.0144
100000.0144
100000.0144
100000.0144
100000.0141
100000.0141
100000.0141
100000.0141
100000.0141
100000.0141
100000.0141
100000.0141
100000.0141
100000.0141
100000.0141
100000.0141
100000.0141
100000.0141
100000.0141
100000.0141
100000.0141
100000.0141
100000.0141
100000.0141
100000.0141
100000.0141
100000.0141
100000.0141
100000.0141
100000.0141
100000.0141
100000.0141
100000.0141
100000.0141
100000.0141
100000.0141
100000.0141
100000.0141
100000.0141
100000.0141
100000.0141
100000.0141
100000.0141
100000.0141
100000.0141
100000.0141
100000.0141
100000.0141
100000.0141
100000.0141
100000.0141
100000.0141
100000.0141
100000.0141
100000.0138
100000.0138
100000.0138
100000.0138
100000.0138
100000.0138
100000.0138
100000.0138
100000.0138
100000.0138
100000.0138
100000.0138
100000.0138
100000.0138
100000.0138
100000.0138
100000.0138
100000.0138
100000.0138
100000.0138
100000.0138
100000.0138
100000.0138
100000.0138
100000.0138
100000.0138
100000.0138
100000.0138
100000.0138
100000.0138
100000.0138
100000.0138
100000.0138
100000.0138
100000.0138
100000.0138
100000.0138
100000.0138
100000.0138
100000.0138
100000.0138
100000.0138
100000.0138
100000.0138
100000.0138
100000.0138
100000.0138
100000.0138
100000.0138
100000.0138
100000.0135
100000.0135
100000.0135
100000.0135
100000.0135
100000.0135
100000.0135
100000.0135
100000.0135
100000.0135
100000.0135
100000.0135
100000.0135
100000.0135
100000.0135
100000.0135
100000.0135
100000.0135
100000.0135
100000.0135
100000.0135
100000.0135
100000.0135
100000.0135
100000.0135
100000.0135
100000.0135
100000.0135
100000.0135
100000.0135
100000.0135
100000.0135
100000.0135
100000.0135
100000.0135
100000.0135
100000.0135
100000.0135
100000.0135
100000.0135
100000.0135
100000.0135
100000.0135
100000.0135
100000.0135
100000.0135
100000.0135
100000.0135
100000.0135
100000.0135
100000.0132
100000.0132
100000.0132
100000.0132
100000.0132
100000.0132
100000.0132
100000.0132
100000.0132
100000.0132
100000.0132
100000.0132
100000.0132
100000.0132
100000.0132
100000.0132
100000.0132
100000.0132
100000.0132
100000.0132
100000.0132
100000.0132
100000.0132
100000.0132
100000.0132
100000.0132
100000.0132
100000.0132
100000.0132
100000.0132
100000.0132
100000.0132
100000.0132
100000.0132
100000.0132
100000.0132
100000.0132
100000.0132
100000.0132
100000.0132
100000.0132
100000.0132
100000.0132
100000.0132
100000.0132
100000.0132
100000.0132
100000.0132
100000.0132
100000.0132
100000.0129
100000.0129
100000.0129
100000.0129
100000.0129
100000.0129
100000.0129
100000.0129
100000.0129
100000.0129
100000.0129
100000.0129
100000.0129
100000.0129
100000.0129
100000.0129
100000.0129
100000.0129
100000.0129
100000.0129
100000.0129
100000.0129
100000.0129
100000.0129
100000.0129
100000.0129
100000.0129
100000.0129
100000.0129
100000.0129
100000.0129
100000.0129
100000.0129
100000.0129
100000.0129
100000.0129
100000.0129
100000.0129
100000.0129
100000.0129
100000.0129
100000.0129
100000.0129
100000.0129
100000.0129
100000.0129
100000.0129
100000.0129
100000.0129
100000.0129
100000.0126
100000.0126
100000.0126
100000.0126
100000.0126
100000.0126
100000.0126
100000.0126
100000.0126
100000.0126
100000.0126
100000.0126
100000.0126
100000.0126
100000.0126
100000.0126
100000.0126
100000.0126
100000.0126
100000.0126
100000.0126
100000.0126
100000.0126
100000.0126
100000.0126
100000.0126
100000.0126
100000.0126
100000.0126
100000.0126
100000.0126
100000.0126
100000.0126
100000.0126
100000.0126
100000.0126
100000.0126
100000.0126
100000.0126
100000.0126
100000.0126
100000.0126
100000.0126
100000.0126
100000.0126
100000.0126
100000.0126
100000.0126
100000.0126
100000.0126
100000.0123
100000.0123
100000.0123
100000.0123
100000.0123
100000.0123
100000.0123
100000.0123
100000.0123
100000.0123
100000.0123
100000.0123
100000.0123
100000.0123
100000.0123
100000.0123
100000.0123
100000.0123
100000.0123
100000.0123
100000.0123
100000.0123
100000.0123
100000.0123
100000.0123
100000.0123
100000.0123
100000.0123
100000.0123
100000.0123
100000.0123
100000.0123
100000.0123
100000.0123
100000.0123
100000.0123
100000.0123
100000.0123
100000.0123
100000.0123
100000.0123
100000.0123
100000.0123
100000.0123
100000.0123
100000.0123
100000.0123
100000.0123
100000.0123
100000.0123
100000.012
100000.012
100000.012
100000.012
100000.012
100000.012
100000.012
100000.012
100000.012
100000.012
100000.012
100000.012
100000.012
100000.012
100000.012
100000.012
100000.012
100000.012
100000.012
100000.012
100000.012
100000.012
100000.012
100000.012
100000.012
100000.012
100000.012
100000.012
100000.012
100000.012
100000.012
100000.012
100000.012
100000.012
100000.012
100000.012
100000.012
100000.012
100000.012
100000.012
100000.012
100000.012
100000.012
100000.012
100000.012
100000.012
100000.012
100000.012
100000.012
100000.012
100000.0117
100000.0117
100000.0117
100000.0117
100000.0117
100000.0117
100000.0117
100000.0117
100000.0117
100000.0117
100000.0117
100000.0117
100000.0117
100000.0117
100000.0117
100000.0117
100000.0117
100000.0117
100000.0117
100000.0117
100000.0117
100000.0117
100000.0117
100000.0117
100000.0117
100000.0117
100000.0117
100000.0117
100000.0117
100000.0117
100000.0117
100000.0117
100000.0117
100000.0117
100000.0117
100000.0117
100000.0117
100000.0117
100000.0117
100000.0117
100000.0117
100000.0117
100000.0117
100000.0117
100000.0117
100000.0117
100000.0117
100000.0117
100000.0117
100000.0117
100000.0114
100000.0114
100000.0114
100000.0114
100000.0114
100000.0114
100000.0114
100000.0114
100000.0114
100000.0114
100000.0114
100000.0114
100000.0114
100000.0114
100000.0114
100000.0114
100000.0114
100000.0114
100000.0114
100000.0114
100000.0114
100000.0114
100000.0114
100000.0114
100000.0114
100000.0114
100000.0114
100000.0114
100000.0114
100000.0114
100000.0114
100000.0114
100000.0114
100000.0114
100000.0114
100000.0114
100000.0114
100000.0114
100000.0114
100000.0114
100000.0114
100000.0114
100000.0114
100000.0114
100000.0114
100000.0114
100000.0114
100000.0114
100000.0114
100000.0114
100000.0112
100000.0112
100000.0112
100000.0112
100000.0112
100000.0112
100000.0112
100000.0112
100000.0112
100000.0112
100000.0112
100000.0112
100000.0112
100000.0112
100000.0112
100000.0112
100000.0112
100000.0112
100000.0112
100000.0112
100000.0112
100000.0112
100000.0112
100000.0112
100000.0112
100000.0112
100000.0112
100000.0112
100000.0112
100000.0112
100000.0112
100000.0112
100000.0112
100000.0112
100000.0112
100000.0112
100000.0112
100000.0112
100000.0112
100000.0112
100000.0112
100000.0112
100000.0112
100000.0112
100000.0112
100000.0112
100000.0112
100000.0112
100000.0112
100000.0112
100000.0109
100000.0109
100000.0109
100000.0109
100000.0109
100000.0109
100000.0109
100000.0109
100000.0109
100000.0109
100000.0109
100000.0109
100000.0109
100000.0109
100000.0109
100000.0109
100000.0109
100000.0109
100000.0109
100000.0109
100000.0109
100000.0109
100000.0109
100000.0109
100000.0109
100000.0109
100000.0109
100000.0109
100000.0109
100000.0109
100000.0109
100000.0109
100000.0109
100000.0109
100000.0109
100000.0109
100000.0109
100000.0109
100000.0109
100000.0109
100000.0109
100000.0109
100000.0109
100000.0109
100000.0109
100000.0109
100000.0109
100000.0109
100000.0109
100000.0109
100000.0106
100000.0106
100000.0106
100000.0106
100000.0106
100000.0106
100000.0106
100000.0106
100000.0106
100000.0106
100000.0106
100000.0106
100000.0106
100000.0106
100000.0106
100000.0106
100000.0106
100000.0106
100000.0106
100000.0106
100000.0106
100000.0106
100000.0106
100000.0106
100000.0106
100000.0106
100000.0106
100000.0106
100000.0106
100000.0106
100000.0106
100000.0106
100000.0106
100000.0106
100000.0106
100000.0106
100000.0106
100000.0106
100000.0106
100000.0106
100000.0106
100000.0106
100000.0106
100000.0106
100000.0106
100000.0106
100000.0106
100000.0106
100000.0106
100000.0106
100000.0103
100000.0103
100000.0103
100000.0103
100000.0103
100000.0103
100000.0103
100000.0103
100000.0103
100000.0103
100000.0103
100000.0103
100000.0103
100000.0103
100000.0103
100000.0103
100000.0103
100000.0103
100000.0103
100000.0103
100000.0103
100000.0103
100000.0103
100000.0103
100000.0103
100000.0103
100000.0103
100000.0103
100000.0103
100000.0103
100000.0103
100000.0103
100000.0103
100000.0103
100000.0103
100000.0103
100000.0103
100000.0103
100000.0103
100000.0103
100000.0103
100000.0103
100000.0103
100000.0103
100000.0103
100000.0103
100000.0103
100000.0103
100000.0103
100000.0103
100000.01
100000.01
100000.01
100000.01
100000.01
100000.01
100000.01
100000.01
100000.01
100000.01
100000.01
100000.01
100000.01
100000.01
100000.01
100000.01
100000.01
100000.01
100000.01
100000.01
100000.01
100000.01
100000.01
100000.01
100000.01
100000.01
100000.01
100000.01
100000.01
100000.01
100000.01
100000.01
100000.01
100000.01
100000.01
100000.01
100000.01
100000.01
100000.01
100000.01
100000.01
100000.01
100000.01
100000.01
100000.01
100000.01
100000.01
100000.01
100000.01
100000.01
100000.0097
100000.0097
100000.0097
100000.0097
100000.0097
100000.0097
100000.0097
100000.0097
100000.0097
100000.0097
100000.0097
100000.0097
100000.0097
100000.0097
100000.0097
100000.0097
100000.0097
100000.0097
100000.0097
100000.0097
100000.0097
100000.0097
100000.0097
100000.0097
100000.0097
100000.0097
100000.0097
100000.0097
100000.0097
100000.0097
100000.0097
100000.0097
100000.0097
100000.0097
100000.0097
100000.0097
100000.0097
100000.0097
100000.0097
100000.0097
100000.0097
100000.0097
100000.0097
100000.0097
100000.0097
100000.0097
100000.0097
100000.0097
100000.0097
100000.0097
100000.0094
100000.0094
100000.0094
100000.0094
100000.0094
100000.0094
100000.0094
100000.0094
100000.0094
100000.0094
100000.0094
100000.0094
100000.0094
100000.0094
100000.0094
100000.0094
100000.0094
100000.0094
100000.0094
100000.0094
100000.0094
100000.0094
100000.0094
100000.0094
100000.0094
100000.0094
100000.0094
100000.0094
100000.0094
100000.0094
100000.0094
100000.0094
100000.0094
100000.0094
100000.0094
100000.0094
100000.0094
100000.0094
100000.0094
100000.0094
100000.0094
100000.0094
100000.0094
100000.0094
100000.0094
100000.0094
100000.0094
100000.0094
100000.0094
100000.0094
100000.0091
100000.0091
100000.0091
100000.0091
100000.0091
100000.0091
100000.0091
100000.0091
100000.0091
100000.0091
100000.0091
100000.0091
100000.0091
100000.0091
100000.0091
100000.0091
100000.0091
100000.0091
100000.0091
100000.0091
100000.0091
100000.0091
100000.0091
100000.0091
100000.0091
100000.0091
100000.0091
100000.0091
100000.0091
100000.0091
100000.0091
100000.0091
100000.0091
100000.0091
100000.0091
100000.0091
100000.0091
100000.0091
100000.0091
100000.0091
100000.0091
100000.0091
100000.0091
100000.0091
100000.0091
100000.0091
100000.0091
100000.0091
100000.0091
100000.0091
100000.0088
100000.0088
100000.0088
100000.0088
100000.0088
100000.0088
100000.0088
100000.0088
100000.0088
100000.0088
100000.0088
100000.0088
100000.0088
100000.0088
100000.0088
100000.0088
100000.0088
100000.0088
100000.0088
100000.0088
100000.0088
100000.0088
100000.0088
100000.0088
100000.0088
100000.0088
100000.0088
100000.0088
100000.0088
100000.0088
100000.0088
100000.0088
100000.0088
100000.0088
100000.0088
100000.0088
100000.0088
100000.0088
100000.0088
100000.0088
100000.0088
100000.0088
100000.0088
100000.0088
100000.0088
100000.0088
100000.0088
100000.0088
100000.0088
100000.0088
100000.0085
100000.0085
100000.0085
100000.0085
100000.0085
100000.0085
100000.0085
100000.0085
100000.0085
100000.0085
100000.0085
100000.0085
100000.0085
100000.0085
100000.0085
100000.0085
100000.0085
100000.0085
100000.0085
100000.0085
100000.0085
100000.0085
100000.0085
100000.0085
100000.0085
100000.0085
100000.0085
100000.0085
100000.0085
100000.0085
100000.0085
100000.0085
100000.0085
100000.0085
100000.0085
100000.0085
100000.0085
100000.0085
100000.0085
100000.0085
100000.0085
100000.0085
100000.0085
100000.0085
100000.0085
100000.0085
100000.0085
100000.0085
100000.0085
100000.0085
100000.0082
100000.0082
100000.0082
100000.0082
100000.0082
100000.0082
100000.0082
100000.0082
100000.0082
100000.0082
100000.0082
100000.0082
100000.0082
100000.0082
100000.0082
100000.0082
100000.0082
100000.0082
100000.0082
100000.0082
100000.0082
100000.0082
100000.0082
100000.0082
100000.0082
100000.0082
100000.0082
100000.0082
100000.0082
100000.0082
100000.0082
100000.0082
100000.0082
100000.0082
100000.0082
100000.0082
100000.0082
100000.0082
100000.0082
100000.0082
100000.0082
100000.0082
100000.0082
100000.0082
100000.0082
100000.0082
100000.0082
100000.0082
100000.0082
100000.0082
100000.008
100000.008
100000.008
100000.008
100000.008
100000.008
100000.008
100000.008
100000.008
100000.008
100000.008
100000.008
100000.008
100000.008
100000.008
100000.008
100000.008
100000.008
100000.008
100000.008
100000.008
100000.008
100000.008
100000.008
100000.008
100000.008
100000.008
100000.008
100000.008
100000.008
100000.008
100000.008
100000.008
100000.008
100000.008
100000.008
100000.008
100000.008
100000.008
100000.008
100000.008
100000.008
100000.008
100000.008
100000.008
100000.008
100000.008
100000.008
100000.008
100000.008
100000.0077
100000.0077
100000.0077
100000.0077
100000.0077
100000.0077
100000.0077
100000.0077
100000.0077
100000.0077
100000.0077
100000.0077
100000.0077
100000.0077
100000.0077
100000.0077
100000.0077
100000.0077
100000.0077
100000.0077
100000.0077
100000.0077
100000.0077
100000.0077
100000.0077
100000.0077
100000.0077
100000.0077
100000.0077
100000.0077
100000.0077
100000.0077
100000.0077
100000.0077
100000.0077
100000.0077
100000.0077
100000.0077
100000.0077
100000.0077
100000.0077
100000.0077
100000.0077
100000.0077
100000.0077
100000.0077
100000.0077
100000.0077
100000.0077
100000.0077
100000.0074
100000.0074
100000.0074
100000.0074
100000.0074
100000.0074
100000.0074
100000.0074
100000.0074
100000.0074
100000.0074
100000.0074
100000.0074
100000.0074
100000.0074
100000.0074
100000.0074
100000.0074
100000.0074
100000.0074
100000.0074
100000.0074
100000.0074
100000.0074
100000.0074
100000.0074
100000.0074
100000.0074
100000.0074
100000.0074
100000.0074
100000.0074
100000.0074
100000.0074
100000.0074
100000.0074
100000.0074
100000.0074
100000.0074
100000.0074
100000.0074
100000.0074
100000.0074
100000.0074
100000.0074
100000.0074
100000.0074
100000.0074
100000.0074
100000.0074
100000.0071
100000.0071
100000.0071
100000.0071
100000.0071
100000.0071
100000.0071
100000.0071
100000.0071
100000.0071
100000.0071
100000.0071
100000.0071
100000.0071
100000.0071
100000.0071
100000.0071
100000.0071
100000.0071
100000.0071
100000.0071
100000.0071
100000.0071
100000.0071
100000.0071
100000.0071
100000.0071
100000.0071
100000.0071
100000.0071
100000.0071
100000.0071
100000.0071
100000.0071
100000.0071
100000.0071
100000.0071
100000.0071
100000.0071
100000.0071
100000.0071
100000.0071
100000.0071
100000.0071
100000.0071
100000.0071
100000.0071
100000.0071
100000.0071
100000.0071
100000.0068
100000.0068
100000.0068
100000.0068
100000.0068
100000.0068
100000.0068
100000.0068
100000.0068
100000.0068
100000.0068
100000.0068
100000.0068
100000.0068
100000.0068
100000.0068
100000.0068
100000.0068
100000.0068
100000.0068
100000.0068
100000.0068
100000.0068
100000.0068
100000.0068
100000.0068
100000.0068
100000.0068
100000.0068
100000.0068
100000.0068
100000.0068
100000.0068
100000.0068
100000.0068
100000.0068
100000.0068
100000.0068
100000.0068
100000.0068
100000.0068
100000.0068
100000.0068
100000.0068
100000.0068
100000.0068
100000.0068
100000.0068
100000.0068
100000.0068
100000.0065
100000.0065
100000.0065
100000.0065
100000.0065
100000.0065
100000.0065
100000.0065
100000.0065
100000.0065
100000.0065
100000.0065
100000.0065
100000.0065
100000.0065
100000.0065
100000.0065
100000.0065
100000.0065
100000.0065
100000.0065
100000.0065
100000.0065
100000.0065
100000.0065
100000.0065
100000.0065
100000.0065
100000.0065
100000.0065
100000.0065
100000.0065
100000.0065
100000.0065
100000.0065
100000.0065
100000.0065
100000.0065
100000.0065
100000.0065
100000.0065
100000.0065
100000.0065
100000.0065
100000.0065
100000.0065
100000.0065
100000.0065
100000.0065
100000.0065
100000.0062
100000.0062
100000.0062
100000.0062
100000.0062
100000.0062
100000.0062
100000.0062
100000.0062
100000.0062
100000.0062
100000.0062
100000.0062
100000.0062
100000.0062
100000.0062
100000.0062
100000.0062
100000.0062
100000.0062
100000.0062
100000.0062
100000.0062
100000.0062
100000.0062
100000.0062
100000.0062
100000.0062
100000.0062
100000.0062
100000.0062
100000.0062
100000.0062
100000.0062
100000.0062
100000.0062
100000.0062
100000.0062
100000.0062
100000.0062
100000.0062
100000.0062
100000.0062
100000.0062
100000.0062
100000.0062
100000.0062
100000.0062
100000.0062
100000.0062
100000.006
100000.006
100000.006
100000.006
100000.006
100000.006
100000.006
100000.006
100000.006
100000.006
100000.006
100000.006
100000.006
100000.006
100000.006
100000.006
100000.006
100000.006
100000.006
100000.006
100000.006
100000.006
100000.006
100000.006
100000.006
100000.006
100000.006
100000.006
100000.006
100000.006
100000.006
100000.006
100000.006
100000.006
100000.006
100000.006
100000.006
100000.006
100000.006
100000.006
100000.006
100000.006
100000.006
100000.006
100000.006
100000.006
100000.006
100000.006
100000.006
100000.006
100000.0057
100000.0057
100000.0057
100000.0057
100000.0057
100000.0057
100000.0057
100000.0057
100000.0057
100000.0057
100000.0057
100000.0057
100000.0057
100000.0057
100000.0057
100000.0057
100000.0057
100000.0057
100000.0057
100000.0057
100000.0057
100000.0057
100000.0057
100000.0057
100000.0057
100000.0057
100000.0057
100000.0057
100000.0057
100000.0057
100000.0057
100000.0057
100000.0057
100000.0057
100000.0057
100000.0057
100000.0057
100000.0057
100000.0057
100000.0057
100000.0057
100000.0057
100000.0057
100000.0057
100000.0057
100000.0057
100000.0057
100000.0057
100000.0057
100000.0057
100000.0054
100000.0054
100000.0054
100000.0054
100000.0054
100000.0054
100000.0054
100000.0054
100000.0054
100000.0054
100000.0054
100000.0054
100000.0054
100000.0054
100000.0054
100000.0054
100000.0054
100000.0054
100000.0054
100000.0054
100000.0054
100000.0054
100000.0054
100000.0054
100000.0054
100000.0054
100000.0054
100000.0054
100000.0054
100000.0054
100000.0054
100000.0054
100000.0054
100000.0054
100000.0054
100000.0054
100000.0054
100000.0054
100000.0054
100000.0054
100000.0054
100000.0054
100000.0054
100000.0054
100000.0054
100000.0054
100000.0054
100000.0054
100000.0054
100000.0054
100000.0051
100000.0051
100000.0051
100000.0051
100000.0051
100000.0051
100000.0051
100000.0051
100000.0051
100000.0051
100000.0051
100000.0051
100000.0051
100000.0051
100000.0051
100000.0051
100000.0051
100000.0051
100000.0051
100000.0051
100000.0051
100000.0051
100000.0051
100000.0051
100000.0051
100000.0051
100000.0051
100000.0051
100000.0051
100000.0051
100000.0051
100000.0051
100000.0051
100000.0051
100000.0051
100000.0051
100000.0051
100000.0051
100000.0051
100000.0051
100000.0051
100000.0051
100000.0051
100000.0051
100000.0051
100000.0051
100000.0051
100000.0051
100000.0051
100000.0051
100000.0049
100000.0049
100000.0049
100000.0049
100000.0049
100000.0049
100000.0049
100000.0049
100000.0049
100000.0049
100000.0049
100000.0049
100000.0049
100000.0049
100000.0049
100000.0049
100000.0049
100000.0049
100000.0049
100000.0049
100000.0049
100000.0049
100000.0049
100000.0049
100000.0049
100000.0049
100000.0049
100000.0049
100000.0049
100000.0049
100000.0049
100000.0049
100000.0049
100000.0049
100000.0049
100000.0049
100000.0049
100000.0049
100000.0049
100000.0049
100000.0049
100000.0049
100000.0049
100000.0049
100000.0049
100000.0049
100000.0049
100000.0049
100000.0049
100000.0049
100000.0045
100000.0045
100000.0045
100000.0045
100000.0045
100000.0045
100000.0045
100000.0045
100000.0045
100000.0045
100000.0045
100000.0045
100000.0045
100000.0045
100000.0045
100000.0045
100000.0045
100000.0045
100000.0045
100000.0045
100000.0045
100000.0045
100000.0045
100000.0045
100000.0045
100000.0045
100000.0045
100000.0045
100000.0045
100000.0045
100000.0045
100000.0045
100000.0045
100000.0045
100000.0045
100000.0045
100000.0045
100000.0045
100000.0045
100000.0045
100000.0045
100000.0045
100000.0045
100000.0045
100000.0045
100000.0045
100000.0045
100000.0045
100000.0045
100000.0045
100000.0043
100000.0043
100000.0043
100000.0043
100000.0043
100000.0043
100000.0043
100000.0043
100000.0043
100000.0043
100000.0043
100000.0043
100000.0043
100000.0043
100000.0043
100000.0043
100000.0043
100000.0043
100000.0043
100000.0043
100000.0043
100000.0043
100000.0043
100000.0043
100000.0043
100000.0043
100000.0043
100000.0043
100000.0043
100000.0043
100000.0043
100000.0043
100000.0043
100000.0043
100000.0043
100000.0043
100000.0043
100000.0043
100000.0043
100000.0043
100000.0043
100000.0043
100000.0043
100000.0043
100000.0043
100000.0043
100000.0043
100000.0043
100000.0043
100000.0043
100000.004
100000.004
100000.004
100000.004
100000.004
100000.004
100000.004
100000.004
100000.004
100000.004
100000.004
100000.004
100000.004
100000.004
100000.004
100000.004
100000.004
100000.004
100000.004
100000.004
100000.004
100000.004
100000.004
100000.004
100000.004
100000.004
100000.004
100000.004
100000.004
100000.004
100000.004
100000.004
100000.004
100000.004
100000.004
100000.004
100000.004
100000.004
100000.004
100000.004
100000.004
100000.004
100000.004
100000.004
100000.004
100000.004
100000.004
100000.004
100000.004
100000.004
100000.0038
100000.0038
100000.0038
100000.0038
100000.0038
100000.0038
100000.0038
100000.0038
100000.0038
100000.0038
100000.0038
100000.0038
100000.0038
100000.0038
100000.0038
100000.0038
100000.0038
100000.0038
100000.0038
100000.0038
100000.0038
100000.0038
100000.0038
100000.0038
100000.0038
100000.0038
100000.0038
100000.0038
100000.0038
100000.0038
100000.0038
100000.0038
100000.0038
100000.0038
100000.0038
100000.0038
100000.0038
100000.0038
100000.0038
100000.0038
100000.0038
100000.0038
100000.0038
100000.0038
100000.0038
100000.0038
100000.0038
100000.0038
100000.0038
100000.0038
100000.0034
100000.0034
100000.0034
100000.0034
100000.0034
100000.0034
100000.0034
100000.0034
100000.0034
100000.0034
100000.0034
100000.0034
100000.0034
100000.0034
100000.0034
100000.0034
100000.0034
100000.0034
100000.0034
100000.0034
100000.0034
100000.0034
100000.0034
100000.0034
100000.0034
100000.0034
100000.0034
100000.0034
100000.0034
100000.0034
100000.0034
100000.0034
100000.0034
100000.0034
100000.0034
100000.0034
100000.0034
100000.0034
100000.0034
100000.0034
100000.0034
100000.0034
100000.0034
100000.0034
100000.0034
100000.0034
100000.0034
100000.0034
100000.0034
100000.0034
100000.0033
100000.0033
100000.0033
100000.0033
100000.0033
100000.0033
100000.0033
100000.0033
100000.0033
100000.0033
100000.0033
100000.0033
100000.0033
100000.0033
100000.0033
100000.0033
100000.0033
100000.0033
100000.0033
100000.0033
100000.0033
100000.0033
100000.0033
100000.0033
100000.0033
100000.0033
100000.0033
100000.0033
100000.0033
100000.0033
100000.0033
100000.0033
100000.0033
100000.0033
100000.0033
100000.0033
100000.0033
100000.0033
100000.0033
100000.0033
100000.0033
100000.0033
100000.0033
100000.0033
100000.0033
100000.0033
100000.0033
100000.0033
100000.0033
100000.0033
100000.0027
100000.0027
100000.0027
100000.0027
100000.0027
100000.0027
100000.0027
100000.0027
100000.0027
100000.0027
100000.0027
100000.0027
100000.0027
100000.0027
100000.0027
100000.0027
100000.0027
100000.0027
100000.0027
100000.0027
100000.0027
100000.0027
100000.0027
100000.0027
100000.0027
100000.0027
100000.0027
100000.0027
100000.0027
100000.0027
100000.0027
100000.0027
100000.0027
100000.0027
100000.0027
100000.0027
100000.0027
100000.0027
100000.0027
100000.0027
100000.0027
100000.0027
100000.0027
100000.0027
100000.0027
100000.0027
100000.0027
100000.0027
100000.0027
100000.0027
100000.0028
100000.0028
100000.0028
100000.0028
100000.0028
100000.0028
100000.0028
100000.0028
100000.0028
100000.0028
100000.0028
100000.0028
100000.0028
100000.0028
100000.0028
100000.0028
100000.0028
100000.0028
100000.0028
100000.0028
100000.0028
100000.0028
100000.0028
100000.0028
100000.0028
100000.0028
100000.0028
100000.0028
100000.0028
100000.0028
100000.0028
100000.0028
100000.0028
100000.0028
100000.0028
100000.0028
100000.0028
100000.0028
100000.0028
100000.0028
100000.0028
100000.0028
100000.0028
100000.0028
100000.0028
100000.0028
100000.0028
100000.0028
100000.0028
100000.0028
100000.002
100000.002
100000.002
100000.002
100000.002
100000.002
100000.002
100000.002
100000.002
100000.002
100000.002
100000.002
100000.002
100000.002
100000.002
100000.002
100000.002
100000.002
100000.002
100000.002
100000.002
100000.002
100000.002
100000.002
100000.002
100000.002
100000.002
100000.002
100000.002
100000.002
100000.002
100000.002
100000.002
100000.002
100000.002
100000.002
100000.002
100000.002
100000.002
100000.002
100000.002
100000.002
100000.002
100000.002
100000.002
100000.002
100000.002
100000.002
100000.002
100000.002
100000.0025
100000.0025
100000.0025
100000.0025
100000.0025
100000.0025
100000.0025
100000.0025
100000.0025
100000.0025
100000.0025
100000.0025
100000.0025
100000.0025
100000.0025
100000.0025
100000.0025
100000.0025
100000.0025
100000.0025
100000.0025
100000.0025
100000.0025
100000.0025
100000.0025
100000.0025
100000.0025
100000.0025
100000.0025
100000.0025
100000.0025
100000.0025
100000.0025
100000.0025
100000.0025
100000.0025
100000.0025
100000.0025
100000.0025
100000.0025
100000.0025
100000.0025
100000.0025
100000.0025
100000.0025
100000.0025
100000.0025
100000.0025
100000.0025
100000.0025
100000.0012
100000.0012
100000.0012
100000.0012
100000.0012
100000.0012
100000.0012
100000.0012
100000.0012
100000.0012
100000.0012
100000.0012
100000.0012
100000.0012
100000.0012
100000.0012
100000.0012
100000.0012
100000.0012
100000.0012
100000.0012
100000.0012
100000.0012
100000.0012
100000.0012
100000.0012
100000.0012
100000.0012
100000.0012
100000.0012
100000.0012
100000.0012
100000.0012
100000.0012
100000.0012
100000.0012
100000.0012
100000.0012
100000.0012
100000.0012
100000.0012
100000.0012
100000.0012
100000.0012
100000.0012
100000.0012
100000.0012
100000.0012
100000.0012
100000.0012
100000.0023
100000.0023
100000.0023
100000.0023
100000.0023
100000.0023
100000.0023
100000.0023
100000.0023
100000.0023
100000.0023
100000.0023
100000.0023
100000.0023
100000.0023
100000.0023
100000.0023
100000.0023
100000.0023
100000.0023
100000.0023
100000.0023
100000.0023
100000.0023
100000.0023
100000.0023
100000.0023
100000.0023
100000.0023
100000.0023
100000.0023
100000.0023
100000.0023
100000.0023
100000.0023
100000.0023
100000.0023
100000.0023
100000.0023
100000.0023
100000.0023
100000.0023
100000.0023
100000.0023
100000.0023
100000.0023
100000.0023
100000.0023
100000.0023
100000.0023
100000.0002
100000.0002
100000.0002
100000.0002
100000.0002
100000.0002
100000.0002
100000.0002
100000.0002
100000.0002
100000.0002
100000.0002
100000.0002
100000.0002
100000.0002
100000.0002
100000.0002
100000.0002
100000.0002
100000.0002
100000.0002
100000.0002
100000.0002
100000.0002
100000.0002
100000.0002
100000.0002
100000.0002
100000.0002
100000.0002
100000.0002
100000.0002
100000.0002
100000.0002
100000.0002
100000.0002
100000.0002
100000.0002
100000.0002
100000.0002
100000.0002
100000.0002
100000.0002
100000.0002
100000.0002
100000.0002
100000.0002
100000.0002
100000.0002
100000.0002
100000.0024
100000.0024
100000.0024
100000.0024
100000.0024
100000.0024
100000.0024
100000.0024
100000.0024
100000.0024
100000.0024
100000.0024
100000.0024
100000.0024
100000.0024
100000.0024
100000.0025
100000.0025
100000.0025
100000.0025
100000.0025
100000.0025
100000.0025
100000.0025
100000.0025
100000.0025
100000.0025
100000.0025
100000.0025
100000.0025
100000.0025
100000.0025
100000.0025
100000.0025
100000.0025
100000.0025
100000.0025
100000.0025
100000.0025
100000.0025
100000.0025
100000.0025
100000.0025
100000.0025
100000.0025
100000.0025
100000.0025
100000.0025
100000.0025
100000.0025
99999.99867
99999.99868
99999.99868
99999.99868
99999.99868
99999.99868
99999.99868
99999.99868
99999.99868
99999.99868
99999.99868
99999.99868
99999.99868
99999.99867
99999.99867
99999.99867
99999.99867
99999.99867
99999.99867
99999.99866
99999.99866
99999.99866
99999.99866
99999.99866
99999.99865
99999.99865
99999.99865
99999.99865
99999.99865
99999.99865
99999.99864
99999.99864
99999.99864
99999.99864
99999.99864
99999.99864
99999.99864
99999.99864
99999.99864
99999.99864
99999.99864
99999.99864
99999.99864
99999.99864
99999.99864
99999.99865
99999.99865
99999.99865
99999.99865
99999.99865
100000.0033
100000.0032
100000.0032
100000.0032
100000.0032
100000.0032
100000.0032
100000.0032
100000.0032
100000.0032
100000.0032
100000.0032
100000.0032
100000.0032
100000.0032
100000.0032
100000.0033
100000.0033
100000.0033
100000.0033
100000.0033
100000.0033
100000.0033
100000.0033
100000.0033
100000.0033
100000.0033
100000.0033
100000.0033
100000.0033
100000.0033
100000.0033
100000.0033
100000.0033
100000.0033
100000.0033
100000.0033
100000.0033
100000.0033
100000.0033
100000.0033
100000.0033
100000.0033
100000.0033
100000.0033
100000.0033
100000.0033
100000.0033
100000.0033
100000.0033
99999.99619
99999.99621
99999.99621
99999.99622
99999.99622
99999.99622
99999.99622
99999.99622
99999.99622
99999.99622
99999.99623
99999.99623
99999.99623
99999.99623
99999.99623
99999.99623
99999.99623
99999.99623
99999.99624
99999.99624
99999.99624
99999.99624
99999.99624
99999.99624
99999.99624
99999.99624
99999.99624
99999.99625
99999.99625
99999.99625
99999.99625
99999.99625
99999.99625
99999.99625
99999.99625
99999.99625
99999.99625
99999.99626
99999.99626
99999.99626
99999.99626
99999.99626
99999.99627
99999.99627
99999.99627
99999.99628
99999.99628
99999.99629
99999.99629
99999.99629
100000.0054
100000.0054
100000.0054
100000.0054
100000.0054
100000.0054
100000.0054
100000.0054
100000.0054
100000.0054
100000.0054
100000.0054
100000.0054
100000.0054
100000.0054
100000.0054
100000.0054
100000.0054
100000.0053
100000.0053
100000.0053
100000.0053
100000.0053
100000.0053
100000.0053
100000.0053
100000.0053
100000.0053
100000.0053
100000.0053
100000.0053
100000.0053
100000.0053
100000.0053
100000.0053
100000.0053
100000.0053
100000.0052
100000.0052
100000.0052
100000.0052
100000.0052
100000.0052
100000.0052
100000.0052
100000.0052
100000.0052
100000.0052
100000.0052
100000.0052
99999.99111
99999.99115
99999.99116
99999.99118
99999.9912
99999.99122
99999.99125
99999.99128
99999.99131
99999.99134
99999.99137
99999.99141
99999.99144
99999.99148
99999.99152
99999.99156
99999.9916
99999.99165
99999.99169
99999.99173
99999.99178
99999.99182
99999.99187
99999.99191
99999.99196
99999.992
99999.99204
99999.99208
99999.99213
99999.99217
99999.9922
99999.99224
99999.99228
99999.99231
99999.99234
99999.99237
99999.9924
99999.99242
99999.99245
99999.99247
99999.99249
99999.9925
99999.99252
99999.99253
99999.99254
99999.99255
99999.99256
99999.99256
99999.99256
99999.99255
100000.0115
100000.0114
100000.0114
100000.0114
100000.0114
100000.0113
100000.0113
100000.0112
100000.0112
100000.0111
100000.0111
100000.011
100000.0109
100000.0109
100000.0108
100000.0107
100000.0106
100000.0105
100000.0104
100000.0104
100000.0103
100000.0102
100000.0101
100000.01
100000.0099
100000.0098
100000.0097
100000.0096
100000.0095
100000.0094
100000.0094
100000.0093
100000.0092
100000.0091
100000.0091
100000.009
100000.0089
100000.0089
100000.0088
100000.0088
100000.0087
100000.0087
100000.0087
100000.0086
100000.0086
100000.0086
100000.0086
100000.0086
100000.0086
100000.0086
99999.96956
99999.97001
99999.97062
99999.97143
99999.97229
99999.97311
99999.97384
99999.97445
99999.97496
99999.9754
99999.9758
99999.9762
99999.97659
99999.97701
99999.97744
99999.97781
99999.97823
99999.97876
99999.97924
99999.97973
99999.98023
99999.98073
99999.98123
99999.98173
99999.98223
99999.98272
99999.9832
99999.98368
99999.98415
99999.9846
99999.98504
99999.98546
99999.98587
99999.98626
99999.98663
99999.98697
99999.9873
99999.9876
99999.98788
99999.98812
99999.98835
99999.98854
99999.9887
99999.98884
99999.98894
99999.989
99999.98904
99999.98905
99999.98901
99999.98886
)
;

boundaryField
{
    axis
    {
        type            empty;
    }
    inlet
    {
        type            zeroGradient;
    }
    wall
    {
        type            zeroGradient;
    }
    outlet
    {
        type            fixedValue;
        value           uniform 100000;
    }
    front
    {
        type            wedge;
    }
    back
    {
        type            wedge;
    }
}


// ************************************************************************* //
