/*--------------------------------*- C++ -*----------------------------------*\
| =========                 |                                                 |
| \\      /  F ield         | OpenFOAM: The Open Source CFD Toolbox           |
|  \\    /   O peration     | Version:  5.x                                   |
|   \\  /    A nd           | Web:      www.OpenFOAM.org                      |
|    \\/     M anipulation  |                                                 |
\*---------------------------------------------------------------------------*/
FoamFile
{
    version     2.0;
    format      ascii;
    class       volScalarField;
    location    "0.004";
    object      S;
}
// * * * * * * * * * * * * * * * * * * * * * * * * * * * * * * * * * * * * * //

dimensions      [0 0 0 0 0 0 0];

internalField   nonuniform List<scalar> 
7950
(
9.739583079e+19
9.522332395e+19
8.969645678e+19
8.192149303e+19
7.255769806e+19
6.232560093e+19
5.191196108e+19
4.191238748e+19
3.278766052e+19
2.484046874e+19
1.821593505e+19
1.292178054e+19
8.861099809e+18
5.870065356e+18
3.753764739e+18
2.315394212e+18
1.376484272e+18
7.880511887e+17
4.341316717e+17
2.299446924e+17
1.170096032e+17
5.716030562e+16
2.678839132e+16
1.203694431e+16
5.183057893e+15
2.13793084e+15
8.445845e+14
3.195341714e+14
1.157953348e+14
4.021094316e+13
1.338978756e+13
4.279641687e+12
1.314695261e+12
3.88834883e+11
1.109319026e+11
3.060344279e+10
8191415387
2133054686
542284818.8
135215037.9
33204233.93
8068546.724
1949921.871
471121.0624
114415.3407
28082.99463
7003.261739
1783.340751
467.1905124
128.3639835
56225217.56
55511123.24
53815971.12
51555457.71
48736097.01
45455058.23
41831380.56
37986049.09
34037212.61
30095592.24
26259587.76
22611507.61
19215530.6
16117070.41
13343383.08
10905204.74
8799111.799
7010327.384
5515677.473
4286451.809
3290964.765
2496729.074
1872194.701
1388006.145
1017736.66
738308.0052
530114.0087
376896.515
265462.312
185324.6439
128309.4603
88153.9263
60142.47581
40775.45588
27490.07682
18444.63993
12332.31181
8216.962148
5462.608139
3629.681169
2411.554332
1603.896961
1069.070732
714.92013
480.1304337
324.0260472
219.678386
149.4929857
102.1858377
67.17196091
36490.24819
36230.61585
35589.50741
34784.77236
33780.55674
32591.14939
31240.45949
29753.12563
28154.83288
26472.30775
24732.49357
22961.64828
21184.70414
19424.72531
17702.45896
16036.0066
14440.60362
12928.52035
11509.07317
10188.72206
8971.234683
7857.920298
6847.981315
5938.896031
5126.622625
4405.93361
3770.78768
3214.61164
2730.527248
2311.587538
1950.983781
1642.163337
1378.959233
1155.604236
966.7603367
807.7198873
674.3090915
562.4044488
468.9400379
391.2119488
326.5159707
272.7511091
228.1131292
191.0530177
160.2500266
134.559874
112.9682365
94.64107798
79.01907842
62.82212762
2223.831141
2207.975294
2177.960723
2145.98489
2107.676222
2062.744379
2011.694565
1955.019207
1893.237921
1826.948206
1756.807762
1683.500713
1607.640639
1529.978002
1451.1694
1371.809624
1292.574353
1214.018679
1136.675432
1061.029982
987.506373
916.4623543
848.2058617
783.0003096
721.0505564
662.4654579
607.2418388
555.6119909
507.496341
462.698347
421.2589762
383.054131
347.9400844
315.7623256
286.3501974
259.5446145
235.1710204
212.9862706
192.8820448
174.7263148
158.2946292
143.4351938
129.9948283
117.8140882
106.7219017
96.50929093
86.90042387
77.61740536
68.36755517
54.41110546
657.2672548
653.1195007
645.8233427
638.713334
630.4909666
621.0156991
610.3547067
598.5630958
585.6988487
571.8379746
557.0703655
541.4901455
525.1814478
508.2634564
490.8353131
472.9924354
454.8552763
436.5230156
418.0988482
399.6830098
381.3690925
363.2436055
345.3902112
327.889167
310.809846
294.1997006
278.0936461
262.5938126
247.7021631
233.3989938
219.7457184
206.7471952
194.4025043
182.706827
171.6494492
161.2218423
151.4020177
142.1407996
133.4496956
125.3183216
117.6833428
110.5150876
103.7754505
97.41293362
91.35557812
85.48728835
79.61816124
73.52117857
66.8448452
55.08839564
374.7846659
372.0623527
368.0338004
364.4827478
360.5505687
356.1171198
351.1994695
345.8079727
339.9545055
333.6615021
326.9582386
319.8749608
312.4397588
304.6957579
296.676963
288.4186763
279.9671627
271.3604118
262.6395674
253.8465375
245.0235094
236.2046128
227.4037953
218.7104117
210.1448346
201.6873257
193.3990242
185.3244076
177.4599024
169.8049576
162.3967
155.2430204
148.3493956
141.7195827
135.3548629
129.2566214
123.4164256
117.8150193
112.468981
107.3757071
102.4987676
97.82218743
93.32032012
88.95193359
84.64975389
80.29130548
75.66026341
70.47541146
64.24492313
51.52038568
289.1702795
287.0633012
284.0764603
281.5145874
278.7324689
275.6394917
272.243745
268.5480012
264.5565083
260.2810192
255.7376489
250.9427866
245.9125854
240.6721575
235.2407808
229.6397887
223.8969552
218.0352511
212.080109
206.0577149
199.9937795
193.908156
187.8152399
181.7717736
175.7862136
169.8496855
164.0061122
158.2831994
152.6777995
147.1933668
141.8561738
136.6725107
131.6471968
126.7839646
122.0849955
117.5516988
113.1777504
108.9521799
104.8894938
100.9866964
97.21539084
93.56246694
90.00531432
86.50581476
82.9994194
79.36724117
75.39887077
70.80907432
65.062095
52.61940357
257.3856853
255.3428508
252.6406239
250.3864543
247.9798586
245.3326776
242.4487525
239.3276996
235.9711911
232.3879166
228.5900699
224.5899368
220.400437
216.0407303
211.5257216
206.872567
202.1027231
197.2342591
192.2876803
187.2852905
182.2454735
177.1693476
172.1008567
167.0752681
162.0725988
157.1106606
152.2213794
147.4228246
142.7125031
138.0956169
133.5926088
129.2084268
124.9468972
120.8109427
116.8021766
112.9208281
109.1607139
105.5141304
101.992575
98.59073127
95.28262681
92.05396167
88.88010568
85.71949108
82.50096115
79.09253901
75.25910166
70.67615149
64.71861234
51.29647287
245.9145851
243.9304809
241.3522422
239.2016232
236.916729
234.4164149
231.7036387
228.7775597
225.6396587
222.2978779
218.7631736
215.0466
211.160255
207.1211331
202.9427935
198.6410946
194.235145
189.7414619
185.1787201
180.5665223
175.9198212
171.24343
166.5770602
161.947335
157.3387218
152.7692885
148.2669453
143.8458339
139.5040505
135.2476976
131.0940842
127.0474091
123.1108926
119.2869087
115.5765948
111.9793728
108.4891619
105.1000422
101.8216772
98.64742789
95.55281015
92.52318581
89.53346126
86.54135913
83.47445006
80.19949436
76.48123807
71.98976791
66.07969347
52.46681105
243.167412
241.1130018
238.5202683
236.3682199
234.0935355
231.61402
228.9315977
226.0448335
222.9551969
219.6706752
216.2020229
212.560154
208.7572651
204.8096651
200.7307523
196.5361779
192.2441468
187.8709966
183.4360787
178.9574496
174.4375781
169.9036048
165.3894283
160.899471
156.4352942
152.0129217
147.6568534
143.3789998
139.1780645
135.0607189
131.0422248
127.1262691
123.3155667
119.6119891
116.0161675
112.5267724
109.1375845
105.8435268
102.6525647
99.55653264
96.5311393
93.56041038
90.61724475
87.65631063
84.6000342
81.30583062
77.52185701
72.89384798
66.71977545
52.34538591
244.7287054
242.6351323
240.0136587
237.8284541
235.5202667
233.0085957
230.2953573
227.3792904
224.2622997
220.9527001
217.4614471
213.7997106
209.9801082
206.0189002
201.9297454
197.7285629
193.4334659
189.0610308
184.6304269
180.1584716
175.6492751
171.1306694
166.6341369
162.1632958
157.7209124
153.323549
148.9943122
144.7437654
140.5710747
136.4831438
132.494202
128.6077409
124.8259977
121.1505967
117.5818578
114.1179764
110.7527135
107.4816056
104.3116052
101.233654
98.22371073
95.26524178
92.33031949
89.3724053
86.31207007
83.00418821
79.19419885
74.52120484
68.26069935
53.58636678
248.4088403
246.2294264
243.5387128
241.2952301
238.9292511
236.3585716
233.5847716
230.6064879
227.4259807
224.0520228
220.4959609
216.7694321
212.8856209
208.8610339
204.7097924
200.4482032
196.094689
191.6671831
187.1850434
182.6561051
178.099634
173.5422595
169.0016136
164.4907792
160.0116662
155.5807067
151.2202204
146.9403825
142.7406706
138.6236384
134.6109519
130.7047389
126.8992933
123.2019616
119.6120319
116.1266373
112.7393636
109.446029
106.2526341
103.1490769
100.1110151
97.12157931
94.15028497
91.14825948
88.03352367
84.65315811
80.74083536
75.91899208
69.42437192
54.14777235
253.2993948
251.0593529
248.3044861
245.9994177
243.5681114
240.9282103
238.0814131
235.0265759
231.7663873
228.3100969
224.6694919
220.8566975
216.8854849
212.7727441
208.5331228
204.1834665
199.7426321
195.2290414
190.6618921
186.0495103
181.4121226
176.7765493
172.1601012
167.5754802
163.0254444
158.5267643
154.1014005
149.7590591
145.4991309
141.3251151
137.2578507
133.2989698
129.4431814
125.6974151
122.0607164
118.5299051
115.0984723
111.7624431
108.5272378
105.3821156
102.3025666
99.27111298
96.25644493
93.20842679
90.04297902
86.60398951
82.62070091
77.70764962
71.07840554
55.45335008
258.8516873
256.5304638
253.6963191
251.3223434
248.8196628
246.1041094
243.1772874
240.0381239
236.6895959
233.1414744
229.4059651
225.4957494
221.4251882
217.2115608
212.8701129
208.4189398
203.8775614
199.2585689
194.5914578
189.8839583
185.1472798
180.4164423
175.707597
171.0326133
166.3951389
161.8084351
157.3012164
152.8818852
148.5432912
144.2948238
140.1559362
136.1275386
132.2045559
128.3936212
124.6935618
121.1009176
117.6090314
114.2140095
110.9207702
107.717887
104.5804191
101.4900651
98.41423004
95.30092207
92.06300749
88.53874695
84.44789426
79.39191613
72.55448657
56.41061399
264.8660497
262.4793196
259.5712928
257.1297595
254.5552789
251.7626775
248.7536741
245.5273589
242.0870509
238.4429684
234.607789
230.5946845
226.4185885
222.097262
217.6465161
213.0850293
208.4326859
203.7027539
198.9248177
194.1071275
189.2618374
184.4240366
179.6101659
174.8321114
170.0938058
165.4093361
160.8072516
156.2955067
151.867301
147.5324571
143.3101051
139.2008917
135.199896
131.3135571
127.5405252
123.8771148
120.3165506
116.8549967
113.4970548
110.2307876
107.0308736
103.8784308
100.7399952
97.56223879
94.25580183
90.65528416
86.47483421
81.30696763
74.31160209
57.78679895
271.1896135
268.7267957
265.73773
263.2257877
260.5775502
257.7059353
254.6126321
251.2967883
247.7619804
244.0188908
240.0806771
235.961359
231.6767584
227.2405727
222.675734
218.001774
213.2326094
208.3860075
203.4911435
198.5576074
193.5982632
188.644851
183.7197399
178.8341862
173.9872089
169.1977502
164.4936888
159.8822829
155.3570298
150.928119
146.614519
142.4166768
138.3297672
134.3601068
130.5061978
126.7641411
123.1270161
119.5909855
116.1603722
112.8227085
109.552152
106.3291221
103.1190808
99.86701194
96.48074812
92.78985312
88.49998279
83.19213705
76.00019012
58.99179346
277.7872247
275.2570561
272.1899173
269.6086322
266.8868536
263.9359769
260.7578093
257.3516056
253.7212059
249.8776954
245.8346681
241.6066231
237.2098481
232.6584958
227.9761369
223.1828221
218.2927699
213.324536
208.3077308
203.2522361
198.1716933
193.0984504
188.0551762
183.0531013
178.0916501
173.1903714
168.3772717
163.6594171
159.0304548
154.5009155
150.0897451
145.7972391
141.6186123
137.5601185
133.6201359
129.7945831
126.0763959
122.4617313
118.9547465
115.542525
112.1987214
108.9031883
105.620481
102.2941799
98.82976679
95.0527651
90.66235476
85.22969463
77.86428463
60.44608988
284.6143376
282.010433
278.8607704
276.2084961
273.4124019
270.3799429
267.1152665
263.6181744
259.8900112
255.9438814
251.793792
247.4544953
242.9428968
238.2739313
233.4709413
228.5551267
223.5398942
218.4470304
213.3062582
208.1248281
202.9194409
197.7227551
192.5574661
187.4347851
182.3545465
177.3368264
172.4098751
167.5806624
162.8429267
158.207529
153.6935134
149.3010623
145.0254013
140.8727658
136.8414237
132.9271184
129.1226327
125.4240726
121.835463
118.3434264
114.921023
111.5474674
108.1862842
104.7794422
101.2297266
97.35779847
92.85461874
87.28005031
79.71865409
61.82392865
291.673628
289.0004491
285.7692119
283.0458459
280.1744689
277.0605874
273.7084894
270.1180843
266.2908281
262.2402428
257.980756
253.527584
248.8981106
244.1078181
239.1807016
234.1384755
228.9950761
223.7730028
218.5024512
213.1910131
207.8560468
202.5308763
197.2385592
191.9903893
186.7864619
181.6474121
176.6018261
171.6566172
166.8055597
162.0598381
157.4386599
152.9421086
148.5653874
144.3147525
140.1883643
136.1818145
132.2877187
128.502142
124.8290339
121.254598
117.7513102
114.297811
110.8566871
107.3684278
103.7333493
99.767749
95.15537774
89.44543563
81.69762443
63.36360828
298.952766
296.2055716
292.8895369
290.0934846
287.1452462
283.9481139
280.5068144
276.8217936
272.8937923
268.7369249
264.3662398
259.7973378
255.0480685
250.1344353
245.0810594
239.9101728
234.6361767
229.2821044
223.8787688
218.4340242
212.9658553
207.5082735
202.0847829
196.7068228
191.3746867
186.1095985
180.9405849
175.874557
170.9053045
166.0443279
161.311085
156.7055932
152.22301
147.8696394
143.643556
139.5401964
135.5520057
131.6749736
127.9130018
124.2518619
120.6633817
117.1255712
113.5999819
110.0254919
106.2996981
102.233945
97.5036466
91.64639045
83.69661961
64.87592173
306.4610717
303.6413981
300.2395092
297.3693055
294.3426517
291.0607201
287.5283868
283.746159
279.714921
275.4492003
270.96449
266.2768566
261.4046358
256.364336
251.1812277
245.8780616
240.4696875
234.9798017
229.4397967
223.8578051
218.252395
212.6583306
207.0995783
201.5877459
196.1233051
190.7280481
185.4315102
180.2406428
175.1492064
170.1690212
165.3198509
160.6016553
156.0095351
151.5498707
147.2206559
143.0171849
138.9317241
134.9601987
131.1064976
127.3559883
123.6798361
120.0554679
116.4434459
112.7810879
108.9633855
104.7969987
99.94947169
93.94694329
85.79829333
66.50799211
314.1999088
311.304788
307.8143813
304.8686733
301.7624341
298.3944188
294.7696155
290.8885613
286.7522336
282.3755758
277.7745061
272.965544
267.9675204
262.7974362
257.4812066
252.0421461
246.4955504
240.8657799
235.1848852
229.4612938
223.7141374
217.9789792
212.2803134
206.6299567
201.0285104
195.4983452
190.0695801
184.7492375
179.5310126
174.4270479
169.457459
164.6221638
159.9161836
155.3459871
150.9094953
146.601858
142.4151446
138.3451959
134.3959135
130.5522321
126.7846097
123.0698533
119.3674607
115.6130707
111.6988875
107.4264521
102.4546166
96.29730364
87.93709962
68.14085649
322.178906
319.2083747
315.6279238
312.6052567
309.4177337
305.9617042
302.2423003
298.2600893
294.016144
289.5258228
284.8054778
279.8720893
274.7449815
269.4416517
263.9886941
258.4099947
252.7212934
246.9476185
241.1217339
235.2523384
229.359128
223.4785154
217.6355451
211.8422675
206.0994007
200.4299057
194.8645322
189.4104087
184.0611384
178.8291938
173.7350901
168.7787117
163.9549846
159.2704956
154.7230948
150.3077872
146.0164519
141.8448381
137.7968879
133.8571199
129.9952722
126.18754
122.3923827
118.5437878
114.5312045
110.15117
105.0540421
98.74149628
90.16953548
69.87242102
330.4022574
327.3531938
323.6796792
320.5780403
317.3072742
313.7611204
309.9448549
305.8590016
301.5047509
296.8978804
292.0551832
286.9941153
281.7344886
276.2942969
270.7008253
264.9785576
259.1436817
253.2219055
247.2467459
241.2271604
235.1834081
229.1527959
223.1609492
217.2201839
211.3313054
205.5178764
199.8113369
194.2189313
188.7341567
183.3698235
178.1468792
173.0651833
168.1195552
163.3167116
158.6544274
154.1275677
149.7278064
145.4507966
141.3005154
137.2610635
133.3014108
129.397113
125.5055238
121.5588804
117.4437209
112.9512373
107.7226234
101.2466422
92.45167809
71.62427865
338.88076
335.7523864
331.9838037
328.801351
325.4452934
321.8067307
317.8910809
313.6988987
309.231449
304.5049231
299.5365682
294.3443101
288.9484814
283.3675694
277.6295782
271.7596049
265.7742812
259.7000087
253.5711011
247.396783
241.1978757
235.0126087
228.8672314
222.7743371
216.7348062
210.7728183
204.9205474
199.1853803
193.5606909
188.059623
182.7036027
177.492467
172.420924
167.4958318
162.7148989
158.0728505
153.5611492
149.175343
144.919483
140.7772404
136.7168044
132.7130931
128.7223604
124.6750935
120.4549106
115.8476675
110.4854466
103.8439439
94.82363313
73.46279945
347.6205245
344.4098206
340.5430239
337.2774698
333.8338054
330.100341
326.082626
321.7812381
317.1974808
312.3479995
307.2504789
301.9233463
296.3874376
290.6617757
284.7750634
278.7530483
272.6128269
266.381482
260.0941844
253.7604137
247.401562
241.0568217
234.75309
228.5032574
222.3082669
216.1929336
210.1902068
204.3076264
198.5384277
192.8961058
187.4025909
182.0576942
176.8560085
171.8045463
166.9009453
162.1397837
157.5123114
153.0139637
148.6488599
144.4002356
140.2354633
136.1287833
132.0353056
127.8836809
123.5544486
118.8278425
113.3263057
106.511816
97.25569202
75.33615812
356.632769
353.3382668
349.3707975
346.0199388
342.486281
338.655274
334.5326293
330.1189468
325.4155748
320.4396051
315.209195
309.7432497
304.0631671
298.1884707
292.1486157
285.9700167
279.6702262
273.2770373
266.8265159
260.328397
253.8046483
247.2954673
240.8284219
234.4167239
228.0613638
221.7878122
215.6298283
209.5951301
203.6767944
197.8886762
192.2532369
186.7702755
181.4342572
176.2523577
171.2221517
166.3380694
161.5911366
156.9766735
152.4988895
148.140578
143.8682708
139.6555397
135.45632
131.1974139
126.7562552
121.9073936
116.2635375
109.2727363
99.77682808
77.28955608
365.924983
362.5436839
358.4722359
355.0335222
351.4072504
347.4758829
343.2452681
338.7160212
333.889564
328.7834069
323.4161946
317.8073461
311.9787957
305.9505989
299.7530065
293.4130906
286.9488732
280.3888961
273.77013
267.1025831
260.4088138
253.7300472
247.0945582
240.5158855
233.9950733
227.5582501
221.240042
215.0483439
208.9760736
203.0374388
197.2554734
191.6299604
186.1552246
180.83862
175.6776511
170.6666032
165.7962651
161.0618388
156.4676199
151.9959436
147.6124783
143.2900846
138.9814828
134.6115363
130.054454
125.0788242
119.2871473
112.1129269
102.3671522
79.28907504
375.5087454
372.0386175
367.8603284
364.3312396
360.6096433
356.5749466
352.2331539
347.5848998
342.631653
337.3913877
331.883242
326.1271491
320.1456212
313.959252
307.5990788
301.0928851
294.4591729
287.7272353
280.9350073
274.0927566
267.2236477
260.3699775
253.5607512
246.8098558
240.1183713
233.5131168
227.0296036
220.6759304
214.4448323
208.3508945
202.417738
196.6451377
191.0272703
185.5716757
180.2757966
175.1337596
170.1361158
165.2779441
160.5636453
155.975083
151.477031
147.0416418
142.6203898
138.1361703
133.4598946
128.3540973
122.4108893
115.0489489
105.0479859
81.36581997
385.3929776
381.8309205
377.5422856
373.9200173
370.1001933
365.9590461
361.5027229
356.7318577
351.6479429
346.2694698
340.6160713
334.7082263
328.5690156
322.2195968
315.6918234
309.0142064
302.205738
295.2964887
288.3253835
281.3029622
274.2529983
267.2189139
260.2304686
253.301903
246.4343377
239.6552989
233.0012283
226.4804139
220.0854123
213.8312026
207.7420099
201.817598
196.0519967
190.4529371
185.0177916
179.7405314
174.6114577
169.6255229
164.7872282
160.0779544
155.4615553
150.9094303
146.3717691
141.7694239
136.9698752
131.7293537
125.6291355
118.0724585
107.8063972
83.49789643
395.5894094
391.9329814
387.5307813
383.812528
379.8914745
375.6405893
371.0661834
366.1689094
360.9503036
355.4293488
349.6261998
343.5618801
337.2600826
330.7425294
324.0419175
317.1875112
310.1988097
303.1066824
295.9510808
288.7428203
281.5063128
274.2861257
267.1128011
260.000952
252.9517357
245.9934058
239.1633646
232.470111
225.9060105
219.4864399
213.2362572
207.1552178
201.2371962
195.4901269
189.9113064
184.4945478
179.2298964
174.1121724
169.1459912
164.3122381
159.5738131
154.9013573
150.243741
145.5197211
140.5932695
135.214171
128.9526322
121.1961016
110.658379
85.7070769
406.1082194
402.3542366
397.8347617
394.0174915
389.9920419
385.6280127
380.9318664
375.9042697
370.546782
364.8788731
358.9212644
352.6955662
346.2260804
339.5351103
332.6562237
325.6194661
318.4448526
311.1640814
303.8181555
296.4181775
288.9892139
281.5770214
274.212951
266.9119969
259.67535
252.5320295
245.5204136
238.6492229
231.9106252
225.3204148
218.9040997
212.6614185
206.5860944
200.6862741
194.9591681
189.398427
183.9938405
178.7400835
173.641886
168.6796271
163.8152142
159.0185001
154.2369939
149.38727
144.329668
138.8072941
132.378839
124.415358
113.5960331
87.97953563
416.9619963
413.1076139
408.4672961
404.5479234
400.4147977
395.9340393
391.1122839
385.950217
380.4494419
374.6299498
368.5130173
362.1208337
355.4783512
348.6084717
341.5456605
334.3207657
326.9543397
319.4789301
311.9366317
304.3388463
296.7113141
289.1010124
281.5401275
274.0440521
266.6140134
259.2798072
252.0808322
245.0260392
238.1073901
231.3411024
224.7533614
218.3438969
212.1062663
206.0488322
200.1687296
194.4594387
188.9104769
183.5163775
178.2819935
173.1871782
168.1928224
163.2679716
158.3587308
153.3794433
148.1867135
142.516781
135.9165483
127.740256
116.6316328
90.33093401
428.1621052
424.2039567
419.4388499
415.4141153
411.1698887
406.568675
401.6173166
396.3164973
390.6678689
384.6919729
378.4106384
371.8466819
365.0257024
357.9712237
350.7186401
343.2996065
335.7352418
328.0589739
320.31403
312.5121183
304.6796702
296.864925
289.100934
281.4034971
273.7738794
266.242678
258.8503449
251.6060733
244.5016059
237.5535998
230.7889399
224.2073416
217.8022026
211.5820969
205.5440819
199.6814669
193.9834813
188.4445246
183.0695647
177.8379144
172.709411
167.6522603
162.6111239
157.4980195
152.1656957
146.3432916
139.5654646
131.1690421
119.7609401
92.75285606
439.7213947
435.6565553
430.7628167
426.6293627
422.2704837
417.5449764
412.4598684
407.0158625
401.2146566
395.0773476
388.6263549
381.8851117
374.879909
367.6349072
360.1864568
352.5670671
344.7984287
336.9148734
328.9607933
320.9482141
312.9042835
304.8785422
296.9049315
288.9996764
281.1640798
273.4295658
265.8376746
258.3978452
251.1016006
243.9660483
237.0187952
230.2595485
223.6815288
217.2935401
211.0925595
205.0717152
199.2199462
193.5315016
188.0114807
182.6386362
177.3717224
172.1780853
167.0008908
161.7497797
156.2735219
150.293941
143.3331356
134.7100227
122.9937131
95.2570302
451.652858
447.477599
442.4509663
438.2052581
433.7280277
428.8742762
423.651102
418.0593103
412.1006384
405.7967329
399.1706339
392.2464177
385.0510716
377.6094236
369.9588143
362.1326277
354.1531429
346.0556347
337.8856922
329.6556652
321.3934445
313.1499134
304.9599328
296.8401642
288.7919533
280.8475725
273.0496865
265.4079981
257.9137956
250.5846473
243.4489084
236.5062817
229.7497989
223.1885058
216.8192963
210.635109
204.6245793
198.7818075
193.1120286
187.5934116
182.1835995
176.8490321
171.5313331
166.1377002
160.5127816
154.3708181
147.2209046
138.3634376
126.3283691
97.83869907
463.9706422
459.6815265
454.5177659
450.1562082
445.5568072
440.5706133
435.2049188
429.4605513
423.3392968
416.8633932
410.0565099
402.9433804
395.5517288
387.9070616
380.0477387
372.0080538
363.8108956
355.4925026
347.0997042
338.6451892
330.1576117
321.6892411
313.2758877
304.9346658
296.6669612
288.5059273
280.4953887
272.6453108
264.9467469
257.4177457
250.0874321
242.9554995
236.0147912
229.2745984
222.7317294
216.3789296
210.2045248
204.2024554
198.3780964
192.7090194
187.1517136
181.6717019
176.2090146
170.6683159
164.8900136
158.5805513
151.2356391
142.1365852
129.7730148
100.5070585
476.6884671
472.2816711
466.9762849
462.4951028
457.7695624
452.6466221
447.1337392
441.2318079
434.9426723
428.2891761
421.295629
413.9874592
406.3931318
398.5388541
390.4640552
382.2039441
373.7820452
365.2356064
356.6127228
347.9264305
339.2061804
330.5056713
321.8616898
313.2918189
304.7974918
296.4127689
288.1826656
280.1174265
272.2078593
264.4725061
256.9412958
249.6139062
242.4829825
235.5580686
228.8358875
222.3089888
215.9653745
209.7988184
203.8148402
197.9903979
192.2807857
186.6505703
181.0381505
175.3455625
169.408818
162.9263219
155.379926
146.0311947
133.3280598
103.2598377
489.821499
485.2932413
479.8416497
475.2369487
470.3811498
465.1169992
459.4521601
453.3875517
446.9250703
440.0881899
432.9018907
425.3923025
417.5886752
409.51794
401.2206125
392.7328714
384.0788912
375.2969476
366.436458
357.5108193
348.5502967
339.6100674
330.7279295
321.9219485
313.193601
304.5778867
296.1210573
287.8336376
279.7061848
271.757753
264.0190918
256.4898691
249.1625291
242.046877
235.1395444
228.4328753
221.9145418
215.5781468
209.4293591
203.4445
197.5776331
191.7923474
186.0253432
180.175955
174.0756715
167.4145842
159.6602736
150.0539506
137.0005131
106.1047271
503.3845669
498.7308704
493.1282604
488.3959888
483.4056629
477.9956726
472.173893
465.9412751
459.2997937
452.2735329
444.8881784
437.1705848
429.1508163
420.8565371
412.3293986
403.6065775
394.7129221
385.6877632
376.5818923
367.4090738
358.2004105
349.0126078
339.8845066
330.834682
321.8646455
313.0103702
304.3193867
295.8025026
287.4500239
279.2815298
271.3286175
263.5909425
256.0607479
248.7481082
241.649549
234.7572085
228.05842
221.5466136
215.227605
209.0770587
203.0477701
197.1023108
191.1756292
185.1642665
178.8950308
172.0494473
164.0803151
154.2077883
140.7923061
109.0411722
517.39423
512.6111194
506.8524852
501.9885563
496.8592705
491.2986369
485.3147506
478.9085892
472.0821838
464.8602903
457.2693097
449.3368451
441.0937982
432.5686051
423.8040763
414.8384233
405.6971879
396.4207971
387.0614532
377.6333057
368.1683262
358.7247967
349.3426369
340.0409372
330.8212554
321.7205667
312.7877203
304.0338221
295.4489114
287.0531136
278.8789014
270.9259194
263.1861964
255.6700857
248.3740157
241.2899044
234.4047334
227.711751
221.2169316
214.89526
208.6982193
202.5873376
196.4957513
190.3171189
183.8734228
176.8373202
168.6463845
158.4990564
144.7098364
112.0759631
531.8663161
526.9495092
521.0297358
516.0296707
510.756816
505.0406511
498.889344
492.3039471
485.2865674
477.8626351
470.059275
461.904887
453.431211
444.6674965
435.6577597
426.4412734
417.0442848
407.5083773
397.8872
388.1952933
378.4655368
368.757838
359.1132307
349.5513334
340.0737614
330.7185179
321.5358112
312.5370697
303.7120464
295.0814295
286.6786051
278.5032022
270.5470246
262.8207107
255.3205931
248.0383763
240.9606573
234.0805009
227.4040503
220.9055869
214.5352469
208.2534592
201.9914987
195.6400455
189.016091
181.783122
173.3629643
162.9316448
148.7562122
115.209878
546.8197571
541.7646961
535.6784483
530.5378237
525.1166137
519.2396218
512.91526
506.1446098
498.929877
491.2971389
483.2743045
474.8905632
466.1785807
457.1684006
447.9052727
438.4295854
428.7683402
418.9642841
409.0725525
399.108121
389.1047803
379.1241275
369.2083475
359.3776083
349.6335753
340.0153215
330.5744619
321.3227433
312.2496344
303.3764062
294.7373789
286.33217
278.1523546
270.2088686
262.4979401
255.0110397
247.734388
240.6608562
233.7967564
227.1156445
220.5662566
214.1079071
207.6699363
201.1399478
194.3297816
186.8934573
178.236549
167.5119084
152.9375236
118.4490682
562.2711816
557.073358
550.8150745
545.5291026
539.9546511
533.9115322
527.4083906
520.4463718
513.0277473
505.1792788
496.9296842
488.3089844
479.3507511
470.0858968
460.5609582
450.8174495
440.8831441
430.8020044
420.6307141
410.3846678
400.0986264
389.8359265
379.639938
369.5313992
359.5120217
349.6219919
339.9143737
330.401244
321.0717763
311.9478486
303.0647488
294.422069
286.0111568
277.8432585
269.9144887
262.2160795
254.7338582
247.4604956
240.4024869
233.5326289
226.798221
220.1574108
213.5375484
206.8230498
199.8204478
192.1739666
183.2723467
172.2445316
157.2578183
121.7953178
578.240836
572.8953471
566.4594255
561.0229745
555.2900826
549.0751804
542.387305
535.2274762
527.598072
519.5266071
511.0426215
502.176987
492.9642551
483.4361864
473.64065
463.6203376
453.4038167
443.0363069
432.5760848
422.0389936
411.4607839
400.906593
390.4210073
380.0253596
369.721425
359.5505193
349.5672113
339.7839161
330.1895052
320.806481
311.6711292
302.7830289
294.1332841
285.7334581
277.5795543
269.6625547
261.967885
254.4880092
247.2296026
240.1646867
233.239066
226.4096975
219.6018654
212.6966987
205.495229
197.6315707
188.477107
177.1360299
161.7232117
125.2546346
594.7476352
589.2495314
582.6298228
577.0380762
571.1414219
564.7490047
557.8701113
550.5057649
542.6584887
534.3565135
525.6302398
516.5114417
507.0356272
497.2354765
487.1602522
476.8538174
466.3455812
455.6820661
444.9231929
434.085262
423.2050509
412.3495606
401.5646384
390.8722207
380.2741431
369.8129114
359.544637
349.4820947
339.6138337
329.9629969
320.5669104
311.4251346
302.5285282
293.8889724
285.5023604
277.3594191
269.4451532
261.7518271
254.2862826
247.0197379
239.8964644
232.8721865
225.8700645
218.7678107
211.3607653
203.2726033
193.8567519
182.1918303
166.3385962
128.8296403
611.8113901
606.1557458
599.3460888
593.5938177
587.5278717
580.9520485
573.8757397
566.3000537
558.2275808
549.687388
540.7106991
531.3302268
521.5824766
511.5010779
501.136729
490.5345342
479.7247399
468.7552253
457.6876202
446.5386911
435.3462816
424.1793123
413.0849398
402.0857323
391.1835883
380.4222142
369.8593395
359.5081038
349.3567322
339.429033
329.7633981
320.3593739
311.2075591
302.3201734
293.6929911
285.3164721
277.1751915
269.2611932
261.5815108
254.1065342
246.7789373
239.5531726
232.3501925
225.0441969
217.4246466
209.1044121
199.4183729
187.4187018
171.1101141
132.5261562
629.4553148
623.6366042
616.6303961
610.7122107
604.4711436
597.7055305
590.4250333
582.6307449
574.3254111
565.5388479
556.3031749
546.6520872
536.6231441
526.2509138
515.5875826
504.6795428
493.5579396
482.2720177
470.8851732
459.4146823
447.8994709
436.4104382
424.9961052
413.6796921
402.4631513
391.3914558
380.5239891
369.8742682
359.4301776
349.2162221
339.2718971
329.5967247
320.181044
311.0374227
302.1615057
293.5434745
285.1674794
277.0253158
269.1242216
261.4337364
253.8948788
246.4607943
239.0501336
231.5334772
223.6942027
215.1339985
205.1685686
192.8227647
176.0434099
136.3474948
647.6998325
641.7126483
634.5033313
628.4135146
621.9914278
615.0297144
607.5381316
599.5178704
590.9717836
581.9305071
572.4270849
562.4962021
552.1764925
541.5035434
530.5310775
519.3067951
507.862753
496.2496578
484.5327144
472.7296996
460.8806867
449.0586191
437.3134246
425.6689915
414.1273379
402.7347397
391.5522835
380.5939
369.8471248
359.3371533
349.1046274
339.1490714
329.4605256
320.0519284
310.9187995
302.0510307
293.4323157
285.0542129
276.9241665
269.0108257
261.2535137
253.604003
245.9785881
238.2440935
230.1776104
221.3692743
211.1149582
198.4112374
181.1449921
140.2997308
666.5701386
660.4084347
652.9890343
646.7215506
640.1121472
632.9474281
625.2375392
616.9835221
608.18836
598.8835788
589.1031809
578.8828709
568.2624125
557.2784303
545.9862092
534.4348303
522.6573117
510.7058248
498.6474617
486.5005334
474.306282
462.1397639
450.0523764
438.0686932
426.1907934
414.4662991
402.9580818
391.6804723
380.6206342
369.8045175
359.2739312
349.0283839
339.0576391
329.3749953
319.9758452
310.8497948
301.9800566
293.3579288
284.991091
276.8472817
268.8640351
260.9917207
253.1441917
245.1843988
236.8829205
227.8179493
217.2648289
204.1909171
186.421184
144.3867856
686.0881572
679.7462745
672.1095945
665.6584743
658.8554295
651.4808865
643.5451745
635.0494201
625.9966896
616.4194167
606.3525852
595.8329446
584.9014268
573.5957363
561.9728015
550.0831091
537.9606547
525.6591515
513.2476486
500.7449913
488.1936327
475.6708318
463.2294836
450.8948796
438.6691778
426.6013843
414.7561945
403.1483774
391.7647199
380.6319212
369.7930239
359.2475183
348.9848702
339.0187555
329.3444369
319.9512223
310.8218197
301.9472846
293.3355217
284.9533049
276.7363602
268.6335828
260.5563014
252.3634612
243.8189226
234.4884944
223.6263165
210.1694947
191.8788466
148.6147929
706.2813966
699.7528788
691.8913943
685.2503339
678.2469828
670.6553376
662.4859081
653.7399768
644.4207014
634.5614228
624.1981634
613.3687981
602.1154494
590.4768912
578.5117699
566.272035
553.7926923
541.1290587
528.3521846
515.4814898
502.5606777
489.6692781
476.8617331
464.1640801
451.5785519
439.1555863
426.9617877
415.0123614
403.2936956
391.8332862
380.675425
369.819597
359.2549549
348.9955793
339.0365916
329.3669753
319.9689445
310.833289
301.9681356
293.3392806
284.8805507
276.5393533
268.2244038
259.7904588
250.9944468
241.3894024
230.2074817
216.3545007
197.5249842
152.9885593
727.175483
720.4538162
712.3596991
705.5220694
698.3113797
690.4951287
682.084002
673.0793245
663.484146
653.3330192
642.6630359
631.5131553
619.9267661
607.9437913
595.624605
583.0226861
570.1740749
557.135744
543.9808377
530.7293344
517.4262441
504.1534576
490.9670061
477.8937044
464.9358613
452.1454013
439.5909021
427.2880114
415.2227006
403.4233086
391.9354242
380.7585012
369.8813938
359.3185823
349.0650485
339.1094486
329.433467
320.0276329
310.9002963
302.01625
293.3073649
284.7194627
276.1585899
267.4751892
258.418981
248.5298015
237.0170502
222.7541843
203.3670235
157.5143316
748.7978437
741.8762393
733.5415475
726.5005873
719.0752548
711.0264229
702.3650652
693.0925054
683.2118879
672.7587813
661.7713862
650.2898404
638.3588134
626.0194198
613.3338252
600.357086
587.1263338
573.7002334
560.1541009
546.5085108
532.8098242
519.1423429
505.5637778
492.1017377
478.7586072
465.5878478
452.6600779
439.9913996
427.56737
415.4171887
403.5877776
392.0785792
380.8781215
370.0013013
359.4429556
349.1914072
339.2277991
329.5423716
320.1437188
310.9955919
302.0278207
293.1846192
284.3692556
275.4277001
266.1022407
255.9190057
244.063852
229.3768437
209.4126165
162.1975891
771.1772135
764.0487095
755.4648609
748.2133596
740.5659805
732.2764856
723.3560436
713.8061571
703.630067
692.8644262
681.5485201
669.72372
657.4359937
644.7277065
631.6629001
618.2982374
604.6719707
590.8445407
576.8934976
562.8400293
548.7318928
534.6559068
520.6715052
506.8071266
493.0652187
479.5008469
466.1867342
453.1394678
440.3441703
427.8309099
415.6480169
403.7949143
392.2597886
381.0579698
370.1841403
359.6262919
349.3649908
339.3901798
329.7107092
320.2892528
311.0535486
301.9461134
292.8673392
283.6585994
274.0544741
263.5669053
251.3573955
236.2313719
215.6698432
167.0450258
794.3435846
787.0008919
778.15913
770.6896967
762.8124703
754.2738551
745.0853227
735.2484342
724.766472
713.6772747
702.0212936
689.8411382
677.1841526
664.093979
650.6365957
636.8703567
622.8346545
608.5917717
594.2215695
579.7458727
565.2138867
550.7150274
536.3105181
522.0296426
507.8749288
493.9031011
480.1890658
466.7498951
453.570263
440.6811725
428.132376
415.9232667
404.0416991
392.503456
381.3030585
370.4281466
359.8586741
349.5842924
339.6141356
329.9097309
320.3966584
311.0157104
301.6642641
292.1789264
282.2863132
271.4836943
258.9073588
243.3268573
222.1470464
172.0627191
818.3280727
810.7636741
801.6548789
793.9597884
785.84459
777.0481684
767.5821812
757.4482264
746.6495156
735.225288
723.2171715
710.6691035
697.6297997
684.1442487
670.2804304
656.098426
641.6388388
626.9658155
612.1616525
597.2488252
582.2780158
567.3413418
552.5018861
537.7898073
523.2077111
508.8140316
494.6859449
480.8410322
467.2634958
453.9852877
441.0576526
428.4799725
416.239735
404.3531797
392.8146733
381.611489
370.7229746
360.1384646
349.867346
339.8700056
330.0697801
320.4056612
310.7719075
301.0002246
290.808956
279.6801454
266.7240428
250.6730264
228.8530092
177.2577794
843.1638183
835.3697893
825.9844812
818.0557422
809.694148
800.630641
790.8772304
780.4355812
769.309064
757.5379936
745.1652545
732.2361954
718.8009986
704.906027
690.6213185
676.008779
661.1102486
645.991828
630.738287
615.3728008
599.947598
584.5575729
569.2677319
554.1091448
539.0844966
524.2539947
509.6971665
495.4321105
481.4425538
467.7614209
454.441518
441.4821934
428.8705569
416.6233255
404.7347114
393.1916083
381.9727137
371.0670617
360.4843164
350.1836409
340.0860643
330.1287299
320.2026596
310.1344666
299.6339152
288.167341
274.8179995
258.2797564
235.7968505
182.6370137
868.8846309
860.852804
851.1811366
843.0104152
834.3935963
825.0534516
815.0023549
804.2420088
792.7759573
780.6456793
767.8953619
754.5717785
740.7266106
726.4076477
711.6870719
696.6286669
681.2755557
665.6958729
649.9769539
634.1426805
618.2468785
602.3873582
586.6310817
571.0100635
555.5270935
540.2442081
525.243351
510.5431728
496.1269073
482.0284885
468.3023299
454.9477526
441.9514769
429.3307205
417.0795326
405.1843942
393.6233508
382.3851258
371.4796548
360.8648461
350.459331
340.1983323
329.9695262
319.5942483
308.7734212
296.9570488
283.2004339
266.1576181
242.9881233
188.208063
895.5261299
887.2479788
877.280001
868.8586319
859.9772868
850.3505203
839.9911255
828.9007013
817.0829316
804.5805621
791.4391405
777.7068633
763.4370513
748.6789091
733.5068381
717.9865903
702.1626285
686.1051655
669.9041866
653.584338
637.2010991
620.8552664
604.615851
588.5158483
572.5581531
556.8066939
541.345929
526.1950668
511.3368305
496.8061968
482.6592388
468.8952722
455.5005956
442.4929469
429.8662178
417.6064517
405.6910231
394.108315
382.8685617
371.9283852
361.2039084
350.628374
340.0859993
329.392654
318.2400915
306.0613994
291.8829228
274.3174426
250.4367859
193.9785201
923.1254091
914.5921692
904.3169163
895.6358787
886.4806692
876.5570573
865.8782327
854.4458512
842.2637338
829.3759128
815.8293201
801.6737046
786.9639857
771.7508917
756.1111268
740.112452
723.8007085
707.2482852
690.5479402
673.7250785
656.8368681
639.987241
623.2473309
606.6511268
590.2016378
573.9647523
558.0275351
542.4097846
527.0936763
512.1152815
497.5324007
483.3443138
469.5369154
456.1284703
443.1126841
430.4751817
418.1926266
406.253051
394.6669953
383.3897447
372.3348447
361.4334654
350.5662559
339.5433957
328.0471489
315.4930923
300.8775785
282.770695
258.1532558
199.9565155
951.7221994
942.9244393
932.3309119
923.3808084
913.9417079
903.7104819
892.7006666
880.9139645
868.3543659
855.06718
841.1007612
826.5064534
811.340935
795.656403
779.5320145
763.0375865
746.2204147
729.1551244
711.9373224
694.5932488
677.1818307
659.8101889
642.5516739
625.441352
608.4823034
591.7424559
575.3115822
559.2100774
543.4195663
527.9772381
512.9426864
498.3151699
484.0801397
470.2564133
456.8375326
443.8086576
431.1457116
418.8363785
406.8915192
395.2650263
383.8677676
372.628776
361.4250118
350.0607339
338.2083693
325.2654254
310.1971004
291.5291953
266.1484081
206.150446
981.356454
972.284701
961.3612469
952.1323111
942.3991525
931.8492134
920.4963042
908.3423455
895.3914723
881.6903983
867.2889311
852.2400568
836.602179
820.4291166
803.8025598
786.7944181
769.4534792
751.8567442
734.1027587
716.2185653
698.2649577
680.3523644
662.5564354
644.9133429
627.4262382
610.1651841
593.2227281
576.6199054
560.3377728
544.4146913
528.912083
513.8291867
499.1510138
484.8969486
471.0603316
457.6258765
444.5687609
431.876261
419.5595753
407.5711586
395.8191286
384.2302714
372.6777093
360.9596536
348.7382869
335.3923186
319.8547436
300.605509
274.4335994
212.5690331
1012.070475
1002.714767
991.4496099
981.9318931
971.8940413
961.0136057
949.3052119
936.7706671
923.4142665
909.2841823
894.4317792
878.9117317
862.7842332
846.1048187
828.9577499
811.4171412
793.5333377
775.3857572
757.07601
738.6319988
720.116436
701.6431796
683.2902418
665.0949439
647.060537
629.2592842
611.786615
594.6642078
577.8725318
561.4511752
545.4634597
529.9086026
514.77113
500.0710377
485.80148
471.9466685
458.4810028
445.3913794
432.6893251
420.3258049
408.2060717
396.2546015
384.3405493
372.2558154
359.6519737
345.8882993
329.8644056
310.0125977
283.0207271
219.2216279
1043.907855
1034.258114
1022.638495
1012.821182
1002.467347
991.2446238
979.1678228
966.2388443
952.4622172
937.8875686
922.5678363
906.5594659
889.9244879
872.7202415
855.0336462
836.941122
818.494611
799.7760625
780.8902497
761.8659374
742.7678417
723.7134131
704.7830983
686.0153962
667.4136632
649.0524309
631.0301258
613.3691158
596.0492587
579.1113789
562.6207943
546.5766835
530.9631022
515.8006651
501.0823075
486.7917622
472.9025911
459.4012806
446.2997512
433.5474111
421.0465127
408.7191497
396.4303805
383.965533
370.9652273
356.7685637
340.2404788
319.7640805
291.9221938
226.1177664
1076.917644
1066.962748
1054.975642
1044.847775
1034.166418
1022.588717
1010.129767
996.7917605
982.5793293
967.5436039
951.7391933
935.2244622
918.0633094
900.3148573
882.0688368
863.4040314
844.3740741
825.0635186
805.5804031
785.9544302
766.2523649
746.5953712
727.0664202
707.7052412
688.5153142
669.5735097
650.9813475
632.7619207
614.8944432
597.4210538
580.4091112
563.8577573
547.7505637
532.1087765
516.9251129
502.1827927
487.8545535
473.9264403
460.4107466
447.255279
434.3591965
421.6421297
408.9648613
396.1059311
382.6945732
368.0489931
350.9981978
329.8741775
301.1509834
233.2675386
1111.14681
1100.875513
1088.507307
1078.057367
1067.036388
1055.090584
1042.235618
1028.473638
1013.809129
998.2952071
981.988209
964.9483353
947.2415299
928.9287582
910.1026533
890.8444413
871.209495
851.2850525
831.1825878
810.9327367
790.6043941
770.3225768
750.1728781
730.1962908
710.3964396
690.8526094
671.6695379
652.8710761
634.4357485
616.4070622
598.8545014
581.7771625
565.1581203
549.0192821
533.3531231
518.1423448
503.358817
488.988143
475.0429796
461.469476
448.1636201
435.0424516
421.9623461
408.6947859
394.8571776
379.7460673
362.1532491
340.3577085
310.7206799
240.6815152
1146.646847
1136.047298
1123.283851
1112.499878
1101.126621
1088.798988
1075.533142
1061.331256
1046.198065
1030.188241
1013.360002
995.7754871
977.5027639
958.6047234
939.1769679
919.3033205
899.0409034
878.4797763
857.7349585
836.8380586
815.8601957
794.9303522
774.1368702
753.5220454
733.0896162
712.9214173
693.1255166
673.7265224
654.7022757
636.0976782
617.9844443
600.3616157
583.2117148
566.5573818
550.3908405
534.6942227
519.4384845
504.6087972
490.2182504
476.2112112
462.4803524
448.94008
435.4421742
421.7508051
407.4711495
391.8772804
373.7223101
351.230301
320.6454568
248.3705371
1183.470295
1172.530277
1159.356852
1148.226404
1136.487758
1123.764027
1110.072081
1095.413798
1079.794317
1063.270136
1045.901228
1027.751808
1008.892076
989.3869357
969.3351193
948.823083
927.9098129
906.688262
885.2771379
863.7090603
842.0574522
820.4554247
798.9941572
777.717294
756.6286948
735.8128511
715.3812827
695.3593682
675.7242514
656.5222804
637.827451
619.6388033
601.9382788
584.7492285
568.0636441
551.863082
536.117553
520.8117707
505.95923
491.5024837
477.3308039
463.3558285
449.4245458
435.2935525
420.5553711
404.4607122
385.72265
362.508226
330.9401851
256.3463428
1221.672317
1210.379179
1196.780418
1185.290501
1173.172735
1160.038063
1145.903909
1130.772192
1114.648355
1097.590578
1079.660798
1060.925359
1041.45667
1021.321725
1000.62248
979.448195
957.8597066
935.9530059
913.8506489
891.586296
869.2357154
846.9363293
824.7822794
802.8186118
781.0492771
759.5615248
738.4704804
717.8023255
697.5334658
677.7117414
658.4135455
639.6378886
621.3661131
603.6223295
586.3982553
569.6748866
553.4212212
537.621525
522.289684
507.3663941
492.7373896
478.3114212
463.9305652
449.3434915
434.1295847
417.5153912
398.1723813
374.2085014
341.6203713
264.6206609
1261.311644
1249.65203
1235.611862
1223.74955
1211.238414
1197.677249
1183.084207
1167.461235
1150.814086
1133.202639
1114.690853
1095.347284
1075.246704
1054.458203
1033.087105
1011.225602
988.9364494
966.3187786
943.4991261
920.5122561
897.4363937
874.4134014
851.5404604
828.8641343
806.3884698
784.2035369
762.4282069
741.0894792
720.1630453
699.698273
679.7740027
660.3892428
641.5247512
623.2053682
605.4225443
588.1566929
571.375798
555.0635934
539.2344127
523.827042
508.7235135
493.8296104
478.9822471
463.9219373
448.2144412
431.0611444
411.0904151
386.3488774
352.7023181
273.206442
1302.449455
1290.409489
1275.91127
1263.661845
1250.742453
1236.738749
1221.669379
1205.536534
1188.346142
1170.160075
1151.044296
1131.069661
1110.313318
1088.846612
1066.778342
1044.203657
1021.187385
997.8319556
974.2679407
950.5312511
926.7027052
902.9287715
879.309793
855.8938683
832.6851967
809.7767459
787.2912551
765.2566231
743.647749
722.5156301
701.9416577
681.9247786
662.4451444
643.5284185
625.1657521
607.3369129
590.0088528
573.1647914
556.8195036
540.9097474
525.3137583
509.9342192
494.602705
479.0512941
462.8315596
445.1187902
424.4966184
398.9480216
364.2030081
282.1166449
1345.14912
1332.714365
1317.740711
1305.089477
1291.746315
1277.28321
1261.719721
1245.057783
1227.303592
1208.521119
1188.778494
1168.148792
1146.711747
1124.541046
1101.749065
1078.434046
1054.662994
1030.541725
1006.205056
981.6900508
957.0801966
932.5268038
908.1334694
883.9498372
859.980291
836.3208362
813.0982339
790.3412885
768.024064
746.1992449
724.9508829
704.2778973
684.159787
664.6230314
645.6585002
627.2453167
609.3493258
591.9532112
575.0722157
558.6410172
542.5338856
526.6502761
510.8162358
494.7550592
478.0036276
459.7101823
438.4118293
412.0255303
376.140246
291.3650244
1389.477919
1376.633212
1361.16598
1348.097618
1334.314505
1319.374527
1303.297703
1286.08631
1267.746667
1248.344958
1227.951473
1206.641742
1184.498033
1161.596497
1138.053222
1113.969704
1089.415121
1064.498817
1039.360042
1014.037055
988.6161246
963.253533
938.056306
913.0757097
888.3162665
863.8771729
839.889348
816.3825361
793.3299535
770.7860119
748.8375554
727.483446
706.7025036
686.5220692
666.9327257
647.9129182
629.4273384
611.4581221
594.0209995
577.048465
560.4106829
544.0037899
527.6480559
511.0577057
493.7543302
474.8579938
452.8577165
425.6017839
388.5326969
300.9661369
1435.505161
1422.234792
1406.255075
1392.753614
1378.513708
1363.078606
1346.468967
1328.687139
1309.739735
1289.695036
1268.625711
1246.609811
1223.73233
1200.071938
1175.74857
1150.867069
1125.498899
1099.757081
1073.785437
1047.623501
1021.360426
995.1576178
969.1256873
943.3175909
917.7379863
892.4893829
867.7070038
843.4215811
819.6054646
796.3148465
773.6394601
751.5781226
730.1089383
709.2601658
689.0220791
669.3723831
650.2746216
631.7103269
613.6957524
596.1611629
578.972393
562.0221616
545.1247812
527.9849542
510.1084154
490.586164
467.8570429
439.6980821
401.3998917
310.9352041
1483.303189
1469.590956
1453.079023
1439.127746
1424.413395
1408.464326
1391.301647
1372.927754
1353.349041
1332.636505
1310.86534
1288.116075
1264.476533
1240.02805
1214.894578
1189.184392
1162.971342
1136.372233
1109.535684
1082.502516
1055.364857
1028.289522
1001.390775
974.7233147
948.2919918
922.2027104
896.5952052
871.5012333
846.892199
822.8261889
799.3958921
776.6000986
754.4162141
732.8733849
711.9615896
691.6577877
671.9242861
652.742038
634.12779
616.0094951
598.2485585
580.734088
563.2742028
545.5637618
527.092039
506.9197468
483.4336953
454.3369762
414.7622572
321.2879037
1532.949695
1518.77847
1501.713752
1487.295311
1472.088242
1455.605116
1437.867741
1418.8786
1398.644427
1377.238406
1354.738321
1331.227414
1306.796396
1281.529361
1255.55444
1228.983515
1201.892886
1174.403315
1146.66838
1118.730265
1090.68418
1062.702543
1034.903448
1007.343356
980.0273768
953.064926
926.6003641
900.6665485
875.2339251
850.3625386
826.1481541
802.5895077
779.6632801
757.3995625
735.788001
714.8048102
694.410974
674.5868342
655.3497419
636.6252256
618.2699896
600.1694423
582.1253006
563.8221868
544.7322528
523.8847639
499.6125372
469.5417787
428.6412151
332.0407607
1584.525371
1569.877207
1552.238226
1537.334451
1521.615473
1504.577459
1486.242919
1466.614455
1445.699182
1423.572668
1400.315308
1376.013123
1350.759875
1324.642482
1297.793457
1270.328365
1242.326081
1213.911508
1185.243312
1156.365108
1127.375379
1098.452269
1069.717818
1041.230466
1012.99548
985.1259319
957.7710444
930.964779
904.6765955
878.968545
853.9396139
829.5884918
805.8910823
782.8784699
760.5399768
738.8510033
717.7712099
697.2802886
677.3961559
658.0418296
639.0692313
620.3598591
601.7087464
582.7899463
563.0578179
541.5088992
516.4199517
485.3373303
443.059237
343.2115046
1638.113288
1622.969694
1604.73401
1589.325932
1573.075041
1555.460487
1536.505782
1516.213277
1494.590375
1471.715251
1447.671072
1422.546709
1396.439137
1369.438213
1341.680925
1313.286764
1284.337227
1254.961466
1225.323556
1195.468574
1165.498338
1135.596958
1105.890671
1076.439877
1047.24999
1018.43795
990.1579837
962.4452108
935.2680633
908.6906889
882.8154474
857.6409443
833.1422508
809.3515156
786.2577341
763.8354325
742.0429141
720.8591874
700.302771
680.2940995
660.6800242
641.3380572
622.0563124
602.4977972
582.0983862
559.8206899
533.8831569
501.7491506
458.0397934
354.817905
1693.802669
1678.144118
1659.288348
1643.356205
1626.552578
1608.338943
1588.739561
1567.756878
1545.398586
1521.745491
1496.883603
1470.904831
1443.909404
1415.990281
1387.289086
1357.929376
1327.995431
1297.620827
1266.975166
1236.105074
1205.115867
1174.197883
1143.481651
1113.029616
1082.847376
1053.055881
1023.814562
995.1597444
967.0587683
939.5780061
912.8232431
886.7930574
861.4616778
836.8623288
812.9836548
789.7992875
767.2661152
745.3624096
724.1073575
703.418673
683.1379838
663.1386597
643.2015546
622.9782369
601.8853952
578.8503369
552.0309532
518.8043814
473.6075903
366.8795798
1751.685784
1735.491903
1715.991588
1699.514707
1682.136573
1663.300161
1643.0307
1621.330555
1598.207793
1573.745983
1548.034217
1521.167292
1493.248989
1464.375499
1434.6932
1404.329952
1373.372825
1341.960031
1310.266934
1278.341783
1246.293473
1214.318831
1182.552882
1151.060181
1119.846508
1089.036996
1058.796478
1029.162528
1000.101362
971.6816119
944.0127395
917.0931951
890.8963295
865.4565496
840.7620608
816.7856144
793.482614
770.8306378
748.8494539
727.4539582
706.4804244
685.797841
665.1795803
644.2652967
622.4517049
598.6294487
570.8934795
536.5312996
489.7884261
379.4161978
1811.858825
1795.108589
1774.938253
1757.895115
1739.919752
1720.435967
1699.469917
1677.024013
1653.106749
1627.804334
1601.208914
1573.418665
1544.540996
1514.675312
1483.973043
1452.566527
1420.545746
1388.053648
1355.271642
1322.249657
1289.10032
1256.027242
1223.170041
1190.595452
1158.309536
1126.441751
1095.162494
1064.510649
1034.451328
1005.055474
976.4362685
948.5921662
921.4956065
895.1821408
869.6395803
844.8397123
820.7364441
797.3065931
774.5705552
752.440278
730.7464919
709.3536247
688.027252
666.3947083
643.8318518
619.1912245
590.5024281
554.9596556
506.6094046
392.4488845
1874.416574
1857.092419
1836.226819
1818.595548
1799.999232
1779.842253
1758.151907
1734.930419
1710.186698
1684.01024
1656.49614
1627.746013
1597.870899
1566.973727
1535.211062
1502.719878
1469.593227
1435.979015
1402.064922
1367.902583
1333.608489
1299.393322
1265.401524
1231.702082
1198.301351
1165.333239
1132.973931
1101.263743
1070.166605
1039.755837
1010.148548
981.3431632
953.3111418
926.0892646
899.6649106
874.0088903
849.0735754
824.8349151
801.3139829
778.4197631
755.9771037
733.8457028
711.7830784
689.4037067
666.0617678
640.5702506
610.8907917
574.1204746
524.09893
405.9995381
1939.479658
1921.554224
1899.964212
1881.720676
1862.478593
1841.621594
1819.177708
1795.149698
1769.546606
1742.461087
1713.991668
1684.243165
1653.330699
1621.360771
1588.495313
1554.876117
1520.599444
1485.818235
1450.72678
1415.378473
1379.89393
1344.491072
1309.319333
1274.450147
1239.89008
1205.777687
1172.295246
1139.484457
1107.308032
1075.841844
1045.207045
1015.401978
986.3971623
958.230618
930.8892591
904.3429262
878.5423254
853.462569
829.1254454
805.4367665
782.2153176
759.3159247
736.4876749
713.3316045
689.1795068
662.803159
632.0933896
594.0465121
542.2868483
420.0916293
2007.153169
1988.602286
1966.258756
1947.378323
1927.464474
1905.879343
1882.651935
1857.785062
1831.288334
1803.257447
1773.794292
1743.007418
1711.015982
1677.930235
1643.917713
1609.125144
1573.652216
1537.657188
1501.341072
1464.759195
1428.036399
1391.398142
1354.999122
1318.913229
1283.147258
1247.84467
1213.19402
1179.238474
1145.939492
1113.375539
1081.671963
1050.827108
1020.810462
991.6613596
963.3662279
935.8938609
909.193247
883.2386313
858.0525636
833.5375478
809.5060761
785.8078469
762.1832563
738.2193849
713.2245638
685.9278319
654.1463962
614.7717193
561.2043541
434.7487046
2077.554692
2058.353183
2035.225786
2015.682844
1995.070232
1972.727521
1948.684877
1922.945295
1895.5187
1866.504165
1836.007258
1804.140122
1771.026211
1736.779709
1701.573878
1665.560671
1628.843294
1591.585524
1553.995453
1516.130335
1478.119354
1440.195916
1402.520199
1365.168548
1328.148076
1291.607331
1255.741386
1220.594922
1186.128112
1152.422147
1119.606751
1087.680235
1056.610953
1026.439658
997.1523459
968.7166125
941.0797116
914.2150277
888.1457886
862.7711253
837.8969943
813.367752
788.9147258
764.1104877
738.239029
709.9848421
677.0885493
636.3325512
580.8843245
449.9969626
2150.808442
2130.929701
2106.986614
2086.75427
2065.41457
2042.283584
2017.392986
1990.745249
1962.351071
1932.312988
1900.740345
1867.749131
1833.467192
1798.012806
1761.565251
1724.281952
1686.269675
1647.697907
1608.782236
1569.581853
1530.230476
1490.969761
1451.96557
1413.296925
1374.971141
1337.142063
1300.011604
1263.625981
1227.944073
1193.049845
1159.077587
1126.025602
1093.861068
1062.626198
1032.306487
1002.868397
974.2573253
946.4456804
919.4575367
893.1884488
867.4375322
842.0436312
816.728573
791.0499247
764.2663866
735.0159189
700.9594907
658.7662483
601.3611337
465.8623718
2227.027902
2206.453179
2181.664846
2160.71596
2138.619723
2114.668275
2088.895148
2061.302215
2031.900978
2000.797756
1968.105784
1933.944919
1898.447524
1861.736236
1823.996588
1785.391656
1746.031885
1706.092805
1665.797705
1625.207788
1584.461569
1543.809258
1503.422589
1463.383353
1423.699187
1384.52941
1346.082986
1308.407823
1271.461372
1235.330546
1200.15438
1165.931128
1132.626799
1100.285093
1068.890981
1038.409756
1008.784893
979.9877774
952.043343
924.8434292
898.180056
871.8863206
845.674192
819.0855833
791.3527995
761.0655582
725.8019109
682.1129144
622.6710374
482.3741703
2306.375461
2285.068089
2259.396422
2237.700846
2214.816983
2190.011753
2163.31991
2134.743446
2104.294311
2072.082542
2038.225413
2002.847021
1966.084499
1928.064903
1888.980269
1848.999534
1808.237151
1766.874851
1725.143828
1683.107507
1640.909368
1598.80855
1556.982886
1515.517009
1474.418913
1433.853623
1394.037459
1355.020039
1316.75732
1279.33932
1242.910058
1207.46765
1172.976965
1139.483185
1106.970717
1075.403723
1044.723618
1014.900749
985.9609147
957.792119
930.1790104
902.9486437
875.8027624
848.2669486
819.5460991
788.1797129
751.6594424
706.4134262
644.8518274
499.560036
2388.983872
2366.913285
2340.321934
2317.84893
2294.144983
2268.451015
2240.802377
2211.201828
2179.661519
2146.295511
2111.225342
2074.57927
2036.499584
1997.117827
1956.632922
1915.219884
1872.997249
1830.153154
1786.927218
1743.385108
1699.675427
1656.066583
1612.742798
1569.791675
1527.221555
1485.203466
1443.961311
1403.546484
1363.913464
1325.155469
1287.421651
1250.710024
1214.984229
1180.29108
1146.614376
1113.91703
1082.138342
1051.24761
1021.271548
992.0940907
963.4922386
935.2868117
907.16889
878.6470162
848.897531
816.4076708
778.5792141
731.7123321
667.943475
517.4523448
2475.000631
2452.135365
2424.586326
2401.303779
2376.745947
2350.126394
2321.481794
2290.814967
2258.138328
2223.57032
2187.237001
2149.270963
2109.819755
2069.019668
2027.07668
1984.172275
1940.429117
1896.042116
1851.259614
1806.149598
1760.866
1715.686881
1670.803171
1626.305594
1582.202745
1538.671831
1495.944824
1454.074977
1413.015118
1372.861836
1333.769624
1295.736419
1258.72456
1222.782517
1187.893601
1154.019284
1121.096627
1089.093979
1058.038931
1027.811204
998.1798381
968.9591041
939.8289705
910.2803128
879.4597162
845.799971
806.6093349
758.0545931
691.9877117
536.0820315
2564.583749
2540.89084
2512.344445
2488.218771
2462.771579
2435.188
2405.506085
2373.728638
2339.868888
2304.049224
2266.400307
2227.059567
2186.179987
2143.902719
2100.441156
2055.983427
2010.656685
1964.662806
1918.259096
1871.516148
1824.593344
1777.778827
1731.270508
1685.162279
1639.463153
1594.356777
1550.083362
1506.698143
1464.152301
1422.545886
1382.038987
1342.629442
1304.278196
1267.035528
1230.884115
1195.784002
1161.670017
1128.509345
1096.330589
1065.009111
1034.305551
1004.027392
973.8431981
943.2252232
911.2891198
876.4110706
835.801789
785.4893076
717.0286808
555.4852615
2657.894862
2633.340497
2603.7552
2578.751328
2552.377649
2523.790358
2493.028031
2460.094203
2425.002239
2387.879037
2348.859981
2308.087576
2265.720179
2221.90421
2176.860975
2130.785336
2083.808992
2036.141352
1988.048988
1939.605044
1890.974781
1842.456763
1794.256135
1746.47019
1699.108274
1652.360736
1606.476504
1561.512835
1517.419082
1474.299017
1432.318547
1391.475284
1351.728875
1313.131404
1275.664886
1239.287979
1203.933031
1169.566096
1136.216886
1103.756066
1071.935562
1040.556024
1009.273813
977.5418974
944.443873
908.2967576
866.2096048
814.066163
743.1122765
575.6946923
2755.113029
2729.660834
2698.993197
2673.074367
2645.735588
2616.102231
2584.214241
2550.075257
2513.699415
2475.218001
2434.771287
2392.507083
2348.589588
2303.170506
2256.479261
2208.717885
2160.022906
2110.6114
2060.759604
2010.543419
1960.134234
1909.841415
1859.877646
1810.343767
1761.249489
1712.792136
1665.229679
1618.621471
1572.915038
1528.217984
1484.702255
1442.3653
1401.165348
1361.156426
1322.319759
1284.612598
1247.96484
1212.341201
1177.772507
1144.124679
1111.140576
1078.613546
1046.187367
1013.294976
978.9864105
941.5170879
897.8903457
843.8393102
770.2874647
596.7522358
2856.419834
2830.031677
2798.236077
2771.363739
2743.019236
2712.295606
2679.234468
2643.839458
2606.125385
2566.228319
2524.293942
2480.475126
2434.942236
2387.852664
2339.444151
2289.926291
2239.440411
2188.211661
2136.526597
2084.463709
2032.20079
1980.058603
1928.257581
1876.902272
1826.002799
1775.763723
1726.452484
1678.130623
1630.743723
1584.403398
1539.287898
1495.394452
1452.679819
1411.200103
1370.935743
1331.842405
1293.847453
1256.914287
1221.074829
1186.190077
1151.993483
1118.270719
1084.652425
1050.550745
1014.980724
976.1335142
930.9023534
874.8633233
798.6046194
618.6928125
2962.007802
2934.644041
2901.672915
2873.806774
2844.414059
2812.55424
2778.270448
2741.566446
2702.457569
2661.084944
2617.599843
2572.160636
2524.943938
2476.113174
2425.914717
2374.565973
2322.213463
2269.090634
2215.494732
2161.507081
2107.312092
2053.242328
1999.526364
1946.272663
1893.491772
1841.395722
1790.2618
1740.153911
1691.015545
1642.9625
1596.179653
1550.663987
1506.370725
1463.358097
1421.605728
1381.067675
1341.668619
1303.370616
1266.206743
1230.032845
1194.57253
1159.603536
1124.742833
1089.380814
1052.496073
1012.212858
965.3095903
907.1987629
828.1183576
641.5632058
3072.058813
3043.689047
3009.496668
2980.595742
2950.110706
2917.066091
2881.507491
2843.438588
2802.875583
2759.964843
2714.863446
2667.735204
2618.763443
2568.117793
2516.053637
2462.796435
2408.498225
2353.401159
2297.813462
2241.81948
2185.610471
2129.531399
2073.819308
2018.586711
1963.844525
1909.812688
1856.778776
1804.809021
1753.844886
1704.006443
1655.485441
1608.278738
1562.339831
1517.729201
1474.425717
1432.381644
1391.518901
1351.798132
1313.253608
1275.735838
1238.958194
1202.689995
1166.534105
1129.858311
1091.602923
1049.822579
1001.176181
940.9054704
858.8837203
665.4004837
3186.820639
3157.391328
3121.921478
3091.940428
3060.316132
3026.036438
2989.148498
2949.656591
2907.577508
2863.063053
2816.276346
2767.386883
2716.585023
2664.046889
2610.037392
2554.790315
2498.463402
2441.307761
2383.64319
2325.557225
2267.248331
2209.074285
2151.280911
2093.984959
2037.197885
1981.147712
1926.132776
1872.221818
1819.354053
1767.654087
1717.320833
1668.350978
1620.696286
1574.419512
1529.498728
1485.88441
1443.495566
1402.291374
1362.307362
1323.388437
1285.237271
1247.614555
1210.108302
1172.062656
1132.378295
1089.037143
1038.573316
976.0507276
890.9618796
690.2583134
3306.499413
3275.964916
3239.162686
3208.055097
3175.242507
3139.674812
3101.400845
3060.425147
3016.765385
2970.578672
2922.034333
2871.308261
2818.597991
2764.086269
2708.047928
2650.725583
2592.282912
2532.980433
2473.149938
2412.882317
2352.383449
2292.024528
2232.060707
2172.612996
2113.693317
2055.538317
1998.457481
1942.522088
1887.669113
1834.027852
1781.804698
1730.996167
1681.55218
1633.537914
1586.930502
1541.67865
1497.6984
1454.947259
1413.462017
1373.081848
1333.498272
1294.46294
1255.548489
1216.074272
1174.899495
1129.930557
1077.571255
1012.699822
924.4125023
716.1760943
3431.331034
3399.644158
3361.452318
3329.169771
3295.117815
3258.206706
3218.48716
3175.963646
3130.654784
3082.723523
3032.34589
2979.704046
2925.003118
2868.432959
2810.278422
2750.791537
2690.14208
2628.600352
2566.510766
2503.96764
2441.184498
2378.546666
2316.318982
2254.626887
2193.482811
2133.132374
2073.896712
2015.849715
1958.92606
1903.259931
1849.065478
1796.33908
1745.028779
1695.202198
1646.835599
1599.875744
1554.235512
1509.870813
1466.819798
1424.915553
1383.837961
1343.329282
1302.946003
1261.981749
1219.252613
1172.585907
1118.249687
1050.928745
959.3050029
743.2150299
3561.564887
3528.674829
3489.032957
3455.52456
3420.179542
3381.866718
3340.63925
3296.500818
3249.471318
3199.719903
3147.429502
3092.788859
3036.010969
2977.293078
2916.930658
2855.185445
2792.233594
2728.35559
2663.909065
2598.991822
2533.825574
2468.81025
2404.220651
2340.187008
2276.722324
2214.081505
2152.597752
2092.347809
2033.263942
1975.485328
1919.234356
1864.507219
1811.249882
1759.532608
1709.330722
1660.588962
1613.216924
1567.168872
1522.48444
1478.990217
1436.353885
1394.308067
1352.392466
1309.873544
1265.522629
1217.084654
1160.685591
1090.808512
995.703698
771.4169029
3697.428273
3663.304391
3622.155405
3587.369573
3550.67597
3510.900093
3468.099026
3422.275346
3373.450432
3321.799749
3267.513664
3210.787748
3151.8429
3090.884168
3028.218154
2964.116655
2898.762496
2832.446973
2765.541246
2698.146866
2630.494044
2562.997921
2495.943902
2429.467014
2363.580846
2298.550098
2234.720548
2172.171917
2110.833914
2050.85104
1992.454132
1935.639225
1880.350239
1826.660102
1774.543189
1723.942122
1674.763053
1626.95851
1580.569611
1535.416305
1491.153607
1447.503924
1403.989377
1359.848408
1313.805417
1263.519245
1204.968084
1132.424411
1033.687312
800.8514557
3839.251763
3803.819484
3761.091766
3724.97102
3686.869263
3645.566934
3601.123347
3553.541316
3502.843018
3449.210562
3392.841483
3333.939083
3272.732668
3209.435083
3144.364734
3077.803909
3009.94245
2941.082787
2871.610311
2801.630578
2731.382558
2661.297243
2591.671032
2522.644129
2454.230783
2386.705769
2320.427966
2255.48029
2191.789769
2129.506321
2068.869792
2009.876018
1952.466657
1896.717501
1842.601883
1790.060314
1738.995387
1689.357623
1641.189693
1594.304752
1548.344691
1503.021051
1457.837639
1412.003593
1364.194376
1311.979091
1251.181233
1175.853696
1073.325076
831.5618713
3987.303009
3950.504834
3906.129334
3868.615165
3829.043549
3786.147621
3739.989228
3690.571262
3637.916949
3582.215425
3523.672053
3462.497246
3398.929729
3333.190615
3265.610365
3196.482272
3126.003426
3054.487832
2982.335958
2909.65732
2836.700153
2763.912018
2691.6007
2619.911854
2548.860311
2478.731463
2409.897981
2342.445954
2276.299626
2211.614711
2148.640262
2087.37194
2027.749174
1969.850659
1913.648694
1859.081487
1806.04788
1754.496493
1704.47161
1655.779171
1608.04726
1560.976275
1514.050871
1466.449662
1416.79698
1362.568128
1299.425591
1221.192829
1114.706785
863.6297641
4141.883038
4103.657498
4057.560969
4018.591666
3977.485058
3932.925175
3884.975973
3833.641025
3778.944265
3721.082192
3660.268398
3596.721162
3530.688473
3462.400095
3392.199177
3320.39059
3247.178949
3172.89039
3097.940976
3022.444455
2946.658649
2871.048476
2795.933738
2721.465651
2647.659635
2574.812208
2503.310406
2433.243625
2364.533244
2297.340955
2231.925491
2168.282438
2106.348714
2046.206064
1987.825758
1931.14355
1876.054453
1822.505083
1770.541338
1719.961636
1670.379687
1621.484191
1572.739795
1523.293202
1471.715509
1415.383986
1349.792604
1268.525226
1157.90581
897.0982251
4303.309746
4263.595336
4215.702197
4175.21353
4132.504088
4086.206672
4036.387861
3983.051378
3926.222107
3866.104266
3802.919518
3736.894823
3668.287845
3597.337304
3524.399655
3449.791733
3373.726183
3296.541682
3218.670627
3140.23122
3061.491366
2982.934089
2904.891629
2827.521076
2750.838496
2675.151976
2600.863592
2528.066193
2456.678133
2386.867415
2318.902816
2252.779736
2188.432646
2125.946464
2065.291335
2006.400496
1949.164875
1893.529018
1839.540578
1786.990093
1735.476227
1684.675535
1634.031781
1582.658374
1529.070659
1470.543637
1402.395704
1317.960541
1203.025914
932.063106
4471.923665
4430.652587
4380.881796
4338.806602
4294.422989
4246.311352
4194.539907
4139.112169
4080.054944
4017.580483
3951.918824
3883.306155
3812.010153
3738.278735
3662.482367
3584.950262
3505.903528
3425.694287
3344.771484
3263.258203
3181.432839
3099.797247
3018.696705
2938.294495
2858.607347
2779.955344
2702.756283
2627.10668
2552.921745
2480.376128
2409.748933
2341.035277
2274.167389
2209.233366
2146.202116
2085.004348
2025.526513
1967.711168
1911.607846
1856.998702
1803.466758
1750.675902
1698.047874
1644.661548
1588.973974
1528.153005
1457.333375
1369.587407
1250.142922
968.5652665
4648.084185
4605.186672
4553.454785
4509.721382
4463.588533
4413.580764
4359.768979
4302.156842
4240.772233
4175.835773
4107.586575
4036.270141
3962.1647
3885.527958
3806.744982
3726.157947
3643.996693
3560.627235
3476.516168
3391.791446
3306.742471
3221.89085
3137.595436
3054.025923
2971.199742
2889.449604
2809.209715
2730.58036
2653.473445
2578.070517
2504.661628
2433.241682
2363.740264
2296.248921
2230.735326
2167.127448
2105.307274
2045.215106
1986.902391
1930.14268
1874.502583
1819.632731
1764.932059
1709.443125
1651.562143
1588.345344
1514.735863
1423.53301
1299.379384
1006.719833
4832.159671
4787.562164
4733.780486
4688.314092
4640.353303
4588.364055
4532.420269
4472.525695
4408.708691
4341.199223
4270.246198
4196.104455
4119.063306
4039.390734
3957.486907
3873.707659
3788.292013
3701.620338
3614.177776
3526.097345
3437.679871
3349.46766
3261.833812
3174.954634
3088.848314
3003.860773
2920.443389
2838.700388
2758.540183
2680.151478
2603.835821
2529.587984
2457.334619
2387.170999
2319.063478
2252.937022
2188.669158
2126.19775
2065.576233
2006.569105
1948.725897
1891.683361
1834.816473
1777.129978
1716.956266
1651.234882
1574.708333
1479.890547
1350.811988
1046.561914
5024.553039
4978.179302
4922.25575
4874.97827
4825.106978
4771.046791
4712.874578
4650.594241
4584.235294
4514.036866
4440.257786
4363.163057
4283.053513
4200.207831
4115.04212
4027.926378
3939.109168
3848.986027
3758.061372
3666.473543
3574.53539
3482.810784
3391.687657
3301.349312
3211.81471
3123.443564
3036.705167
2951.707862
2868.356459
2786.847183
2707.493541
2630.290083
2555.160564
2482.204024
2411.385466
2342.626858
2275.800863
2210.842879
2147.808427
2086.452609
2026.307031
1966.993963
1907.863475
1847.880653
1785.31143
1716.973443
1637.399922
1538.806624
1404.584773
1088.231336
5225.637861
5177.43031
5119.275384
5070.10634
5018.238687
4962.012597
4901.510288
4836.735156
4767.718451
4694.708936
4617.975903
4537.794266
4454.477227
4368.314767
4279.739368
4189.136047
4096.763191
4003.032157
3908.467722
3813.213603
3717.595107
3622.198759
3527.428125
3433.47378
3340.355332
3248.446933
3158.236876
3069.837639
2983.150185
2898.378727
2815.849196
2735.555979
2657.419763
2581.54344
2507.890778
2436.380536
2366.880142
2299.32252
2233.765431
2169.954164
2107.40135
2045.714251
1984.217003
1921.832817
1856.758146
1785.683257
1702.922077
1600.377661
1460.772311
1131.753398
5435.929889
5385.785022
5325.290565
5274.141952
5220.185973
5161.69611
5098.757897
5031.374876
4959.579576
4883.630783
4803.808637
4720.399132
4633.728083
4544.097167
4451.956276
4357.705915
4261.6149
4164.111164
4065.74056
3966.652617
3867.185779
3767.950154
3669.36552
3571.630094
3474.764325
3379.157444
3285.317337
3193.360969
3103.185358
3015.002956
2929.152756
2845.628902
2764.34891
2685.419787
2608.803839
2534.416545
2462.119999
2391.844437
2323.649904
2257.271415
2192.202004
2128.033106
2064.061633
1999.167433
1931.47432
1857.539315
1771.447578
1664.776178
1519.548699
1177.299248
5655.858579
5603.682621
5540.738693
5487.519426
5431.379414
5370.521519
5305.035639
5234.924867
5160.223284
5081.200408
4998.147852
4911.362354
4821.183417
4727.925111
4632.055369
4533.990952
4434.011481
4332.562161
4230.210943
4127.113496
4023.622047
3920.371239
3817.797861
3716.108065
3615.323219
3515.848392
3418.21194
3322.535408
3228.711769
3136.962137
3047.639084
2960.736467
2876.168536
2794.046665
2714.331537
2636.935136
2561.714087
2488.595869
2417.642772
2348.579039
2280.877161
2214.112099
2147.552196
2080.031826
2009.598662
1932.670056
1843.091518
1732.097991
1580.979934
1224.874961
5885.92145
5831.622298
5766.117367
5710.732345
5652.307657
5588.973129
5520.82232
5447.858457
5370.117031
5287.878538
5201.446464
5111.129635
5017.281371
4920.228543
4820.458129
4718.403838
4614.356694
4508.780034
4402.264866
4294.973229
4187.271716
4079.820766
3973.074904
3867.248643
3762.364276
3658.843365
3557.235698
3457.667725
3360.028112
3264.546982
3171.591192
3081.154331
2993.147188
2907.685638
2824.728751
2744.184924
2665.904958
2589.813392
2515.97501
2444.102807
2373.647833
2304.167741
2234.901083
2164.634798
2091.337095
2011.279537
1918.057346
1802.548796
1645.280124
1274.699457
6126.625082
6070.101601
6001.915126
5944.263547
5883.448258
5817.522359
5746.582321
5670.632733
5589.710289
5504.107124
5414.139195
5320.127215
5222.439627
5121.416714
5017.565117
4911.33638
4803.033447
4693.138293
4582.266487
4470.586654
4358.480283
4246.634864
4135.52344
4025.369295
3916.195766
3808.441512
3702.678803
3599.039393
3497.407115
3398.021733
3301.265129
3207.130379
3115.524785
3026.568904
2940.220039
2856.382855
2774.902166
2695.699372
2618.841709
2544.030529
2470.694396
2398.372615
2326.272646
2253.131696
2176.834638
2093.499692
1996.459544
1876.217914
1712.497525
1326.74661
6378.528118
6319.679702
6248.688962
6188.665932
6125.34899
6056.711259
5982.85318
5903.77954
5819.52857
5730.404429
5636.736079
5538.857437
5437.152104
5331.974386
5223.851759
5113.254329
5000.497528
4886.083177
4770.652105
4654.379904
4537.663791
4421.219509
4305.539511
4190.856233
4077.194039
3965.009638
3854.898765
3746.998546
3641.188088
3537.717034
3436.982902
3338.978464
3243.60724
3150.994713
3061.09642
2973.813097
2888.983179
2806.524848
2726.508057
2648.621851
2572.271323
2496.976813
2421.913174
2345.765663
2266.33215
2179.571219
2078.541482
1953.356049
1782.901166
1381.297666
6642.190617
6580.905222
6506.976259
6444.470117
6378.534324
6307.057796
6230.145088
6147.801331
6060.066488
5967.256985
5869.715244
5767.789257
5661.878467
5552.351735
5439.758398
5324.588075
5207.169289
5088.024591
4967.821109
4846.741875
4725.200532
4603.9424
4483.480393
4364.056303
4245.69558
4128.873997
4014.211715
3901.851494
3791.667558
3683.919816
3579.022094
3476.967015
3377.654063
3281.213755
3187.599911
3096.708942
3008.372769
2922.506294
2839.182082
2758.076336
2678.56941
2600.161655
2521.994006
2442.69698
2359.976775
2269.624531
2164.410511
2034.036344
1856.507217
1438.274979
6918.246899
6854.413426
6777.411122
6712.306021
6643.628603
6569.180116
6489.069466
6403.302013
6311.919403
6215.25123
6113.654164
6007.490677
5897.176823
5783.096824
5665.822863
5545.864901
5423.565149
5299.467904
5174.267962
5048.156003
4921.562915
4795.264969
4669.796359
4545.408896
4422.129156
4300.452697
4181.025387
4063.995876
3949.233212
3837.008129
3727.75158
3621.455857
3518.016302
3417.568826
3320.06531
3225.397852
3133.391394
3043.957314
2957.171142
2872.695599
2789.885305
2708.219825
2626.804375
2544.212534
2458.055144
2363.948412
2254.3622
2118.569951
1933.660742
1498.051576
7207.317361
7140.809247
7060.584073
6992.756024
6921.207127
6843.646014
6760.186134
6670.833219
6575.629861
6474.920128
6369.076212
6258.474834
6143.549747
6024.701802
5902.526211
5777.55462
5650.143521
5520.860046
5390.427935
5259.04578
5127.162457
4995.586828
4864.87538
4735.29024
4606.859222
4480.098642
4355.681388
4233.762153
4114.204603
3997.290767
3883.469375
3772.732626
3664.971438
3560.327295
3458.750181
3360.127454
3264.276766
3171.105898
3080.69336
2992.687735
2906.416619
2821.337328
2736.517832
2650.471951
2560.709822
2462.663734
2348.486801
2207.000006
2014.324257
1560.467396
7510.109445
7440.806154
7357.209739
7286.530903
7211.974768
7131.153779
7044.186161
6951.077893
6851.873381
6746.931172
6636.639109
6521.389763
6401.635115
6277.792888
6150.483317
6020.260377
5887.495571
5752.779887
5616.867414
5479.965124
5342.540811
5205.43729
5069.234387
4934.205212
4800.378812
4668.293216
4538.64951
4411.608833
4287.029181
4165.204451
4046.602153
3931.214137
3818.926761
3709.88743
3604.044014
3501.27912
3401.402747
3304.318818
3210.109085
3118.407347
3028.51298
2939.860479
2851.478647
2761.818862
2668.286657
2566.122458
2447.149794
2299.719804
2098.949614
1626.025784
7827.303539
7755.06414
7667.929437
7594.262124
7516.554249
7432.318853
7341.676739
7244.634711
7141.239046
7031.863464
6916.911606
6796.793401
6671.978961
6542.904342
6410.216164
6274.491741
6136.117982
5995.711167
5854.057064
5711.37131
5568.141895
5425.246915
5283.290643
5142.557808
5003.078695
4865.414071
4730.294607
4597.888091
4468.046666
4341.076644
4217.465267
4097.203801
3980.174048
3866.529534
3756.215667
3649.110296
3545.01532
3443.830558
3345.641065
3250.064989
3156.372075
3063.972877
2971.854716
2878.403103
2780.913027
2674.422637
2550.407192
2396.720176
2187.412049
1694.436971
8159.716692
8084.408324
7993.572264
7916.775181
7835.765815
7747.951665
7653.458667
7552.293927
7444.505716
7330.48364
7210.648502
7085.427658
6955.311198
6820.75373
6682.429348
6540.939873
6396.688685
6250.318268
6102.647707
5953.90183
5804.589402
5655.625787
5507.640887
5360.931486
5215.529221
5072.018696
4931.161538
4793.132616
4657.777842
4525.416554
4396.556622
4271.18892
4149.190251
4030.720631
3915.723145
3804.070435
3695.555988
3590.075387
3487.717255
3388.083496
3290.412862
3194.090878
3098.061856
3000.642756
2899.013744
2788.001712
2658.720019
2498.507938
2280.313805
1766.418242
8508.101791
8429.562146
8334.836472
8254.75614
8170.285726
8078.720117
7980.189366
7874.702788
7762.309974
7643.417276
7518.463552
7387.894204
7252.220265
7111.91594
6967.68383
6820.151664
6669.739871
6517.118623
6363.14192
6208.043931
6052.355455
5897.030958
5742.726981
5589.753042
5438.142169
5288.504003
5141.632623
4997.71024
4856.576477
4718.563879
4584.202132
4453.481819
4326.274229
4202.746285
4082.838548
3966.41831
3853.270106
3743.284887
3636.555062
3532.665315
3430.821606
3330.383087
3230.24863
3128.662559
3022.683364
2906.914996
2772.087104
2604.990189
2377.396497
1841.439704
8873.363957
8791.451425
8692.658136
8609.138617
8521.04043
8425.542399
8322.780168
8212.763462
8095.544027
7971.545674
7841.226123
7705.049916
7563.550042
7417.221094
7266.795852
7112.928986
6956.059001
6796.884879
6636.297235
6474.540321
6312.167775
6150.175017
5989.246737
5829.705705
5671.586435
5515.524753
5362.34876
5212.248446
5065.056597
4921.120049
4780.991161
4644.660096
4511.992635
4383.162835
4258.108696
4136.691811
4018.687457
3903.981909
3792.671516
3684.323117
3578.108599
3473.359604
3368.927322
3262.980281
3152.452289
3031.715262
2891.101279
2716.834362
2479.47639
1920.550379
9256.34516
9170.872478
9067.79845
8980.668041
8888.763934
8789.141199
8681.940698
8567.172994
8444.891755
8315.539064
8179.592271
8037.53597
7889.926275
7737.279301
7580.359027
7419.848697
7256.205995
7090.159924
6922.63922
6753.899093
6584.516978
6415.531234
6247.656177
6081.228296
5916.283782
5753.485874
5593.698271
5437.119058
5283.574016
5133.42482
4987.247608
4845.031966
4706.638025
4572.247372
4441.794917
4315.136345
4192.037575
4072.379208
3956.261836
3843.233601
3732.430068
3623.153756
3514.205692
3403.674208
3288.358665
3162.386113
3015.664489
2833.810171
2586.085354
2002.850023
9658.052921
9568.886112
9461.337678
9370.424558
9274.530473
9170.582743
9058.728346
8938.978307
8811.388655
8676.420678
8534.572458
8386.34964
8232.332487
8073.059552
7909.327978
7741.850652
7571.105161
7397.852178
7223.060691
7046.997019
6870.263712
6693.944163
6518.783654
6345.133257
6173.030786
6003.168273
5836.446836
5673.073116
5512.865379
5356.200996
5203.681058
5055.294689
4910.895959
4770.674307
4634.561804
4502.407867
4373.968257
4249.118385
4127.963196
4010.029921
3894.418197
3780.400225
3666.724845
3551.397521
3431.078884
3299.641511
3146.556147
2956.816019
2698.352213
2089.882784
10079.43989
9986.347719
9874.082979
9779.194944
9679.112447
9570.62585
9453.886922
9328.908271
9195.748306
9054.888041
8906.847991
8752.154899
8591.414853
8425.189996
8254.311922
8079.524989
7901.327237
7720.512787
7538.093025
7354.345449
7169.899491
6985.885697
6803.081504
6621.853289
6442.240837
6264.966224
6090.969752
5920.467159
5753.268648
5589.768168
5430.592965
5275.731495
5125.031355
4978.690385
4836.637632
4698.715421
4564.669022
4434.368527
4307.923053
4184.838397
4064.174793
3945.172478
3826.524543
3706.147523
3580.553973
3443.345045
3283.521956
3085.404947
2815.484977
2180.185217
10521.67465
10424.49706
10307.30568
10208.25329
10103.77848
9990.530844
9868.668797
9738.205506
9599.201973
9452.160325
9297.623933
9136.14267
8968.349229
8794.830445
8616.454411
8433.998144
8247.981554
8059.233633
7868.810097
7677.000653
7484.462388
7292.375431
7101.551293
6912.372405
6724.880342
6539.828863
6358.199468
6180.217332
6005.684365
5835.011797
5668.854351
5507.199966
5349.889558
5197.129619
5048.84491
4904.871949
4764.945177
4628.928688
4496.936378
4368.452382
4242.495747
4118.273398
3994.42118
3868.764389
3737.662893
3594.437815
3427.609136
3220.810912
2939.069121
2276.03365
10985.75471
10884.23773
10761.8416
10658.40818
10549.31888
10431.07124
10303.82988
10167.60761
10022.46946
9868.938233
9707.58145
9538.973472
9363.775169
9182.599336
8996.351859
8805.844339
8611.619807
8414.543788
8215.718199
8015.445714
7814.412767
7613.851313
7414.608563
7217.083669
7021.320246
6828.105379
6638.463636
6452.629705
6270.39724
6092.195585
5918.708095
5749.921742
5585.670701
5426.170643
5271.34239
5121.015471
4974.912402
4832.891013
4695.06983
4560.909676
4429.385954
4299.669356
4170.334662
4039.108647
3902.186849
3752.589713
3578.315504
3362.249669
3067.816468
2375.106223
11473.04169
11367.02177
11239.19665
11131.17456
11017.24581
10893.75252
10760.86661
10618.60148
10467.02504
10306.68329
10138.16894
9962.08183
9779.112157
9589.899917
9395.391177
9196.43354
8993.594142
8787.77691
8580.132622
8370.977391
8161.028099
7951.571341
7743.4919
7537.206501
7332.759801
7130.9752
6932.922273
6738.846113
6548.531224
6362.425981
6181.244031
6004.971776
5833.436043
5666.862045
5505.167102
5348.173186
5195.590514
5047.270603
4903.337202
4763.227297
4625.870952
4490.402097
4355.332461
4218.288271
4075.296859
3919.07028
3737.076636
3511.445011
3203.986065
2480.780269
11984.60452
11873.7793
11740.20196
11627.34559
11508.32839
11379.32256
11240.50584
11091.89273
10933.55307
10766.05707
10590.02375
10406.07994
10214.94682
10017.29279
9814.10609
9606.272386
9394.384018
9179.3853
8962.478148
8743.992784
8524.678689
8305.879612
8088.519202
7873.03274
7659.467339
7448.683187
7241.797194
7039.065037
6840.261946
6645.856091
6456.592771
6272.457728
6093.269939
5919.264385
5750.354681
5586.35461
5426.961022
5272.018949
5121.656858
4975.285683
4831.787303
4690.255339
4549.133615
4405.938642
4256.515302
4093.241611
3903.003931
3667.093989
3345.535831
2589.432379
12522.04223
12406.24711
12266.67984
12148.76232
12024.40801
11889.61719
11744.57556
11589.29826
11423.85828
11248.8514
11064.92438
10872.73219
10673.02834
10466.5112
10254.21333
10037.06011
9815.670445
9591.03099
9364.397542
9136.115166
8906.966928
8678.356801
8451.249862
8226.100938
8002.959284
7782.723589
7566.560817
7354.738178
7147.020866
6943.897976
6746.148177
6553.756659
6366.534302
6184.726559
6008.243223
5836.889745
5670.349409
5508.460264
5351.356473
5198.422726
5048.490934
4900.614069
4753.166447
4603.553669
4447.435169
4276.84906
4078.097055
3831.636264
3495.712109
2706.069189
13086.49106
12965.3535
12819.4145
12696.15571
12566.18333
12425.30835
12273.72002
12111.43597
11938.53129
11755.62834
11563.4041
11362.54122
11153.82844
10937.9959
10716.1221
10489.1747
10257.80009
10023.02963
9786.175534
9547.598534
9308.117275
9069.199161
8831.852177
8596.551435
8363.349111
8133.184347
7907.276028
7685.903327
7468.821194
7256.54058
7049.874664
6848.808075
6653.143024
6463.135462
6278.691155
6099.605927
5925.54851
5756.349384
5592.147645
5432.299424
5275.581978
5121.00375
4966.863506
4810.44441
4647.202692
4468.802257
4260.893541
4002.98801
3651.320073
2825.121692
13679.81064
13553.18017
13400.62175
13271.77186
13135.90398
12988.63922
12830.17542
12660.53098
12479.78447
12288.58647
12087.6447
11877.6728
11659.49529
11433.87548
11201.94078
10964.70273
10722.83711
10477.42205
10229.82918
9980.435666
9730.097323
9480.348047
9232.241469
8986.274177
8742.500795
8501.903041
8265.754963
8034.348342
7807.427053
7585.525205
7369.492771
7159.313669
6954.781165
6756.162793
6563.356491
6376.153615
6194.206816
6017.338715
5845.694717
5678.601858
5514.782126
5353.199139
5192.074885
5028.569952
4857.935731
4671.460795
4454.15015
4184.594116
3817.065289
2953.953397
14303.15779
14170.56452
14010.92638
13876.17133
13734.1003
13580.12384
13414.43938
13237.0672
13048.08779
12848.18094
12638.08597
12418.54878
12190.43166
11954.53304
11712.0318
11463.98546
11211.10005
10954.50365
10695.6297
10434.87268
10173.12738
9911.997338
9652.584373
9395.407553
9140.5239
8888.959713
8642.046801
8400.090373
8162.822782
7930.801545
7704.915265
7485.147444
7271.281586
7063.596475
6861.985354
6666.229928
6475.965758
6291.006913
6111.504171
5936.752525
5765.41323
5596.399895
5427.837241
5256.760734
5078.191407
4882.99646
4655.438019
4373.003792
3987.659075
3083.621619
14958.80493
14820.13358
14653.17719
14512.24153
14363.65481
14202.61699
14029.33455
13843.82869
13646.18361
13437.11028
13217.38194
12987.77871
12749.20245
12502.48823
12248.86899
11989.45075
11724.97195
11456.61244
11185.87126
10913.16108
10639.41778
10366.31836
10095.0151
9826.050822
9559.48528
9296.391843
9038.163282
8785.118756
8536.978439
8294.325448
8058.089046
7828.251999
7604.587931
7387.386986
7176.534847
6971.809216
6772.826848
6579.393284
6391.666168
6208.908296
6029.719815
5852.964773
5676.682564
5497.773866
5311.033665
5106.915279
4868.96919
4573.666758
4170.815176
3226.361772
15647.76069
15502.31009
15327.40346
15179.90728
15024.45602
14855.99284
14674.72812
14480.68073
14273.93603
14055.23767
13825.3943
13585.22164
13335.66228
13077.59132
12812.29666
12540.93559
12264.28073
11983.56589
11700.35906
11415.09176
11128.74297
10843.06596
10559.2666
10277.91257
9999.066308
9723.850274
9453.720454
9189.010883
8929.42892
8675.583912
8428.447494
8188.001285
7954.008127
7726.770607
7506.16773
7291.965711
7083.768949
6881.363275
6684.909469
6493.643198
6306.090031
6121.056106
5936.480983
5749.073484
5553.401622
5339.425644
5089.812034
4779.697021
4356.131922
3364.917389
16372.98926
16220.7972
16037.78501
15883.45206
15720.79628
15544.52543
15354.85848
15151.81551
14935.4871
14706.65129
14466.15422
14214.84947
13953.72333
13683.69149
13406.10158
13122.16453
12832.6888
12538.96541
12242.63497
11944.14834
11644.52839
11345.61241
11048.6613
10754.26903
10462.50093
10174.53155
9891.883851
9614.907506
9343.29621
9077.687315
8819.097306
8567.506987
8322.668271
8084.897829
7854.069279
7629.938251
7412.091157
7200.304459
6994.746865
6794.619197
6598.379482
6404.77905
6211.663462
6015.590714
5810.881395
5587.040161
5325.950898
5001.632378
4558.777954
3523.810584
17134.91596
16974.78794
16782.7016
16621.03671
16450.76674
16266.27541
16067.77924
15855.29316
15628.90771
15389.43535
15137.76092
14874.77682
14601.5147
14318.93297
14028.44103
13731.3062
13428.37479
13120.99672
12810.88781
12498.52151
12184.9674
11872.14566
11561.37641
11253.28235
10947.93159
10646.54597
10350.71456
10060.85895
9776.580121
9498.538498
9227.878187
8964.525528
8708.2241
8459.307699
8217.642644
7982.971764
7754.860329
7533.069638
7317.770732
7108.121153
6902.498987
6699.584009
6497.072357
6291.30866
6076.364556
5841.115135
5566.337873
5224.310089
4756.213723
3665.975261
17937.88891
17770.25639
17569.1711
17399.92779
17221.6796
17028.5442
16820.74774
16598.30591
16361.31347
16110.62087
15847.15434
15571.84796
15285.78185
14989.95856
14685.85359
14374.79349
14057.6638
13735.87802
13411.22344
13084.19755
12755.92815
12428.42292
12103.06401
11780.50354
11460.81368
11145.27461
10835.54972
10532.08312
10234.45845
9943.367457
9660.010251
9384.30976
9115.998791
8855.426924
8602.454636
8356.812455
8118.045581
7885.904607
7660.567648
7441.153011
7225.962902
7013.53932
6801.581539
6586.232048
6361.293777
6115.142408
5827.702001
5470.030712
4980.77112
3844.306943
18780.75268
18603.4182
18391.69441
18214.18012
18027.46157
17825.21362
17607.64568
17374.76296
17126.64257
16864.16175
16588.42135
16300.22344
16000.67087
15690.99887
15372.63696
15046.982
14714.96999
14378.07863
14038.17824
13695.78964
13352.09217
13009.18521
12668.51558
12330.76715
11996.01579
11665.59816
11341.25535
11023.45321
10711.75723
10406.88648
10110.09333
9821.300548
9540.226215
9267.232738
9002.170694
8744.754251
8494.50063
8251.140341
8014.847645
7784.672699
7558.744966
7335.629202
7112.825603
6886.220158
6649.199571
6389.347921
6085.079287
5704.962324
5182.80086
3977.548188
19670.64739
19484.90981
19263.11087
19077.14057
18881.52818
18669.64833
18441.71959
18197.7471
17937.81202
17662.83198
17373.96458
17072.04925
16758.23862
16433.83102
16100.32308
15759.17889
15411.37957
15058.47507
14702.42212
14343.7685
13983.75244
13624.57186
13267.74151
12913.97689
12563.36119
12217.29567
11877.60076
11544.76318
11218.32986
10899.05543
10588.24825
10285.82711
9991.498877
9705.642594
9428.10242
9158.5792
8896.569008
8641.790681
8394.426859
8153.484078
7916.905483
7683.271897
7450.010625
7212.795148
6964.720326
6692.832046
6374.627513
5977.365374
5432.198891
4180.592415
20602.63291
20404.25709
20169.48265
19974.04805
19768.95369
19546.92124
19308.13148
19052.57003
18780.30968
18492.30181
18189.75741
17873.55358
17544.88531
17205.1076
16855.79585
16498.48304
16134.19569
15764.55574
15391.6111
15015.93615
14638.82628
14262.58079
13888.78525
13518.18872
13150.87737
12788.31582
12432.40724
12083.66057
11741.60013
11407.01038
11081.2576
10764.25353
10455.68623
10155.94444
9864.856702
9582.10089
9307.135727
9039.531061
8779.610093
8526.252888
8277.259368
8031.07505
7784.902321
7534.048317
7271.010029
6981.695412
6641.335702
6213.283993
5621.500494
4278.781321
21589.73242
21381.85162
21135.73252
20930.84126
20715.82712
20483.06261
20232.73548
19964.83144
19679.42731
19377.5214
19060.38351
18728.93262
18384.42183
18028.27298
17662.13737
17287.62113
16905.80266
16518.38322
16127.50613
15733.77621
15338.55536
14944.25138
14552.52464
14164.15816
13779.24826
13399.33168
13026.39931
12660.98164
12302.58529
11952.0359
11610.76017
11278.66673
10955.43174
10641.46253
10336.58055
10040.44901
9752.503692
9472.296591
9200.166714
8934.765104
8673.936764
8416.127067
8158.367968
7895.766696
7620.508865
7317.939312
6962.340141
6515.710188
5899.444714
4515.52209
22618.72575
22392.80206
22129.73598
21913.71582
21688.00324
21443.90372
21181.51503
20900.78164
20601.75112
20285.45405
19953.21089
19605.97984
19245.06811
18871.96301
18488.39066
18096.03187
17696.01512
17290.11894
16880.58539
16468.04996
16053.93406
15640.75416
15230.2486
14823.23599
14419.81667
14021.59213
13630.64112
13247.51681
12871.70197
12504.04992
12146.04427
11797.58382
11458.31952
11128.66088
10808.40524
10497.17855
10194.36205
9899.410131
9612.415601
9332.245147
9056.42945
8783.197612
8509.222808
8229.039844
7933.894834
7607.327478
7219.886873
6726.972348
6038.843572
4526.902531
23714.45501
23477.58676
23201.67571
22975.01881
22738.20658
22482.11556
22206.8455
21912.33775
21598.64414
21266.84709
20918.3308
20554.10192
20175.53328
19784.18617
19381.87188
18970.35257
18550.81474
18125.12778
17695.63669
17263.01287
16828.75389
16395.49708
15965.06101
15538.30204
15115.33535
14697.84472
14288.00317
13886.38622
13492.46156
13107.12944
12731.93858
12366.78422
12011.30716
11665.93682
11330.46319
11004.49691
10687.39515
10378.59092
10078.11078
9784.406938
9495.526381
9209.41348
8922.608939
8629.43833
8320.831984
7979.783564
7575.955018
7063.513954
6350.766681
4814.118641
24846.1601
24580.90848
24280.8934
24040.48067
23791.42455
23522.61507
23233.94014
22925.26175
22596.56542
22248.94655
21883.83825
21502.28018
21105.70367
20695.73797
20274.27168
19843.14738
19403.60514
18957.59574
18507.56763
18054.22833
17599.13698
17145.04208
16693.8458
16246.44316
15802.95442
15365.12535
14935.21424
14513.82401
14100.39461
13695.84477
13301.77296
12918.06026
12544.30853
12180.93244
11827.6797
11484.09838
11149.4573
10823.08581
10504.38285
10192.13419
9884.109215
9577.775494
9269.054872
8951.29891
8613.822351
8236.490862
7782.387686
7194.239121
6363.924164
4641.991436
26062.88231
25784.64848
25469.8062
25217.27578
24955.70233
24673.40637
24370.2657
24046.13336
23700.99855
23336.01257
22952.67948
22552.09276
22135.75831
21705.38883
21262.96924
20810.43115
20349.08338
19880.9794
19408.67849
18932.93207
18455.3906
17978.9334
17505.55063
17036.17725
16570.9586
16111.73564
15660.86474
15218.97079
14785.48541
14361.38441
13948.33147
13546.20505
13154.60111
12773.95526
12404.00872
12044.2946
11694.05701
11352.60301
11018.94812
10691.60432
10369.12816
10048.56091
9725.691481
9393.675808
9041.556651
8648.795143
8177.939547
7571.150156
6720.308694
5013.488391
27296.46344
26969.28497
26616.67454
26346.04491
26070.13084
25773.44049
25455.40615
25115.7019
24754.17863
24371.96319
23970.5862
23551.17092
23115.27309
22664.67349
22201.43295
21727.56541
21244.43693
20754.1806
20259.45823
19761.0653
19260.71067
18761.37968
18265.14779
17772.99212
17285.06312
16803.24833
16329.98179
15865.91553
15410.45028
14964.55555
14529.92499
14106.41228
13693.55033
13291.7211
12900.58723
12519.56813
12147.75375
11784.2594
11426.84697
11074.53477
10725.66767
10376.29762
10021.07805
9651.389003
9253.308817
8800.546285
8243.786333
7506.527067
6462.628914
4500.074357
28646.33806
28303.02219
27932.74548
27648.01371
27357.80744
27045.79635
26711.3736
26354.19401
25974.10769
25572.30215
25150.38522
24709.54222
24251.41364
23777.87629
23291.10034
22793.19702
22285.61567
21770.61062
21250.95541
20727.50547
20202.08244
19677.81324
19156.86476
18640.25626
18128.1842
17622.64854
17126.178
16639.44418
16161.85672
15694.45552
15238.99406
14795.32608
14362.98842
13942.38433
13533.1727
13134.76001
12746.21498
12366.62998
11992.65474
11623.49744
11258.76746
10893.83577
10523.25585
10138.30042
9724.975514
9257.100456
8686.064134
7937.0458
6888.599187
5022.108998
29964.43704
29530.47206
29095.5207
28784.92146
28477.30294
28148.81797
27797.90128
27423.83419
27026.17443
26605.99968
26164.90207
25704.07368
25225.18952
24730.1808
24221.28603
23700.69134
23169.90207
22631.24247
22087.57824
21539.81419
20989.81948
20440.80448
19895.01654
19353.51419
18816.49836
18285.98148
17764.54028
17252.86933
16750.33834
16257.935
15777.39081
15308.51183
14850.72295
14404.29868
13968.74255
13543.24541
13126.59466
12717.51614
12309.4701
11904.22774
11499.95944
11090.37141
10667.86767
10220.3815
9728.319405
9154.83073
8431.49282
7460.963964
6125.251299
3969.226844
31454.54777
30999.20625
30542.22522
30214.64914
29890.43752
29544.32954
29174.65838
28780.65987
28361.88503
27919.47369
27455.09849
26970.02697
26466.03092
25945.15479
25409.76076
24862.1412
24303.90808
23737.52833
23165.97488
22590.23752
22012.3316
21435.61636
20862.42856
20293.87006
19730.22398
19173.63823
18626.77227
18090.33035
17563.72511
17048.03477
16545.03631
16054.53995
15575.99467
15109.69664
14655.1535
14211.55231
13777.6732
13352.22496
12924.78357
12501.52499
12080.3149
11654.36179
11216.12692
10753.77563
10248.33443
9664.703319
8938.843598
7980.632161
6682.946294
4750.796825
32794.18432
32162.86754
31587.71279
31221.29064
30875.20785
30510.02839
30122.36773
29710.66567
29273.87024
28812.83688
28329.12981
27823.97062
27299.12951
26756.6765
26199.01921
25628.50172
25046.78055
24456.37016
23860.30538
23259.62505
22656.36422
22053.92298
21454.6922
20859.79368
20269.4988
19685.91244
19111.6806
18547.49706
17992.7033
17448.24593
16915.78512
16395.01173
15885.16574
15386.27468
14897.53658
14417.72738
13944.48444
13472.07728
12995.14731
12516.60735
12032.41022
11533.12555
11007.18993
10436.59282
9792.243743
9021.953862
8039.944293
6758.35744
5146.231086
3031.089187
34406.10048
33744.70358
33141.08971
32753.30553
32387.82928
32002.39385
31593.39203
31159.16595
30698.63521
30212.71879
29703.06155
29170.97332
28618.33876
28047.36159
27460.58715
26860.47386
26248.81269
25628.28604
25002.02096
24371.17136
23737.95877
23105.92776
22477.5497
21853.98757
21235.63915
20624.76036
20024.05718
19434.22675
18854.68704
18286.49069
17731.32807
17188.90735
16658.51061
16140.19855
15633.19451
15136.28065
14643.21372
14149.99452
13654.76493
13158.90275
12658.56456
12144.73431
11606.48784
11027.18763
10380.52178
9620.553815
8673.667055
7464.163622
5963.051205
4185.63418
35553.27242
34538.05413
33711.74944
33257.4029
32861.18454
32452.07128
32022.57968
31569.49171
31090.60058
30586.25844
30057.84028
29506.55476
28934.25621
28343.16112
27735.82562
27114.69963
26481.64226
25839.38318
25190.95733
24537.57835
23881.53696
23226.29343
22574.18986
21926.27647
21282.97469
20646.45573
20019.14985
19401.49573
18792.80738
18193.92103
17606.07905
17028.58807
16460.33897
15900.78066
15348.39626
14800.68763
14250.63266
13693.25377
13125.42982
12545.63948
11946.30405
11313.93601
10630.88882
9871.348141
8997.621464
7955.769422
6688.720644
5198.576187
3595.604947
1919.000223
37160.17555
36104.06234
35240.33889
34762.3647
34345.25067
33915.18135
33464.26735
32989.05832
32487.26794
31959.28916
31406.57277
30830.41646
30232.79322
29616.05329
28982.88809
28335.86322
27676.96151
27009.0539
26335.28039
25656.94218
24976.45402
24297.40022
23622.20524
22951.95607
22282.92439
21621.49405
20970.7406
20330.40223
19699.79622
19079.77787
18471.6218
17874.69924
17287.93619
16710.78497
16141.82759
15578.71154
15014.97186
14445.69717
13867.80341
13279.8198
12675.59092
12043.76563
11369.25008
10630.66109
9797.609304
8827.822737
7676.132553
6334.879149
4873.483408
3499.221713
35811.29053
34347.52307
33218.66789
32699.93927
32285.65866
31869.89849
31438.12412
30982.19812
30497.07593
29981.53587
29436.19174
28862.47411
28262.85065
27640.39264
26998.21894
26339.73198
25669.16523
24989.92687
24304.39735
23615.45174
22926.21249
22239.45658
21556.87493
20879.29715
20207.15066
19543.81472
18890.3499
18246.37533
17611.5071
16985.6817
16368.35664
15757.95509
15152.47358
14549.52124
13945.73336
13336.69496
12716.82114
12081.1815
11424.92372
10742.11937
10023.84628
9258.784307
8434.421066
7538.044767
6557.763402
5486.292039
4339.827232
3174.605016
2079.660839
1057.058235
20347.22997
22086.16821
22086.27706
22402.0379
22916.24892
23573.18919
24334.75356
25154.75035
25983.75989
26758.74104
27432.21091
27961.06996
28321.39309
28470.13087
27867.98907
27210.41234
26540.12744
25862.5748
25179.909
24495.34994
23812.20767
23133.10181
22459.67542
21792.78942
21132.86403
20482.17347
19841.91544
19212.10851
18592.43437
17982.64947
17382.27
16790.18698
16204.84598
15624.33202
15046.12628
14466.97517
13882.77697
13289.29034
12682.20716
12056.72846
11406.61109
10723.88415
9999.117447
9221.926644
8381.633646
7469.289973
6485.795636
5450.874795
4412.733344
3559.20992
613.7187161
878.5379221
971.3409242
1122.172481
1387.254014
1883.692831
2835.854092
4545.277647
7192.264342
10550.34679
13933.26413
16533.45442
17856.53737
17884.31265
17125.31656
16388.95945
15678.19647
14990.29857
14325.64248
13681.48518
13056.84523
12450.70272
11861.93897
11289.43055
10732.0679
10188.75144
9658.258415
9139.286458
8630.506373
8130.558899
7638.027602
7151.424252
6669.195306
6189.711602
5711.24866
5231.972709
4749.925249
4265.927425
3809.156776
3376.814064
2966.237886
2575.021623
2200.924541
1848.502017
1521.918761
1219.930043
942.6574075
692.7642305
471.1696159
252.6816006
)
;

boundaryField
{
    axis
    {
        type            empty;
    }
    inlet
    {
        type            zeroGradient;
    }
    wall
    {
        type            zeroGradient;
    }
    outlet
    {
        type            zeroGradient;
    }
    front
    {
        type            wedge;
    }
    back
    {
        type            wedge;
    }
}


// ************************************************************************* //
