/*--------------------------------*- C++ -*----------------------------------*\
| =========                 |                                                 |
| \\      /  F ield         | OpenFOAM: The Open Source CFD Toolbox           |
|  \\    /   O peration     | Version:  5.x                                   |
|   \\  /    A nd           | Web:      www.OpenFOAM.org                      |
|    \\/     M anipulation  |                                                 |
\*---------------------------------------------------------------------------*/
FoamFile
{
    version     2.0;
    format      ascii;
    class       volScalarField;
    location    "0.004";
    object      T;
}
// * * * * * * * * * * * * * * * * * * * * * * * * * * * * * * * * * * * * * //

dimensions      [0 0 0 1 0 0 0];

internalField   nonuniform List<scalar> 
7950
(
583.0482044
583.292622
583.8315467
584.6537695
585.7611505
587.1584984
588.8525791
590.8519199
593.1667984
595.8092991
598.7934082
602.1351346
605.8526567
609.9664924
614.4996946
619.4780739
624.9304512
630.8889419
637.3892769
644.4711627
652.1786861
660.5607684
669.6716741
679.5715811
690.3272198
702.0125895
714.7097594
728.5097678
743.5136282
759.8334575
777.59374
796.9327439
818.0041106
840.978636
866.0462688
893.4183534
923.3301456
956.0436384
991.8507338
1031.076806
1074.084703
1121.279248
1173.11229
1230.088396
1292.771237
1361.790784
1437.851397
1521.740933
1614.340997
1716.638482
1082.485364
1082.857731
1083.677663
1084.92553
1086.600275
1088.703936
1091.240063
1094.21332
1097.629354
1101.49473
1105.816909
1110.604231
1115.865906
1121.612008
1127.85347
1134.602068
1141.870414
1149.67194
1158.020869
1166.932192
1176.421628
1186.505571
1197.201033
1208.525567
1220.49717
1233.134172
1246.455094
1260.47848
1275.2227
1290.705705
1306.944745
1323.956034
1341.75435
1360.352568
1379.761117
1399.987336
1421.034725
1442.902079
1465.582473
1489.062085
1513.318836
1538.320806
1564.024414
1590.372308
1617.29093
1644.687711
1672.447839
1700.430544
1728.464815
1756.344486
1398.099612
1398.383308
1399.007519
1399.956213
1401.226957
1402.819114
1404.732631
1406.967727
1409.52477
1412.40422
1415.606588
1419.132404
1422.982192
1427.156433
1431.655543
1436.479836
1441.629487
1447.1045
1452.904658
1459.029484
1465.47819
1472.249621
1479.342199
1486.753863
1494.481998
1502.523366
1510.87403
1519.529271
1528.483502
1537.730183
1547.261717
1557.069362
1567.143123
1577.471651
1588.042139
1598.840216
1609.849848
1621.053237
1632.430736
1643.960763
1655.619742
1667.382058
1679.220037
1691.103963
1703.002141
1714.881001
1726.705282
1738.438291
1750.042255
1761.478802
1573.664383
1573.835533
1574.211947
1574.783582
1575.548407
1576.505294
1577.653276
1578.991369
1580.518498
1582.233464
1584.134925
1586.221377
1588.49115
1590.942385
1593.573031
1596.38083
1599.363306
1602.51775
1605.841212
1609.330483
1612.982085
1616.792256
1620.756935
1624.87175
1629.132006
1633.532665
1638.068342
1642.733283
1647.521362
1652.426064
1657.440483
1662.557305
1667.768813
1673.066875
1678.44295
1683.888089
1689.392938
1694.947754
1700.542412
1706.166435
1711.809006
1717.45901
1723.105062
1728.735554
1734.338701
1739.902601
1745.415291
1750.864819
1756.239318
1761.527079
1664.739317
1664.832457
1665.037254
1665.348132
1665.763824
1666.283497
1666.906356
1667.631544
1668.458107
1669.384977
1670.410964
1671.53475
1672.754888
1674.069795
1675.477754
1676.976911
1678.565271
1680.240701
1682.000923
1683.843517
1685.765922
1687.765429
1689.839186
1691.984195
1694.197315
1696.475261
1698.814604
1701.211777
1703.663072
1706.164648
1708.71253
1711.302617
1713.930687
1716.592397
1719.283299
1721.998842
1724.734379
1727.485183
1730.246451
1733.013319
1735.780874
1738.544166
1741.298225
1744.038071
1746.758738
1749.45528
1752.122797
1754.756448
1757.351467
1759.903186
1709.834824
1709.883135
1709.98935
1710.150546
1710.366024
1710.635295
1710.957874
1711.333235
1711.760786
1712.239867
1712.769742
1713.349603
1713.978561
1714.655656
1715.37985
1716.150028
1716.965004
1717.823513
1718.724222
1719.665724
1720.646541
1721.665127
1722.719868
1723.809086
1724.931037
1726.083918
1727.265866
1728.474961
1729.709229
1730.966648
1732.245146
1733.542607
1734.856876
1736.185762
1737.527038
1738.878452
1740.237728
1741.602571
1742.970671
1744.339709
1745.707364
1747.071315
1748.429249
1749.778865
1751.117882
1752.444041
1753.755114
1755.048908
1756.323274
1757.576105
1731.081043
1731.105545
1731.159411
1731.241152
1731.350403
1731.4869
1731.650381
1731.840559
1732.057109
1732.299672
1732.567845
1732.861187
1733.179217
1733.521412
1733.887212
1734.276016
1734.687186
1735.120045
1735.573883
1736.047951
1736.541467
1737.053616
1737.583552
1738.130396
1738.693243
1739.271157
1739.863179
1740.468323
1741.085582
1741.713925
1742.352307
1742.99966
1743.654904
1744.316945
1744.984678
1745.656988
1746.332754
1747.010848
1747.690144
1748.369512
1749.047826
1749.723964
1750.39681
1751.065259
1751.728217
1752.384603
1753.033354
1753.673423
1754.303787
1754.923442
1740.231544
1740.243842
1740.270877
1740.3119
1740.366726
1740.435218
1740.517242
1740.612647
1740.721267
1740.842913
1740.977377
1741.124432
1741.283826
1741.455292
1741.638538
1741.833256
1742.039116
1742.255772
1742.482859
1742.719992
1742.966773
1743.222786
1743.4876
1743.760768
1744.04183
1744.330315
1744.625736
1744.927596
1745.23539
1745.548601
1745.866703
1746.189164
1746.515446
1746.845002
1747.177285
1747.511741
1747.847815
1748.184952
1748.522594
1748.860185
1749.197172
1749.533004
1749.867134
1750.199021
1750.528128
1750.853929
1751.175904
1751.493541
1751.806342
1752.113817
1743.311094
1743.317237
1743.330741
1743.351231
1743.378615
1743.412823
1743.453788
1743.501432
1743.555672
1743.616412
1743.683546
1743.75696
1743.836525
1743.922107
1744.013558
1744.110721
1744.213432
1744.321514
1744.434784
1744.553047
1744.676104
1744.803745
1744.935752
1745.071903
1745.211966
1745.355704
1745.502874
1745.653228
1745.806513
1745.96247
1746.120838
1746.281351
1746.44374
1746.607735
1746.773063
1746.939449
1747.106617
1747.274293
1747.442199
1747.610061
1747.777605
1747.944558
1748.11065
1748.275614
1748.439185
1748.601102
1748.76111
1748.918956
1749.074395
1749.227184
1743.358181
1743.361243
1743.367973
1743.378186
1743.391834
1743.408882
1743.429298
1743.453042
1743.480072
1743.51034
1743.543793
1743.580373
1743.620017
1743.662657
1743.708218
1743.756623
1743.807788
1743.861625
1743.918043
1743.976944
1744.038228
1744.101791
1744.167524
1744.235315
1744.305048
1744.376606
1744.449868
1744.524709
1744.601003
1744.678621
1744.757434
1744.837309
1744.918111
1744.999708
1745.081962
1745.164737
1745.247896
1745.331303
1745.41482
1745.498311
1745.58164
1745.664671
1745.747271
1745.829306
1745.910647
1745.991163
1746.070727
1746.149216
1746.226506
1746.302478
1741.893866
1741.89539
1741.898741
1741.903826
1741.910621
1741.91911
1741.929275
1741.941097
1741.954554
1741.969624
1741.986279
1742.00449
1742.024227
1742.045454
1742.068135
1742.092231
1742.117701
1742.1445
1742.172582
1742.2019
1742.232403
1742.264039
1742.296755
1742.330493
1742.365197
1742.400808
1742.437266
1742.474508
1742.512472
1742.551093
1742.590308
1742.63005
1742.670252
1742.710848
1742.75177
1742.79295
1742.83432
1742.875813
1742.917359
1742.958891
1743.000341
1743.041642
1743.082729
1743.123534
1743.163992
1743.20404
1743.243615
1743.282654
1743.321096
1743.358883
1739.677008
1739.677767
1739.679435
1739.681965
1739.685347
1739.689572
1739.694631
1739.700514
1739.707211
1739.714711
1739.723
1739.732063
1739.741885
1739.752448
1739.763735
1739.775726
1739.788401
1739.801737
1739.815711
1739.8303
1739.845478
1739.86122
1739.877499
1739.894287
1739.911554
1739.929273
1739.947413
1739.965943
1739.984832
1740.004047
1740.023558
1740.04333
1740.063332
1740.083528
1740.103887
1740.124374
1740.144955
1740.165597
1740.186265
1740.206926
1740.227546
1740.248092
1740.268531
1740.28883
1740.308956
1740.328878
1740.348564
1740.367984
1740.387107
1740.405904
1737.085623
1737.086
1737.08683
1737.088089
1737.089772
1737.091874
1737.094391
1737.097318
1737.100651
1737.104383
1737.108507
1737.113016
1737.117903
1737.123159
1737.128775
1737.134742
1737.141048
1737.147683
1737.154636
1737.161895
1737.169447
1737.177279
1737.185378
1737.193731
1737.202322
1737.211138
1737.220163
1737.229382
1737.238779
1737.248339
1737.258046
1737.267883
1737.277834
1737.287882
1737.29801
1737.308202
1737.318441
1737.32871
1737.338993
1737.349271
1737.359529
1737.369751
1737.379919
1737.390017
1737.400029
1737.40994
1737.419733
1737.429394
1737.438907
1737.448258
1734.307879
1734.308066
1734.308479
1734.309106
1734.309943
1734.310989
1734.312241
1734.313698
1734.315356
1734.317212
1734.319264
1734.321508
1734.323939
1734.326554
1734.329349
1734.332317
1734.335454
1734.338756
1734.342215
1734.345826
1734.349583
1734.35348
1734.35751
1734.361665
1734.365939
1734.370325
1734.374815
1734.379402
1734.384077
1734.388833
1734.393662
1734.398556
1734.403507
1734.408506
1734.413545
1734.418615
1734.423709
1734.428818
1734.433933
1734.439047
1734.44415
1734.449235
1734.454293
1734.459317
1734.464298
1734.469229
1734.474101
1734.478907
1734.48364
1734.488292
1731.437415
1731.437508
1731.437714
1731.438025
1731.438442
1731.438962
1731.439585
1731.44031
1731.441135
1731.442059
1731.443079
1731.444196
1731.445405
1731.446706
1731.448096
1731.449573
1731.451134
1731.452777
1731.454498
1731.456294
1731.458163
1731.460102
1731.462107
1731.464174
1731.466301
1731.468483
1731.470716
1731.472998
1731.475324
1731.47769
1731.480093
1731.482528
1731.484991
1731.487477
1731.489984
1731.492507
1731.495041
1731.497583
1731.500128
1731.502671
1731.50521
1731.50774
1731.510257
1731.512756
1731.515234
1731.517687
1731.520111
1731.522502
1731.524856
1731.52717
1728.520822
1728.520868
1728.52097
1728.521125
1728.521333
1728.521591
1728.521901
1728.522262
1728.522672
1728.523132
1728.52364
1728.524195
1728.524797
1728.525444
1728.526136
1728.52687
1728.527647
1728.528464
1728.52932
1728.530214
1728.531144
1728.532109
1728.533106
1728.534134
1728.535192
1728.536278
1728.537389
1728.538524
1728.539682
1728.540859
1728.542054
1728.543265
1728.544491
1728.545728
1728.546975
1728.54823
1728.549491
1728.550755
1728.552021
1728.553287
1728.55455
1728.555809
1728.55706
1728.558304
1728.559537
1728.560757
1728.561963
1728.563152
1728.564324
1728.565475
1725.581279
1725.581302
1725.581353
1725.58143
1725.581533
1725.581662
1725.581816
1725.581995
1725.582199
1725.582428
1725.582681
1725.582957
1725.583256
1725.583578
1725.583922
1725.584288
1725.584674
1725.585081
1725.585507
1725.585951
1725.586414
1725.586894
1725.58739
1725.587902
1725.588428
1725.588968
1725.589521
1725.590086
1725.590662
1725.591247
1725.591842
1725.592444
1725.593054
1725.59367
1725.59429
1725.594914
1725.595542
1725.596171
1725.596801
1725.59743
1725.598059
1725.598685
1725.599308
1725.599926
1725.600539
1725.601147
1725.601747
1725.602338
1725.602921
1725.603494
1722.630318
1722.63033
1722.630355
1722.630393
1722.630445
1722.630509
1722.630585
1722.630675
1722.630776
1722.63089
1722.631016
1722.631153
1722.631302
1722.631462
1722.631633
1722.631815
1722.632008
1722.63221
1722.632422
1722.632643
1722.632873
1722.633112
1722.633359
1722.633613
1722.633875
1722.634144
1722.634419
1722.6347
1722.634986
1722.635277
1722.635573
1722.635873
1722.636176
1722.636483
1722.636791
1722.637102
1722.637414
1722.637727
1722.63804
1722.638353
1722.638666
1722.638977
1722.639287
1722.639595
1722.6399
1722.640202
1722.640501
1722.640795
1722.641085
1722.64137
1719.673678
1719.673683
1719.673696
1719.673715
1719.673741
1719.673772
1719.673811
1719.673855
1719.673906
1719.673962
1719.674025
1719.674093
1719.674167
1719.674247
1719.674332
1719.674422
1719.674518
1719.674619
1719.674724
1719.674834
1719.674949
1719.675067
1719.67519
1719.675317
1719.675447
1719.675581
1719.675718
1719.675857
1719.676
1719.676145
1719.676292
1719.676441
1719.676592
1719.676744
1719.676898
1719.677052
1719.677208
1719.677363
1719.677519
1719.677675
1719.677831
1719.677986
1719.67814
1719.678293
1719.678445
1719.678595
1719.678743
1719.67889
1719.679034
1719.679176
1716.714211
1716.714214
1716.71422
1716.71423
1716.714243
1716.714258
1716.714277
1716.714299
1716.714325
1716.714353
1716.714384
1716.714418
1716.714455
1716.714494
1716.714537
1716.714582
1716.714629
1716.714679
1716.714732
1716.714787
1716.714844
1716.714903
1716.714964
1716.715027
1716.715092
1716.715158
1716.715226
1716.715296
1716.715367
1716.715439
1716.715512
1716.715586
1716.715661
1716.715737
1716.715813
1716.71589
1716.715967
1716.716045
1716.716122
1716.7162
1716.716277
1716.716354
1716.716431
1716.716507
1716.716583
1716.716658
1716.716731
1716.716804
1716.716876
1716.716947
1713.753339
1713.75334
1713.753344
1713.753348
1713.753355
1713.753362
1713.753372
1713.753383
1713.753395
1713.753409
1713.753425
1713.753442
1713.75346
1713.75348
1713.753501
1713.753523
1713.753547
1713.753572
1713.753598
1713.753625
1713.753654
1713.753683
1713.753713
1713.753745
1713.753777
1713.75381
1713.753844
1713.753879
1713.753914
1713.75395
1713.753986
1713.754023
1713.75406
1713.754098
1713.754136
1713.754174
1713.754213
1713.754251
1713.75429
1713.754328
1713.754367
1713.754405
1713.754443
1713.754481
1713.754519
1713.754556
1713.754593
1713.754629
1713.754665
1713.7547
1710.791767
1710.791768
1710.79177
1710.791772
1710.791775
1710.791779
1710.791784
1710.791789
1710.791795
1710.791802
1710.79181
1710.791819
1710.791828
1710.791837
1710.791848
1710.791859
1710.791871
1710.791883
1710.791896
1710.79191
1710.791924
1710.791939
1710.791954
1710.791969
1710.791985
1710.792002
1710.792019
1710.792036
1710.792053
1710.792071
1710.792089
1710.792108
1710.792126
1710.792145
1710.792164
1710.792183
1710.792202
1710.792221
1710.79224
1710.79226
1710.792279
1710.792298
1710.792317
1710.792336
1710.792354
1710.792373
1710.792391
1710.792409
1710.792427
1710.792444
1707.829848
1707.829848
1707.829849
1707.82985
1707.829852
1707.829854
1707.829856
1707.829859
1707.829862
1707.829865
1707.829869
1707.829873
1707.829878
1707.829883
1707.829888
1707.829893
1707.829899
1707.829905
1707.829912
1707.829919
1707.829926
1707.829933
1707.82994
1707.829948
1707.829956
1707.829964
1707.829973
1707.829981
1707.82999
1707.829999
1707.830008
1707.830017
1707.830026
1707.830036
1707.830045
1707.830055
1707.830064
1707.830074
1707.830083
1707.830093
1707.830102
1707.830112
1707.830121
1707.830131
1707.83014
1707.830149
1707.830158
1707.830167
1707.830176
1707.830185
1704.867755
1704.867755
1704.867755
1704.867756
1704.867757
1704.867758
1704.867759
1704.86776
1704.867762
1704.867764
1704.867766
1704.867768
1704.86777
1704.867772
1704.867775
1704.867778
1704.867781
1704.867784
1704.867787
1704.86779
1704.867794
1704.867797
1704.867801
1704.867805
1704.867809
1704.867813
1704.867817
1704.867821
1704.867826
1704.86783
1704.867835
1704.867839
1704.867844
1704.867848
1704.867853
1704.867858
1704.867863
1704.867867
1704.867872
1704.867877
1704.867882
1704.867886
1704.867891
1704.867896
1704.8679
1704.867905
1704.86791
1704.867914
1704.867919
1704.867923
1701.905576
1701.905576
1701.905576
1701.905577
1701.905577
1701.905577
1701.905578
1701.905579
1701.905579
1701.90558
1701.905581
1701.905582
1701.905583
1701.905585
1701.905586
1701.905587
1701.905589
1701.90559
1701.905592
1701.905593
1701.905595
1701.905597
1701.905599
1701.905601
1701.905603
1701.905605
1701.905607
1701.905609
1701.905611
1701.905613
1701.905616
1701.905618
1701.90562
1701.905622
1701.905625
1701.905627
1701.905629
1701.905632
1701.905634
1701.905636
1701.905639
1701.905641
1701.905643
1701.905646
1701.905648
1701.90565
1701.905653
1701.905655
1701.905657
1701.905659
1698.943354
1698.943354
1698.943354
1698.943354
1698.943355
1698.943355
1698.943355
1698.943356
1698.943356
1698.943356
1698.943357
1698.943357
1698.943358
1698.943358
1698.943359
1698.94336
1698.943361
1698.943361
1698.943362
1698.943363
1698.943364
1698.943365
1698.943366
1698.943367
1698.943368
1698.943369
1698.94337
1698.943371
1698.943372
1698.943373
1698.943374
1698.943375
1698.943376
1698.943377
1698.943378
1698.94338
1698.943381
1698.943382
1698.943383
1698.943384
1698.943385
1698.943387
1698.943388
1698.943389
1698.94339
1698.943391
1698.943392
1698.943393
1698.943394
1698.943395
1695.981111
1695.981111
1695.981111
1695.981111
1695.981111
1695.981112
1695.981112
1695.981112
1695.981112
1695.981112
1695.981112
1695.981113
1695.981113
1695.981113
1695.981114
1695.981114
1695.981114
1695.981115
1695.981115
1695.981115
1695.981116
1695.981116
1695.981117
1695.981117
1695.981118
1695.981118
1695.981119
1695.981119
1695.98112
1695.98112
1695.981121
1695.981122
1695.981122
1695.981123
1695.981123
1695.981124
1695.981124
1695.981125
1695.981126
1695.981126
1695.981127
1695.981127
1695.981128
1695.981128
1695.981129
1695.98113
1695.98113
1695.981131
1695.981131
1695.981132
1693.018858
1693.018858
1693.018858
1693.018858
1693.018858
1693.018858
1693.018858
1693.018858
1693.018858
1693.018858
1693.018858
1693.018858
1693.018858
1693.018859
1693.018859
1693.018859
1693.018859
1693.018859
1693.01886
1693.01886
1693.01886
1693.01886
1693.01886
1693.018861
1693.018861
1693.018861
1693.018861
1693.018862
1693.018862
1693.018862
1693.018862
1693.018863
1693.018863
1693.018863
1693.018864
1693.018864
1693.018864
1693.018864
1693.018865
1693.018865
1693.018865
1693.018866
1693.018866
1693.018866
1693.018866
1693.018867
1693.018867
1693.018867
1693.018868
1693.018868
1690.056599
1690.056599
1690.056599
1690.056599
1690.056599
1690.056599
1690.056599
1690.056599
1690.056599
1690.056599
1690.056599
1690.056599
1690.056599
1690.056599
1690.056599
1690.056599
1690.056599
1690.0566
1690.0566
1690.0566
1690.0566
1690.0566
1690.0566
1690.0566
1690.0566
1690.0566
1690.056601
1690.056601
1690.056601
1690.056601
1690.056601
1690.056601
1690.056601
1690.056602
1690.056602
1690.056602
1690.056602
1690.056602
1690.056602
1690.056602
1690.056603
1690.056603
1690.056603
1690.056603
1690.056603
1690.056603
1690.056604
1690.056604
1690.056604
1690.056604
1687.094337
1687.094337
1687.094337
1687.094337
1687.094337
1687.094337
1687.094337
1687.094337
1687.094337
1687.094337
1687.094337
1687.094337
1687.094337
1687.094337
1687.094337
1687.094337
1687.094337
1687.094337
1687.094338
1687.094338
1687.094338
1687.094338
1687.094338
1687.094338
1687.094338
1687.094338
1687.094338
1687.094338
1687.094338
1687.094338
1687.094338
1687.094338
1687.094338
1687.094339
1687.094339
1687.094339
1687.094339
1687.094339
1687.094339
1687.094339
1687.094339
1687.094339
1687.094339
1687.094339
1687.094339
1687.09434
1687.09434
1687.09434
1687.09434
1687.09434
1684.132074
1684.132074
1684.132074
1684.132074
1684.132074
1684.132074
1684.132074
1684.132074
1684.132074
1684.132074
1684.132074
1684.132074
1684.132074
1684.132074
1684.132074
1684.132074
1684.132074
1684.132074
1684.132074
1684.132074
1684.132074
1684.132074
1684.132074
1684.132074
1684.132074
1684.132075
1684.132075
1684.132075
1684.132075
1684.132075
1684.132075
1684.132075
1684.132075
1684.132075
1684.132075
1684.132075
1684.132075
1684.132075
1684.132075
1684.132075
1684.132075
1684.132075
1684.132075
1684.132075
1684.132075
1684.132075
1684.132075
1684.132075
1684.132075
1684.132075
1681.169811
1681.169811
1681.169811
1681.169811
1681.169811
1681.169811
1681.169811
1681.169811
1681.169811
1681.169811
1681.169811
1681.169811
1681.169811
1681.169811
1681.169811
1681.169811
1681.169811
1681.169811
1681.169811
1681.169811
1681.169811
1681.169811
1681.169811
1681.169811
1681.169811
1681.169811
1681.169811
1681.169811
1681.169811
1681.169811
1681.169811
1681.169811
1681.169811
1681.169811
1681.169811
1681.169811
1681.169811
1681.169811
1681.169811
1681.169811
1681.169811
1681.169811
1681.169811
1681.169811
1681.169811
1681.169811
1681.169811
1681.169811
1681.169811
1681.169811
1678.207547
1678.207547
1678.207547
1678.207547
1678.207547
1678.207547
1678.207547
1678.207547
1678.207547
1678.207547
1678.207547
1678.207547
1678.207547
1678.207547
1678.207547
1678.207547
1678.207547
1678.207547
1678.207547
1678.207547
1678.207547
1678.207547
1678.207547
1678.207547
1678.207547
1678.207547
1678.207547
1678.207547
1678.207547
1678.207547
1678.207547
1678.207547
1678.207547
1678.207547
1678.207547
1678.207547
1678.207547
1678.207547
1678.207547
1678.207547
1678.207547
1678.207547
1678.207547
1678.207547
1678.207547
1678.207547
1678.207547
1678.207547
1678.207547
1678.207547
1675.245283
1675.245283
1675.245283
1675.245283
1675.245283
1675.245283
1675.245283
1675.245283
1675.245283
1675.245283
1675.245283
1675.245283
1675.245283
1675.245283
1675.245283
1675.245283
1675.245283
1675.245283
1675.245283
1675.245283
1675.245283
1675.245283
1675.245283
1675.245283
1675.245283
1675.245283
1675.245283
1675.245283
1675.245283
1675.245283
1675.245283
1675.245283
1675.245283
1675.245283
1675.245283
1675.245283
1675.245283
1675.245283
1675.245283
1675.245283
1675.245283
1675.245283
1675.245283
1675.245283
1675.245283
1675.245283
1675.245283
1675.245283
1675.245283
1675.245283
1672.283019
1672.283019
1672.283019
1672.283019
1672.283019
1672.283019
1672.283019
1672.283019
1672.283019
1672.283019
1672.283019
1672.283019
1672.283019
1672.283019
1672.283019
1672.283019
1672.283019
1672.283019
1672.283019
1672.283019
1672.283019
1672.283019
1672.283019
1672.283019
1672.283019
1672.283019
1672.283019
1672.283019
1672.283019
1672.283019
1672.283019
1672.283019
1672.283019
1672.283019
1672.283019
1672.283019
1672.283019
1672.283019
1672.283019
1672.283019
1672.283019
1672.283019
1672.283019
1672.283019
1672.283019
1672.283019
1672.283019
1672.283019
1672.283019
1672.283019
1669.320755
1669.320755
1669.320755
1669.320755
1669.320755
1669.320755
1669.320755
1669.320755
1669.320755
1669.320755
1669.320755
1669.320755
1669.320755
1669.320755
1669.320755
1669.320755
1669.320755
1669.320755
1669.320755
1669.320755
1669.320755
1669.320755
1669.320755
1669.320755
1669.320755
1669.320755
1669.320755
1669.320755
1669.320755
1669.320755
1669.320755
1669.320755
1669.320755
1669.320755
1669.320755
1669.320755
1669.320755
1669.320755
1669.320755
1669.320755
1669.320755
1669.320755
1669.320755
1669.320755
1669.320755
1669.320755
1669.320755
1669.320755
1669.320755
1669.320755
1666.358491
1666.358491
1666.358491
1666.358491
1666.358491
1666.358491
1666.358491
1666.358491
1666.358491
1666.358491
1666.358491
1666.358491
1666.358491
1666.358491
1666.358491
1666.358491
1666.358491
1666.358491
1666.358491
1666.358491
1666.358491
1666.358491
1666.358491
1666.358491
1666.358491
1666.358491
1666.358491
1666.358491
1666.358491
1666.358491
1666.358491
1666.358491
1666.358491
1666.358491
1666.358491
1666.358491
1666.358491
1666.358491
1666.358491
1666.358491
1666.358491
1666.358491
1666.358491
1666.358491
1666.358491
1666.358491
1666.358491
1666.358491
1666.358491
1666.358491
1663.396226
1663.396226
1663.396226
1663.396226
1663.396226
1663.396226
1663.396226
1663.396226
1663.396226
1663.396226
1663.396226
1663.396226
1663.396226
1663.396226
1663.396226
1663.396226
1663.396226
1663.396226
1663.396226
1663.396226
1663.396226
1663.396226
1663.396226
1663.396226
1663.396226
1663.396226
1663.396226
1663.396226
1663.396226
1663.396226
1663.396226
1663.396226
1663.396226
1663.396226
1663.396226
1663.396226
1663.396226
1663.396226
1663.396226
1663.396226
1663.396226
1663.396226
1663.396226
1663.396226
1663.396226
1663.396226
1663.396226
1663.396226
1663.396226
1663.396226
1660.433962
1660.433962
1660.433962
1660.433962
1660.433962
1660.433962
1660.433962
1660.433962
1660.433962
1660.433962
1660.433962
1660.433962
1660.433962
1660.433962
1660.433962
1660.433962
1660.433962
1660.433962
1660.433962
1660.433962
1660.433962
1660.433962
1660.433962
1660.433962
1660.433962
1660.433962
1660.433962
1660.433962
1660.433962
1660.433962
1660.433962
1660.433962
1660.433962
1660.433962
1660.433962
1660.433962
1660.433962
1660.433962
1660.433962
1660.433962
1660.433962
1660.433962
1660.433962
1660.433962
1660.433962
1660.433962
1660.433962
1660.433962
1660.433962
1660.433962
1657.471698
1657.471698
1657.471698
1657.471698
1657.471698
1657.471698
1657.471698
1657.471698
1657.471698
1657.471698
1657.471698
1657.471698
1657.471698
1657.471698
1657.471698
1657.471698
1657.471698
1657.471698
1657.471698
1657.471698
1657.471698
1657.471698
1657.471698
1657.471698
1657.471698
1657.471698
1657.471698
1657.471698
1657.471698
1657.471698
1657.471698
1657.471698
1657.471698
1657.471698
1657.471698
1657.471698
1657.471698
1657.471698
1657.471698
1657.471698
1657.471698
1657.471698
1657.471698
1657.471698
1657.471698
1657.471698
1657.471698
1657.471698
1657.471698
1657.471698
1654.509434
1654.509434
1654.509434
1654.509434
1654.509434
1654.509434
1654.509434
1654.509434
1654.509434
1654.509434
1654.509434
1654.509434
1654.509434
1654.509434
1654.509434
1654.509434
1654.509434
1654.509434
1654.509434
1654.509434
1654.509434
1654.509434
1654.509434
1654.509434
1654.509434
1654.509434
1654.509434
1654.509434
1654.509434
1654.509434
1654.509434
1654.509434
1654.509434
1654.509434
1654.509434
1654.509434
1654.509434
1654.509434
1654.509434
1654.509434
1654.509434
1654.509434
1654.509434
1654.509434
1654.509434
1654.509434
1654.509434
1654.509434
1654.509434
1654.509434
1651.54717
1651.54717
1651.54717
1651.54717
1651.54717
1651.54717
1651.54717
1651.54717
1651.54717
1651.54717
1651.54717
1651.54717
1651.54717
1651.54717
1651.54717
1651.54717
1651.54717
1651.54717
1651.54717
1651.54717
1651.54717
1651.54717
1651.54717
1651.54717
1651.54717
1651.54717
1651.54717
1651.54717
1651.54717
1651.54717
1651.54717
1651.54717
1651.54717
1651.54717
1651.54717
1651.54717
1651.54717
1651.54717
1651.54717
1651.54717
1651.54717
1651.54717
1651.54717
1651.54717
1651.54717
1651.54717
1651.54717
1651.54717
1651.54717
1651.54717
1648.584906
1648.584906
1648.584906
1648.584906
1648.584906
1648.584906
1648.584906
1648.584906
1648.584906
1648.584906
1648.584906
1648.584906
1648.584906
1648.584906
1648.584906
1648.584906
1648.584906
1648.584906
1648.584906
1648.584906
1648.584906
1648.584906
1648.584906
1648.584906
1648.584906
1648.584906
1648.584906
1648.584906
1648.584906
1648.584906
1648.584906
1648.584906
1648.584906
1648.584906
1648.584906
1648.584906
1648.584906
1648.584906
1648.584906
1648.584906
1648.584906
1648.584906
1648.584906
1648.584906
1648.584906
1648.584906
1648.584906
1648.584906
1648.584906
1648.584906
1645.622642
1645.622642
1645.622642
1645.622642
1645.622642
1645.622642
1645.622642
1645.622642
1645.622642
1645.622642
1645.622642
1645.622642
1645.622642
1645.622642
1645.622642
1645.622642
1645.622642
1645.622642
1645.622642
1645.622642
1645.622642
1645.622642
1645.622642
1645.622642
1645.622642
1645.622642
1645.622642
1645.622642
1645.622642
1645.622642
1645.622642
1645.622642
1645.622642
1645.622642
1645.622642
1645.622642
1645.622642
1645.622642
1645.622642
1645.622642
1645.622642
1645.622642
1645.622642
1645.622642
1645.622642
1645.622642
1645.622642
1645.622642
1645.622642
1645.622642
1642.660377
1642.660377
1642.660377
1642.660377
1642.660377
1642.660377
1642.660377
1642.660377
1642.660377
1642.660377
1642.660377
1642.660377
1642.660377
1642.660377
1642.660377
1642.660377
1642.660377
1642.660377
1642.660377
1642.660377
1642.660377
1642.660377
1642.660377
1642.660377
1642.660377
1642.660377
1642.660377
1642.660377
1642.660377
1642.660377
1642.660377
1642.660377
1642.660377
1642.660377
1642.660377
1642.660377
1642.660377
1642.660377
1642.660377
1642.660377
1642.660377
1642.660377
1642.660377
1642.660377
1642.660377
1642.660377
1642.660377
1642.660377
1642.660377
1642.660377
1639.698113
1639.698113
1639.698113
1639.698113
1639.698113
1639.698113
1639.698113
1639.698113
1639.698113
1639.698113
1639.698113
1639.698113
1639.698113
1639.698113
1639.698113
1639.698113
1639.698113
1639.698113
1639.698113
1639.698113
1639.698113
1639.698113
1639.698113
1639.698113
1639.698113
1639.698113
1639.698113
1639.698113
1639.698113
1639.698113
1639.698113
1639.698113
1639.698113
1639.698113
1639.698113
1639.698113
1639.698113
1639.698113
1639.698113
1639.698113
1639.698113
1639.698113
1639.698113
1639.698113
1639.698113
1639.698113
1639.698113
1639.698113
1639.698113
1639.698113
1636.735849
1636.735849
1636.735849
1636.735849
1636.735849
1636.735849
1636.735849
1636.735849
1636.735849
1636.735849
1636.735849
1636.735849
1636.735849
1636.735849
1636.735849
1636.735849
1636.735849
1636.735849
1636.735849
1636.735849
1636.735849
1636.735849
1636.735849
1636.735849
1636.735849
1636.735849
1636.735849
1636.735849
1636.735849
1636.735849
1636.735849
1636.735849
1636.735849
1636.735849
1636.735849
1636.735849
1636.735849
1636.735849
1636.735849
1636.735849
1636.735849
1636.735849
1636.735849
1636.735849
1636.735849
1636.735849
1636.735849
1636.735849
1636.735849
1636.735849
1633.773585
1633.773585
1633.773585
1633.773585
1633.773585
1633.773585
1633.773585
1633.773585
1633.773585
1633.773585
1633.773585
1633.773585
1633.773585
1633.773585
1633.773585
1633.773585
1633.773585
1633.773585
1633.773585
1633.773585
1633.773585
1633.773585
1633.773585
1633.773585
1633.773585
1633.773585
1633.773585
1633.773585
1633.773585
1633.773585
1633.773585
1633.773585
1633.773585
1633.773585
1633.773585
1633.773585
1633.773585
1633.773585
1633.773585
1633.773585
1633.773585
1633.773585
1633.773585
1633.773585
1633.773585
1633.773585
1633.773585
1633.773585
1633.773585
1633.773585
1630.811321
1630.811321
1630.811321
1630.811321
1630.811321
1630.811321
1630.811321
1630.811321
1630.811321
1630.811321
1630.811321
1630.811321
1630.811321
1630.811321
1630.811321
1630.811321
1630.811321
1630.811321
1630.811321
1630.811321
1630.811321
1630.811321
1630.811321
1630.811321
1630.811321
1630.811321
1630.811321
1630.811321
1630.811321
1630.811321
1630.811321
1630.811321
1630.811321
1630.811321
1630.811321
1630.811321
1630.811321
1630.811321
1630.811321
1630.811321
1630.811321
1630.811321
1630.811321
1630.811321
1630.811321
1630.811321
1630.811321
1630.811321
1630.811321
1630.811321
1627.849057
1627.849057
1627.849057
1627.849057
1627.849057
1627.849057
1627.849057
1627.849057
1627.849057
1627.849057
1627.849057
1627.849057
1627.849057
1627.849057
1627.849057
1627.849057
1627.849057
1627.849057
1627.849057
1627.849057
1627.849057
1627.849057
1627.849057
1627.849057
1627.849057
1627.849057
1627.849057
1627.849057
1627.849057
1627.849057
1627.849057
1627.849057
1627.849057
1627.849057
1627.849057
1627.849057
1627.849057
1627.849057
1627.849057
1627.849057
1627.849057
1627.849057
1627.849057
1627.849057
1627.849057
1627.849057
1627.849057
1627.849057
1627.849057
1627.849057
1624.886792
1624.886792
1624.886792
1624.886792
1624.886792
1624.886792
1624.886792
1624.886792
1624.886792
1624.886792
1624.886792
1624.886792
1624.886792
1624.886792
1624.886792
1624.886792
1624.886792
1624.886792
1624.886792
1624.886792
1624.886792
1624.886792
1624.886792
1624.886792
1624.886792
1624.886792
1624.886792
1624.886792
1624.886792
1624.886792
1624.886792
1624.886792
1624.886792
1624.886792
1624.886792
1624.886792
1624.886792
1624.886792
1624.886792
1624.886792
1624.886792
1624.886792
1624.886792
1624.886792
1624.886792
1624.886792
1624.886792
1624.886792
1624.886792
1624.886792
1621.924528
1621.924528
1621.924528
1621.924528
1621.924528
1621.924528
1621.924528
1621.924528
1621.924528
1621.924528
1621.924528
1621.924528
1621.924528
1621.924528
1621.924528
1621.924528
1621.924528
1621.924528
1621.924528
1621.924528
1621.924528
1621.924528
1621.924528
1621.924528
1621.924528
1621.924528
1621.924528
1621.924528
1621.924528
1621.924528
1621.924528
1621.924528
1621.924528
1621.924528
1621.924528
1621.924528
1621.924528
1621.924528
1621.924528
1621.924528
1621.924528
1621.924528
1621.924528
1621.924528
1621.924528
1621.924528
1621.924528
1621.924528
1621.924528
1621.924528
1618.962264
1618.962264
1618.962264
1618.962264
1618.962264
1618.962264
1618.962264
1618.962264
1618.962264
1618.962264
1618.962264
1618.962264
1618.962264
1618.962264
1618.962264
1618.962264
1618.962264
1618.962264
1618.962264
1618.962264
1618.962264
1618.962264
1618.962264
1618.962264
1618.962264
1618.962264
1618.962264
1618.962264
1618.962264
1618.962264
1618.962264
1618.962264
1618.962264
1618.962264
1618.962264
1618.962264
1618.962264
1618.962264
1618.962264
1618.962264
1618.962264
1618.962264
1618.962264
1618.962264
1618.962264
1618.962264
1618.962264
1618.962264
1618.962264
1618.962264
1616
1616
1616
1616
1616
1616
1616
1616
1616
1616
1616
1616
1616
1616
1616
1616
1616
1616
1616
1616
1616
1616
1616
1616
1616
1616
1616
1616
1616
1616
1616
1616
1616
1616
1616
1616
1616
1616
1616
1616
1616
1616
1616
1616
1616
1616
1616
1616
1616
1616
1613.037736
1613.037736
1613.037736
1613.037736
1613.037736
1613.037736
1613.037736
1613.037736
1613.037736
1613.037736
1613.037736
1613.037736
1613.037736
1613.037736
1613.037736
1613.037736
1613.037736
1613.037736
1613.037736
1613.037736
1613.037736
1613.037736
1613.037736
1613.037736
1613.037736
1613.037736
1613.037736
1613.037736
1613.037736
1613.037736
1613.037736
1613.037736
1613.037736
1613.037736
1613.037736
1613.037736
1613.037736
1613.037736
1613.037736
1613.037736
1613.037736
1613.037736
1613.037736
1613.037736
1613.037736
1613.037736
1613.037736
1613.037736
1613.037736
1613.037736
1610.075472
1610.075472
1610.075472
1610.075472
1610.075472
1610.075472
1610.075472
1610.075472
1610.075472
1610.075472
1610.075472
1610.075472
1610.075472
1610.075472
1610.075472
1610.075472
1610.075472
1610.075472
1610.075472
1610.075472
1610.075472
1610.075472
1610.075472
1610.075472
1610.075472
1610.075472
1610.075472
1610.075472
1610.075472
1610.075472
1610.075472
1610.075472
1610.075472
1610.075472
1610.075472
1610.075472
1610.075472
1610.075472
1610.075472
1610.075472
1610.075472
1610.075472
1610.075472
1610.075472
1610.075472
1610.075472
1610.075472
1610.075472
1610.075472
1610.075472
1607.113208
1607.113208
1607.113208
1607.113208
1607.113208
1607.113208
1607.113208
1607.113208
1607.113208
1607.113208
1607.113208
1607.113208
1607.113208
1607.113208
1607.113208
1607.113208
1607.113208
1607.113208
1607.113208
1607.113208
1607.113208
1607.113208
1607.113208
1607.113208
1607.113208
1607.113208
1607.113208
1607.113208
1607.113208
1607.113208
1607.113208
1607.113208
1607.113208
1607.113208
1607.113208
1607.113208
1607.113208
1607.113208
1607.113208
1607.113208
1607.113208
1607.113208
1607.113208
1607.113208
1607.113208
1607.113208
1607.113208
1607.113208
1607.113208
1607.113208
1604.150943
1604.150943
1604.150943
1604.150943
1604.150943
1604.150943
1604.150943
1604.150943
1604.150943
1604.150943
1604.150943
1604.150943
1604.150943
1604.150943
1604.150943
1604.150943
1604.150943
1604.150943
1604.150943
1604.150943
1604.150943
1604.150943
1604.150943
1604.150943
1604.150943
1604.150943
1604.150943
1604.150943
1604.150943
1604.150943
1604.150943
1604.150943
1604.150943
1604.150943
1604.150943
1604.150943
1604.150943
1604.150943
1604.150943
1604.150943
1604.150943
1604.150943
1604.150943
1604.150943
1604.150943
1604.150943
1604.150943
1604.150943
1604.150943
1604.150943
1601.188679
1601.188679
1601.188679
1601.188679
1601.188679
1601.188679
1601.188679
1601.188679
1601.188679
1601.188679
1601.188679
1601.188679
1601.188679
1601.188679
1601.188679
1601.188679
1601.188679
1601.188679
1601.188679
1601.188679
1601.188679
1601.188679
1601.188679
1601.188679
1601.188679
1601.188679
1601.188679
1601.188679
1601.188679
1601.188679
1601.188679
1601.188679
1601.188679
1601.188679
1601.188679
1601.188679
1601.188679
1601.188679
1601.188679
1601.188679
1601.188679
1601.188679
1601.188679
1601.188679
1601.188679
1601.188679
1601.188679
1601.188679
1601.188679
1601.188679
1598.226415
1598.226415
1598.226415
1598.226415
1598.226415
1598.226415
1598.226415
1598.226415
1598.226415
1598.226415
1598.226415
1598.226415
1598.226415
1598.226415
1598.226415
1598.226415
1598.226415
1598.226415
1598.226415
1598.226415
1598.226415
1598.226415
1598.226415
1598.226415
1598.226415
1598.226415
1598.226415
1598.226415
1598.226415
1598.226415
1598.226415
1598.226415
1598.226415
1598.226415
1598.226415
1598.226415
1598.226415
1598.226415
1598.226415
1598.226415
1598.226415
1598.226415
1598.226415
1598.226415
1598.226415
1598.226415
1598.226415
1598.226415
1598.226415
1598.226415
1595.264151
1595.264151
1595.264151
1595.264151
1595.264151
1595.264151
1595.264151
1595.264151
1595.264151
1595.264151
1595.264151
1595.264151
1595.264151
1595.264151
1595.264151
1595.264151
1595.264151
1595.264151
1595.264151
1595.264151
1595.264151
1595.264151
1595.264151
1595.264151
1595.264151
1595.264151
1595.264151
1595.264151
1595.264151
1595.264151
1595.264151
1595.264151
1595.264151
1595.264151
1595.264151
1595.264151
1595.264151
1595.264151
1595.264151
1595.264151
1595.264151
1595.264151
1595.264151
1595.264151
1595.264151
1595.264151
1595.264151
1595.264151
1595.264151
1595.264151
1592.301887
1592.301887
1592.301887
1592.301887
1592.301887
1592.301887
1592.301887
1592.301887
1592.301887
1592.301887
1592.301887
1592.301887
1592.301887
1592.301887
1592.301887
1592.301887
1592.301887
1592.301887
1592.301887
1592.301887
1592.301887
1592.301887
1592.301887
1592.301887
1592.301887
1592.301887
1592.301887
1592.301887
1592.301887
1592.301887
1592.301887
1592.301887
1592.301887
1592.301887
1592.301887
1592.301887
1592.301887
1592.301887
1592.301887
1592.301887
1592.301887
1592.301887
1592.301887
1592.301887
1592.301887
1592.301887
1592.301887
1592.301887
1592.301887
1592.301887
1589.339623
1589.339623
1589.339623
1589.339623
1589.339623
1589.339623
1589.339623
1589.339623
1589.339623
1589.339623
1589.339623
1589.339623
1589.339623
1589.339623
1589.339623
1589.339623
1589.339623
1589.339623
1589.339623
1589.339623
1589.339623
1589.339623
1589.339623
1589.339623
1589.339623
1589.339623
1589.339623
1589.339623
1589.339623
1589.339623
1589.339623
1589.339623
1589.339623
1589.339623
1589.339623
1589.339623
1589.339623
1589.339623
1589.339623
1589.339623
1589.339623
1589.339623
1589.339623
1589.339623
1589.339623
1589.339623
1589.339623
1589.339623
1589.339623
1589.339623
1586.377358
1586.377358
1586.377358
1586.377358
1586.377358
1586.377358
1586.377358
1586.377358
1586.377358
1586.377358
1586.377358
1586.377358
1586.377358
1586.377358
1586.377358
1586.377358
1586.377358
1586.377358
1586.377358
1586.377358
1586.377358
1586.377358
1586.377358
1586.377358
1586.377358
1586.377358
1586.377358
1586.377358
1586.377358
1586.377358
1586.377358
1586.377358
1586.377358
1586.377358
1586.377358
1586.377358
1586.377358
1586.377358
1586.377358
1586.377358
1586.377358
1586.377358
1586.377358
1586.377358
1586.377358
1586.377358
1586.377358
1586.377358
1586.377358
1586.377358
1583.415094
1583.415094
1583.415094
1583.415094
1583.415094
1583.415094
1583.415094
1583.415094
1583.415094
1583.415094
1583.415094
1583.415094
1583.415094
1583.415094
1583.415094
1583.415094
1583.415094
1583.415094
1583.415094
1583.415094
1583.415094
1583.415094
1583.415094
1583.415094
1583.415094
1583.415094
1583.415094
1583.415094
1583.415094
1583.415094
1583.415094
1583.415094
1583.415094
1583.415094
1583.415094
1583.415094
1583.415094
1583.415094
1583.415094
1583.415094
1583.415094
1583.415094
1583.415094
1583.415094
1583.415094
1583.415094
1583.415094
1583.415094
1583.415094
1583.415094
1580.45283
1580.45283
1580.45283
1580.45283
1580.45283
1580.45283
1580.45283
1580.45283
1580.45283
1580.45283
1580.45283
1580.45283
1580.45283
1580.45283
1580.45283
1580.45283
1580.45283
1580.45283
1580.45283
1580.45283
1580.45283
1580.45283
1580.45283
1580.45283
1580.45283
1580.45283
1580.45283
1580.45283
1580.45283
1580.45283
1580.45283
1580.45283
1580.45283
1580.45283
1580.45283
1580.45283
1580.45283
1580.45283
1580.45283
1580.45283
1580.45283
1580.45283
1580.45283
1580.45283
1580.45283
1580.45283
1580.45283
1580.45283
1580.45283
1580.45283
1577.490566
1577.490566
1577.490566
1577.490566
1577.490566
1577.490566
1577.490566
1577.490566
1577.490566
1577.490566
1577.490566
1577.490566
1577.490566
1577.490566
1577.490566
1577.490566
1577.490566
1577.490566
1577.490566
1577.490566
1577.490566
1577.490566
1577.490566
1577.490566
1577.490566
1577.490566
1577.490566
1577.490566
1577.490566
1577.490566
1577.490566
1577.490566
1577.490566
1577.490566
1577.490566
1577.490566
1577.490566
1577.490566
1577.490566
1577.490566
1577.490566
1577.490566
1577.490566
1577.490566
1577.490566
1577.490566
1577.490566
1577.490566
1577.490566
1577.490566
1574.528302
1574.528302
1574.528302
1574.528302
1574.528302
1574.528302
1574.528302
1574.528302
1574.528302
1574.528302
1574.528302
1574.528302
1574.528302
1574.528302
1574.528302
1574.528302
1574.528302
1574.528302
1574.528302
1574.528302
1574.528302
1574.528302
1574.528302
1574.528302
1574.528302
1574.528302
1574.528302
1574.528302
1574.528302
1574.528302
1574.528302
1574.528302
1574.528302
1574.528302
1574.528302
1574.528302
1574.528302
1574.528302
1574.528302
1574.528302
1574.528302
1574.528302
1574.528302
1574.528302
1574.528302
1574.528302
1574.528302
1574.528302
1574.528302
1574.528302
1571.566038
1571.566038
1571.566038
1571.566038
1571.566038
1571.566038
1571.566038
1571.566038
1571.566038
1571.566038
1571.566038
1571.566038
1571.566038
1571.566038
1571.566038
1571.566038
1571.566038
1571.566038
1571.566038
1571.566038
1571.566038
1571.566038
1571.566038
1571.566038
1571.566038
1571.566038
1571.566038
1571.566038
1571.566038
1571.566038
1571.566038
1571.566038
1571.566038
1571.566038
1571.566038
1571.566038
1571.566038
1571.566038
1571.566038
1571.566038
1571.566038
1571.566038
1571.566038
1571.566038
1571.566038
1571.566038
1571.566038
1571.566038
1571.566038
1571.566038
1568.603774
1568.603774
1568.603774
1568.603774
1568.603774
1568.603774
1568.603774
1568.603774
1568.603774
1568.603774
1568.603774
1568.603774
1568.603774
1568.603774
1568.603774
1568.603774
1568.603774
1568.603774
1568.603774
1568.603774
1568.603774
1568.603774
1568.603774
1568.603774
1568.603774
1568.603774
1568.603774
1568.603774
1568.603774
1568.603774
1568.603774
1568.603774
1568.603774
1568.603774
1568.603774
1568.603774
1568.603774
1568.603774
1568.603774
1568.603774
1568.603774
1568.603774
1568.603774
1568.603774
1568.603774
1568.603774
1568.603774
1568.603774
1568.603774
1568.603774
1565.641509
1565.641509
1565.641509
1565.641509
1565.641509
1565.641509
1565.641509
1565.641509
1565.641509
1565.641509
1565.641509
1565.641509
1565.641509
1565.641509
1565.641509
1565.641509
1565.641509
1565.641509
1565.641509
1565.641509
1565.641509
1565.641509
1565.641509
1565.641509
1565.641509
1565.641509
1565.641509
1565.641509
1565.641509
1565.641509
1565.641509
1565.641509
1565.641509
1565.641509
1565.641509
1565.641509
1565.641509
1565.641509
1565.641509
1565.641509
1565.641509
1565.641509
1565.641509
1565.641509
1565.641509
1565.641509
1565.641509
1565.641509
1565.641509
1565.641509
1562.679245
1562.679245
1562.679245
1562.679245
1562.679245
1562.679245
1562.679245
1562.679245
1562.679245
1562.679245
1562.679245
1562.679245
1562.679245
1562.679245
1562.679245
1562.679245
1562.679245
1562.679245
1562.679245
1562.679245
1562.679245
1562.679245
1562.679245
1562.679245
1562.679245
1562.679245
1562.679245
1562.679245
1562.679245
1562.679245
1562.679245
1562.679245
1562.679245
1562.679245
1562.679245
1562.679245
1562.679245
1562.679245
1562.679245
1562.679245
1562.679245
1562.679245
1562.679245
1562.679245
1562.679245
1562.679245
1562.679245
1562.679245
1562.679245
1562.679245
1559.716981
1559.716981
1559.716981
1559.716981
1559.716981
1559.716981
1559.716981
1559.716981
1559.716981
1559.716981
1559.716981
1559.716981
1559.716981
1559.716981
1559.716981
1559.716981
1559.716981
1559.716981
1559.716981
1559.716981
1559.716981
1559.716981
1559.716981
1559.716981
1559.716981
1559.716981
1559.716981
1559.716981
1559.716981
1559.716981
1559.716981
1559.716981
1559.716981
1559.716981
1559.716981
1559.716981
1559.716981
1559.716981
1559.716981
1559.716981
1559.716981
1559.716981
1559.716981
1559.716981
1559.716981
1559.716981
1559.716981
1559.716981
1559.716981
1559.716981
1556.754717
1556.754717
1556.754717
1556.754717
1556.754717
1556.754717
1556.754717
1556.754717
1556.754717
1556.754717
1556.754717
1556.754717
1556.754717
1556.754717
1556.754717
1556.754717
1556.754717
1556.754717
1556.754717
1556.754717
1556.754717
1556.754717
1556.754717
1556.754717
1556.754717
1556.754717
1556.754717
1556.754717
1556.754717
1556.754717
1556.754717
1556.754717
1556.754717
1556.754717
1556.754717
1556.754717
1556.754717
1556.754717
1556.754717
1556.754717
1556.754717
1556.754717
1556.754717
1556.754717
1556.754717
1556.754717
1556.754717
1556.754717
1556.754717
1556.754717
1553.792453
1553.792453
1553.792453
1553.792453
1553.792453
1553.792453
1553.792453
1553.792453
1553.792453
1553.792453
1553.792453
1553.792453
1553.792453
1553.792453
1553.792453
1553.792453
1553.792453
1553.792453
1553.792453
1553.792453
1553.792453
1553.792453
1553.792453
1553.792453
1553.792453
1553.792453
1553.792453
1553.792453
1553.792453
1553.792453
1553.792453
1553.792453
1553.792453
1553.792453
1553.792453
1553.792453
1553.792453
1553.792453
1553.792453
1553.792453
1553.792453
1553.792453
1553.792453
1553.792453
1553.792453
1553.792453
1553.792453
1553.792453
1553.792453
1553.792453
1550.830189
1550.830189
1550.830189
1550.830189
1550.830189
1550.830189
1550.830189
1550.830189
1550.830189
1550.830189
1550.830189
1550.830189
1550.830189
1550.830189
1550.830189
1550.830189
1550.830189
1550.830189
1550.830189
1550.830189
1550.830189
1550.830189
1550.830189
1550.830189
1550.830189
1550.830189
1550.830189
1550.830189
1550.830189
1550.830189
1550.830189
1550.830189
1550.830189
1550.830189
1550.830189
1550.830189
1550.830189
1550.830189
1550.830189
1550.830189
1550.830189
1550.830189
1550.830189
1550.830189
1550.830189
1550.830189
1550.830189
1550.830189
1550.830189
1550.830189
1547.867925
1547.867925
1547.867925
1547.867925
1547.867925
1547.867925
1547.867925
1547.867925
1547.867925
1547.867925
1547.867925
1547.867925
1547.867925
1547.867925
1547.867925
1547.867925
1547.867925
1547.867925
1547.867925
1547.867925
1547.867925
1547.867925
1547.867925
1547.867925
1547.867925
1547.867925
1547.867925
1547.867925
1547.867925
1547.867925
1547.867925
1547.867925
1547.867925
1547.867925
1547.867925
1547.867925
1547.867925
1547.867925
1547.867925
1547.867925
1547.867925
1547.867925
1547.867925
1547.867925
1547.867925
1547.867925
1547.867925
1547.867925
1547.867925
1547.867925
1544.90566
1544.90566
1544.90566
1544.90566
1544.90566
1544.90566
1544.90566
1544.90566
1544.90566
1544.90566
1544.90566
1544.90566
1544.90566
1544.90566
1544.90566
1544.90566
1544.90566
1544.90566
1544.90566
1544.90566
1544.90566
1544.90566
1544.90566
1544.90566
1544.90566
1544.90566
1544.90566
1544.90566
1544.90566
1544.90566
1544.90566
1544.90566
1544.90566
1544.90566
1544.90566
1544.90566
1544.90566
1544.90566
1544.90566
1544.90566
1544.90566
1544.90566
1544.90566
1544.90566
1544.90566
1544.90566
1544.90566
1544.90566
1544.90566
1544.90566
1541.943396
1541.943396
1541.943396
1541.943396
1541.943396
1541.943396
1541.943396
1541.943396
1541.943396
1541.943396
1541.943396
1541.943396
1541.943396
1541.943396
1541.943396
1541.943396
1541.943396
1541.943396
1541.943396
1541.943396
1541.943396
1541.943396
1541.943396
1541.943396
1541.943396
1541.943396
1541.943396
1541.943396
1541.943396
1541.943396
1541.943396
1541.943396
1541.943396
1541.943396
1541.943396
1541.943396
1541.943396
1541.943396
1541.943396
1541.943396
1541.943396
1541.943396
1541.943396
1541.943396
1541.943396
1541.943396
1541.943396
1541.943396
1541.943396
1541.943396
1538.981132
1538.981132
1538.981132
1538.981132
1538.981132
1538.981132
1538.981132
1538.981132
1538.981132
1538.981132
1538.981132
1538.981132
1538.981132
1538.981132
1538.981132
1538.981132
1538.981132
1538.981132
1538.981132
1538.981132
1538.981132
1538.981132
1538.981132
1538.981132
1538.981132
1538.981132
1538.981132
1538.981132
1538.981132
1538.981132
1538.981132
1538.981132
1538.981132
1538.981132
1538.981132
1538.981132
1538.981132
1538.981132
1538.981132
1538.981132
1538.981132
1538.981132
1538.981132
1538.981132
1538.981132
1538.981132
1538.981132
1538.981132
1538.981132
1538.981132
1536.018868
1536.018868
1536.018868
1536.018868
1536.018868
1536.018868
1536.018868
1536.018868
1536.018868
1536.018868
1536.018868
1536.018868
1536.018868
1536.018868
1536.018868
1536.018868
1536.018868
1536.018868
1536.018868
1536.018868
1536.018868
1536.018868
1536.018868
1536.018868
1536.018868
1536.018868
1536.018868
1536.018868
1536.018868
1536.018868
1536.018868
1536.018868
1536.018868
1536.018868
1536.018868
1536.018868
1536.018868
1536.018868
1536.018868
1536.018868
1536.018868
1536.018868
1536.018868
1536.018868
1536.018868
1536.018868
1536.018868
1536.018868
1536.018868
1536.018868
1533.056604
1533.056604
1533.056604
1533.056604
1533.056604
1533.056604
1533.056604
1533.056604
1533.056604
1533.056604
1533.056604
1533.056604
1533.056604
1533.056604
1533.056604
1533.056604
1533.056604
1533.056604
1533.056604
1533.056604
1533.056604
1533.056604
1533.056604
1533.056604
1533.056604
1533.056604
1533.056604
1533.056604
1533.056604
1533.056604
1533.056604
1533.056604
1533.056604
1533.056604
1533.056604
1533.056604
1533.056604
1533.056604
1533.056604
1533.056604
1533.056604
1533.056604
1533.056604
1533.056604
1533.056604
1533.056604
1533.056604
1533.056604
1533.056604
1533.056604
1530.09434
1530.09434
1530.09434
1530.09434
1530.09434
1530.09434
1530.09434
1530.09434
1530.09434
1530.09434
1530.09434
1530.09434
1530.09434
1530.09434
1530.09434
1530.09434
1530.09434
1530.09434
1530.09434
1530.09434
1530.09434
1530.09434
1530.09434
1530.09434
1530.09434
1530.09434
1530.09434
1530.09434
1530.09434
1530.09434
1530.09434
1530.09434
1530.09434
1530.09434
1530.09434
1530.09434
1530.09434
1530.09434
1530.09434
1530.09434
1530.09434
1530.09434
1530.09434
1530.09434
1530.09434
1530.09434
1530.09434
1530.09434
1530.09434
1530.09434
1527.132075
1527.132075
1527.132075
1527.132075
1527.132075
1527.132075
1527.132075
1527.132075
1527.132075
1527.132075
1527.132075
1527.132075
1527.132075
1527.132075
1527.132075
1527.132075
1527.132075
1527.132075
1527.132075
1527.132075
1527.132075
1527.132075
1527.132075
1527.132075
1527.132075
1527.132075
1527.132075
1527.132075
1527.132075
1527.132075
1527.132075
1527.132075
1527.132075
1527.132075
1527.132075
1527.132075
1527.132075
1527.132075
1527.132075
1527.132075
1527.132075
1527.132075
1527.132075
1527.132075
1527.132075
1527.132075
1527.132075
1527.132075
1527.132075
1527.132075
1524.169811
1524.169811
1524.169811
1524.169811
1524.169811
1524.169811
1524.169811
1524.169811
1524.169811
1524.169811
1524.169811
1524.169811
1524.169811
1524.169811
1524.169811
1524.169811
1524.169811
1524.169811
1524.169811
1524.169811
1524.169811
1524.169811
1524.169811
1524.169811
1524.169811
1524.169811
1524.169811
1524.169811
1524.169811
1524.169811
1524.169811
1524.169811
1524.169811
1524.169811
1524.169811
1524.169811
1524.169811
1524.169811
1524.169811
1524.169811
1524.169811
1524.169811
1524.169811
1524.169811
1524.169811
1524.169811
1524.169811
1524.169811
1524.169811
1524.169811
1521.207547
1521.207547
1521.207547
1521.207547
1521.207547
1521.207547
1521.207547
1521.207547
1521.207547
1521.207547
1521.207547
1521.207547
1521.207547
1521.207547
1521.207547
1521.207547
1521.207547
1521.207547
1521.207547
1521.207547
1521.207547
1521.207547
1521.207547
1521.207547
1521.207547
1521.207547
1521.207547
1521.207547
1521.207547
1521.207547
1521.207547
1521.207547
1521.207547
1521.207547
1521.207547
1521.207547
1521.207547
1521.207547
1521.207547
1521.207547
1521.207547
1521.207547
1521.207547
1521.207547
1521.207547
1521.207547
1521.207547
1521.207547
1521.207547
1521.207547
1518.245283
1518.245283
1518.245283
1518.245283
1518.245283
1518.245283
1518.245283
1518.245283
1518.245283
1518.245283
1518.245283
1518.245283
1518.245283
1518.245283
1518.245283
1518.245283
1518.245283
1518.245283
1518.245283
1518.245283
1518.245283
1518.245283
1518.245283
1518.245283
1518.245283
1518.245283
1518.245283
1518.245283
1518.245283
1518.245283
1518.245283
1518.245283
1518.245283
1518.245283
1518.245283
1518.245283
1518.245283
1518.245283
1518.245283
1518.245283
1518.245283
1518.245283
1518.245283
1518.245283
1518.245283
1518.245283
1518.245283
1518.245283
1518.245283
1518.245283
1515.283019
1515.283019
1515.283019
1515.283019
1515.283019
1515.283019
1515.283019
1515.283019
1515.283019
1515.283019
1515.283019
1515.283019
1515.283019
1515.283019
1515.283019
1515.283019
1515.283019
1515.283019
1515.283019
1515.283019
1515.283019
1515.283019
1515.283019
1515.283019
1515.283019
1515.283019
1515.283019
1515.283019
1515.283019
1515.283019
1515.283019
1515.283019
1515.283019
1515.283019
1515.283019
1515.283019
1515.283019
1515.283019
1515.283019
1515.283019
1515.283019
1515.283019
1515.283019
1515.283019
1515.283019
1515.283019
1515.283019
1515.283019
1515.283019
1515.283019
1512.320755
1512.320755
1512.320755
1512.320755
1512.320755
1512.320755
1512.320755
1512.320755
1512.320755
1512.320755
1512.320755
1512.320755
1512.320755
1512.320755
1512.320755
1512.320755
1512.320755
1512.320755
1512.320755
1512.320755
1512.320755
1512.320755
1512.320755
1512.320755
1512.320755
1512.320755
1512.320755
1512.320755
1512.320755
1512.320755
1512.320755
1512.320755
1512.320755
1512.320755
1512.320755
1512.320755
1512.320755
1512.320755
1512.320755
1512.320755
1512.320755
1512.320755
1512.320755
1512.320755
1512.320755
1512.320755
1512.320755
1512.320755
1512.320755
1512.320755
1509.358491
1509.358491
1509.358491
1509.358491
1509.358491
1509.358491
1509.358491
1509.358491
1509.358491
1509.358491
1509.358491
1509.358491
1509.358491
1509.358491
1509.358491
1509.358491
1509.358491
1509.358491
1509.358491
1509.358491
1509.358491
1509.358491
1509.358491
1509.358491
1509.358491
1509.358491
1509.358491
1509.358491
1509.358491
1509.358491
1509.358491
1509.358491
1509.358491
1509.358491
1509.358491
1509.358491
1509.358491
1509.358491
1509.358491
1509.358491
1509.358491
1509.358491
1509.358491
1509.358491
1509.358491
1509.358491
1509.358491
1509.358491
1509.358491
1509.358491
1506.396226
1506.396226
1506.396226
1506.396226
1506.396226
1506.396226
1506.396226
1506.396226
1506.396226
1506.396226
1506.396226
1506.396226
1506.396226
1506.396226
1506.396226
1506.396226
1506.396226
1506.396226
1506.396226
1506.396226
1506.396226
1506.396226
1506.396226
1506.396226
1506.396226
1506.396226
1506.396226
1506.396226
1506.396226
1506.396226
1506.396226
1506.396226
1506.396226
1506.396226
1506.396226
1506.396226
1506.396226
1506.396226
1506.396226
1506.396226
1506.396226
1506.396226
1506.396226
1506.396226
1506.396226
1506.396226
1506.396226
1506.396226
1506.396226
1506.396226
1503.433962
1503.433962
1503.433962
1503.433962
1503.433962
1503.433962
1503.433962
1503.433962
1503.433962
1503.433962
1503.433962
1503.433962
1503.433962
1503.433962
1503.433962
1503.433962
1503.433962
1503.433962
1503.433962
1503.433962
1503.433962
1503.433962
1503.433962
1503.433962
1503.433962
1503.433962
1503.433962
1503.433962
1503.433962
1503.433962
1503.433962
1503.433962
1503.433962
1503.433962
1503.433962
1503.433962
1503.433962
1503.433962
1503.433962
1503.433962
1503.433962
1503.433962
1503.433962
1503.433962
1503.433962
1503.433962
1503.433962
1503.433962
1503.433962
1503.433962
1500.471698
1500.471698
1500.471698
1500.471698
1500.471698
1500.471698
1500.471698
1500.471698
1500.471698
1500.471698
1500.471698
1500.471698
1500.471698
1500.471698
1500.471698
1500.471698
1500.471698
1500.471698
1500.471698
1500.471698
1500.471698
1500.471698
1500.471698
1500.471698
1500.471698
1500.471698
1500.471698
1500.471698
1500.471698
1500.471698
1500.471698
1500.471698
1500.471698
1500.471698
1500.471698
1500.471698
1500.471698
1500.471698
1500.471698
1500.471698
1500.471698
1500.471698
1500.471698
1500.471698
1500.471698
1500.471698
1500.471698
1500.471698
1500.471698
1500.471698
1497.509434
1497.509434
1497.509434
1497.509434
1497.509434
1497.509434
1497.509434
1497.509434
1497.509434
1497.509434
1497.509434
1497.509434
1497.509434
1497.509434
1497.509434
1497.509434
1497.509434
1497.509434
1497.509434
1497.509434
1497.509434
1497.509434
1497.509434
1497.509434
1497.509434
1497.509434
1497.509434
1497.509434
1497.509434
1497.509434
1497.509434
1497.509434
1497.509434
1497.509434
1497.509434
1497.509434
1497.509434
1497.509434
1497.509434
1497.509434
1497.509434
1497.509434
1497.509434
1497.509434
1497.509434
1497.509434
1497.509434
1497.509434
1497.509434
1497.509434
1494.54717
1494.54717
1494.54717
1494.54717
1494.54717
1494.54717
1494.54717
1494.54717
1494.54717
1494.54717
1494.54717
1494.54717
1494.54717
1494.54717
1494.54717
1494.54717
1494.54717
1494.54717
1494.54717
1494.54717
1494.54717
1494.54717
1494.54717
1494.54717
1494.54717
1494.54717
1494.54717
1494.54717
1494.54717
1494.54717
1494.54717
1494.54717
1494.54717
1494.54717
1494.54717
1494.54717
1494.54717
1494.54717
1494.54717
1494.54717
1494.54717
1494.54717
1494.54717
1494.54717
1494.54717
1494.54717
1494.54717
1494.54717
1494.54717
1494.54717
1491.584906
1491.584906
1491.584906
1491.584906
1491.584906
1491.584906
1491.584906
1491.584906
1491.584906
1491.584906
1491.584906
1491.584906
1491.584906
1491.584906
1491.584906
1491.584906
1491.584906
1491.584906
1491.584906
1491.584906
1491.584906
1491.584906
1491.584906
1491.584906
1491.584906
1491.584906
1491.584906
1491.584906
1491.584906
1491.584906
1491.584906
1491.584906
1491.584906
1491.584906
1491.584906
1491.584906
1491.584906
1491.584906
1491.584906
1491.584906
1491.584906
1491.584906
1491.584906
1491.584906
1491.584906
1491.584906
1491.584906
1491.584906
1491.584906
1491.584906
1488.622642
1488.622642
1488.622642
1488.622642
1488.622642
1488.622642
1488.622642
1488.622642
1488.622642
1488.622642
1488.622642
1488.622642
1488.622642
1488.622642
1488.622642
1488.622642
1488.622642
1488.622642
1488.622642
1488.622642
1488.622642
1488.622642
1488.622642
1488.622642
1488.622642
1488.622642
1488.622642
1488.622642
1488.622642
1488.622642
1488.622642
1488.622642
1488.622642
1488.622642
1488.622642
1488.622642
1488.622642
1488.622642
1488.622642
1488.622642
1488.622642
1488.622642
1488.622642
1488.622642
1488.622642
1488.622642
1488.622642
1488.622642
1488.622642
1488.622642
1485.660377
1485.660377
1485.660377
1485.660377
1485.660377
1485.660377
1485.660377
1485.660377
1485.660377
1485.660377
1485.660377
1485.660377
1485.660377
1485.660377
1485.660377
1485.660377
1485.660377
1485.660377
1485.660377
1485.660377
1485.660377
1485.660377
1485.660377
1485.660377
1485.660377
1485.660377
1485.660377
1485.660377
1485.660377
1485.660377
1485.660377
1485.660377
1485.660377
1485.660377
1485.660377
1485.660377
1485.660377
1485.660377
1485.660377
1485.660377
1485.660377
1485.660377
1485.660377
1485.660377
1485.660377
1485.660377
1485.660377
1485.660377
1485.660377
1485.660377
1482.698113
1482.698113
1482.698113
1482.698113
1482.698113
1482.698113
1482.698113
1482.698113
1482.698113
1482.698113
1482.698113
1482.698113
1482.698113
1482.698113
1482.698113
1482.698113
1482.698113
1482.698113
1482.698113
1482.698113
1482.698113
1482.698113
1482.698113
1482.698113
1482.698113
1482.698113
1482.698113
1482.698113
1482.698113
1482.698113
1482.698113
1482.698113
1482.698113
1482.698113
1482.698113
1482.698113
1482.698113
1482.698113
1482.698113
1482.698113
1482.698113
1482.698113
1482.698113
1482.698113
1482.698113
1482.698113
1482.698113
1482.698113
1482.698113
1482.698113
1479.735849
1479.735849
1479.735849
1479.735849
1479.735849
1479.735849
1479.735849
1479.735849
1479.735849
1479.735849
1479.735849
1479.735849
1479.735849
1479.735849
1479.735849
1479.735849
1479.735849
1479.735849
1479.735849
1479.735849
1479.735849
1479.735849
1479.735849
1479.735849
1479.735849
1479.735849
1479.735849
1479.735849
1479.735849
1479.735849
1479.735849
1479.735849
1479.735849
1479.735849
1479.735849
1479.735849
1479.735849
1479.735849
1479.735849
1479.735849
1479.735849
1479.735849
1479.735849
1479.735849
1479.735849
1479.735849
1479.735849
1479.735849
1479.735849
1479.735849
1476.773585
1476.773585
1476.773585
1476.773585
1476.773585
1476.773585
1476.773585
1476.773585
1476.773585
1476.773585
1476.773585
1476.773585
1476.773585
1476.773585
1476.773585
1476.773585
1476.773585
1476.773585
1476.773585
1476.773585
1476.773585
1476.773585
1476.773585
1476.773585
1476.773585
1476.773585
1476.773585
1476.773585
1476.773585
1476.773585
1476.773585
1476.773585
1476.773585
1476.773585
1476.773585
1476.773585
1476.773585
1476.773585
1476.773585
1476.773585
1476.773585
1476.773585
1476.773585
1476.773585
1476.773585
1476.773585
1476.773585
1476.773585
1476.773585
1476.773585
1473.811321
1473.811321
1473.811321
1473.811321
1473.811321
1473.811321
1473.811321
1473.811321
1473.811321
1473.811321
1473.811321
1473.811321
1473.811321
1473.811321
1473.811321
1473.811321
1473.811321
1473.811321
1473.811321
1473.811321
1473.811321
1473.811321
1473.811321
1473.811321
1473.811321
1473.811321
1473.811321
1473.811321
1473.811321
1473.811321
1473.811321
1473.811321
1473.811321
1473.811321
1473.811321
1473.811321
1473.811321
1473.811321
1473.811321
1473.811321
1473.811321
1473.811321
1473.811321
1473.811321
1473.811321
1473.811321
1473.811321
1473.811321
1473.811321
1473.811321
1470.849057
1470.849057
1470.849057
1470.849057
1470.849057
1470.849057
1470.849057
1470.849057
1470.849057
1470.849057
1470.849057
1470.849057
1470.849057
1470.849057
1470.849057
1470.849057
1470.849057
1470.849057
1470.849057
1470.849057
1470.849057
1470.849057
1470.849057
1470.849057
1470.849057
1470.849057
1470.849057
1470.849057
1470.849057
1470.849057
1470.849057
1470.849057
1470.849057
1470.849057
1470.849057
1470.849057
1470.849057
1470.849057
1470.849057
1470.849057
1470.849057
1470.849057
1470.849057
1470.849057
1470.849057
1470.849057
1470.849057
1470.849057
1470.849057
1470.849057
1467.886792
1467.886792
1467.886792
1467.886792
1467.886792
1467.886792
1467.886792
1467.886792
1467.886792
1467.886792
1467.886792
1467.886792
1467.886792
1467.886792
1467.886792
1467.886792
1467.886792
1467.886792
1467.886792
1467.886792
1467.886792
1467.886792
1467.886792
1467.886792
1467.886792
1467.886792
1467.886792
1467.886792
1467.886792
1467.886792
1467.886792
1467.886792
1467.886792
1467.886792
1467.886792
1467.886792
1467.886792
1467.886792
1467.886792
1467.886792
1467.886792
1467.886792
1467.886792
1467.886792
1467.886792
1467.886792
1467.886792
1467.886792
1467.886792
1467.886792
1464.924528
1464.924528
1464.924528
1464.924528
1464.924528
1464.924528
1464.924528
1464.924528
1464.924528
1464.924528
1464.924528
1464.924528
1464.924528
1464.924528
1464.924528
1464.924528
1464.924528
1464.924528
1464.924528
1464.924528
1464.924528
1464.924528
1464.924528
1464.924528
1464.924528
1464.924528
1464.924528
1464.924528
1464.924528
1464.924528
1464.924528
1464.924528
1464.924528
1464.924528
1464.924528
1464.924528
1464.924528
1464.924528
1464.924528
1464.924528
1464.924528
1464.924528
1464.924528
1464.924528
1464.924528
1464.924528
1464.924528
1464.924528
1464.924528
1464.924528
1461.962264
1461.962264
1461.962264
1461.962264
1461.962264
1461.962264
1461.962264
1461.962264
1461.962264
1461.962264
1461.962264
1461.962264
1461.962264
1461.962264
1461.962264
1461.962264
1461.962264
1461.962264
1461.962264
1461.962264
1461.962264
1461.962264
1461.962264
1461.962264
1461.962264
1461.962264
1461.962264
1461.962264
1461.962264
1461.962264
1461.962264
1461.962264
1461.962264
1461.962264
1461.962264
1461.962264
1461.962264
1461.962264
1461.962264
1461.962264
1461.962264
1461.962264
1461.962264
1461.962264
1461.962264
1461.962264
1461.962264
1461.962264
1461.962264
1461.962264
1459
1459
1459
1459
1459
1459
1459
1459
1459
1459
1459
1459
1459
1459
1459
1459
1459
1459
1459
1459
1459
1459
1459
1459
1459
1459
1459
1459
1459
1459
1459
1459
1459
1459
1459
1459
1459
1459
1459
1459
1459
1459
1459
1459
1459
1459
1459
1459
1459
1459
1456.037736
1456.037736
1456.037736
1456.037736
1456.037736
1456.037736
1456.037736
1456.037736
1456.037736
1456.037736
1456.037736
1456.037736
1456.037736
1456.037736
1456.037736
1456.037736
1456.037736
1456.037736
1456.037736
1456.037736
1456.037736
1456.037736
1456.037736
1456.037736
1456.037736
1456.037736
1456.037736
1456.037736
1456.037736
1456.037736
1456.037736
1456.037736
1456.037736
1456.037736
1456.037736
1456.037736
1456.037736
1456.037736
1456.037736
1456.037736
1456.037736
1456.037736
1456.037736
1456.037736
1456.037736
1456.037736
1456.037736
1456.037736
1456.037736
1456.037736
1453.075472
1453.075472
1453.075472
1453.075472
1453.075472
1453.075472
1453.075472
1453.075472
1453.075472
1453.075472
1453.075472
1453.075472
1453.075472
1453.075472
1453.075472
1453.075472
1453.075472
1453.075472
1453.075472
1453.075472
1453.075472
1453.075472
1453.075472
1453.075472
1453.075472
1453.075472
1453.075472
1453.075472
1453.075472
1453.075472
1453.075472
1453.075472
1453.075472
1453.075472
1453.075472
1453.075472
1453.075472
1453.075472
1453.075472
1453.075472
1453.075472
1453.075472
1453.075472
1453.075472
1453.075472
1453.075472
1453.075472
1453.075472
1453.075472
1453.075472
1450.113208
1450.113208
1450.113208
1450.113208
1450.113208
1450.113208
1450.113208
1450.113208
1450.113208
1450.113208
1450.113208
1450.113208
1450.113208
1450.113208
1450.113208
1450.113208
1450.113208
1450.113208
1450.113208
1450.113208
1450.113208
1450.113208
1450.113208
1450.113208
1450.113208
1450.113208
1450.113208
1450.113208
1450.113208
1450.113208
1450.113208
1450.113208
1450.113208
1450.113208
1450.113208
1450.113208
1450.113208
1450.113208
1450.113208
1450.113208
1450.113208
1450.113208
1450.113208
1450.113208
1450.113208
1450.113208
1450.113208
1450.113208
1450.113208
1450.113208
1447.150943
1447.150943
1447.150943
1447.150943
1447.150943
1447.150943
1447.150943
1447.150943
1447.150943
1447.150943
1447.150943
1447.150943
1447.150943
1447.150943
1447.150943
1447.150943
1447.150943
1447.150943
1447.150943
1447.150943
1447.150943
1447.150943
1447.150943
1447.150943
1447.150943
1447.150943
1447.150943
1447.150943
1447.150943
1447.150943
1447.150943
1447.150943
1447.150943
1447.150943
1447.150943
1447.150943
1447.150943
1447.150943
1447.150943
1447.150943
1447.150943
1447.150943
1447.150943
1447.150943
1447.150943
1447.150943
1447.150943
1447.150943
1447.150943
1447.150943
1444.188679
1444.188679
1444.188679
1444.188679
1444.188679
1444.188679
1444.188679
1444.188679
1444.188679
1444.188679
1444.188679
1444.188679
1444.188679
1444.188679
1444.188679
1444.188679
1444.188679
1444.188679
1444.188679
1444.188679
1444.188679
1444.188679
1444.188679
1444.188679
1444.188679
1444.188679
1444.188679
1444.188679
1444.188679
1444.188679
1444.188679
1444.188679
1444.188679
1444.188679
1444.188679
1444.188679
1444.188679
1444.188679
1444.188679
1444.188679
1444.188679
1444.188679
1444.188679
1444.188679
1444.188679
1444.188679
1444.188679
1444.188679
1444.188679
1444.188679
1441.226415
1441.226415
1441.226415
1441.226415
1441.226415
1441.226415
1441.226415
1441.226415
1441.226415
1441.226415
1441.226415
1441.226415
1441.226415
1441.226415
1441.226415
1441.226415
1441.226415
1441.226415
1441.226415
1441.226415
1441.226415
1441.226415
1441.226415
1441.226415
1441.226415
1441.226415
1441.226415
1441.226415
1441.226415
1441.226415
1441.226415
1441.226415
1441.226415
1441.226415
1441.226415
1441.226415
1441.226415
1441.226415
1441.226415
1441.226415
1441.226415
1441.226415
1441.226415
1441.226415
1441.226415
1441.226415
1441.226415
1441.226415
1441.226415
1441.226415
1438.264151
1438.264151
1438.264151
1438.264151
1438.264151
1438.264151
1438.264151
1438.264151
1438.264151
1438.264151
1438.264151
1438.264151
1438.264151
1438.264151
1438.264151
1438.264151
1438.264151
1438.264151
1438.264151
1438.264151
1438.264151
1438.264151
1438.264151
1438.264151
1438.264151
1438.264151
1438.264151
1438.264151
1438.264151
1438.264151
1438.264151
1438.264151
1438.264151
1438.264151
1438.264151
1438.264151
1438.264151
1438.264151
1438.264151
1438.264151
1438.264151
1438.264151
1438.264151
1438.264151
1438.264151
1438.264151
1438.264151
1438.264151
1438.264151
1438.264151
1435.301887
1435.301887
1435.301887
1435.301887
1435.301887
1435.301887
1435.301887
1435.301887
1435.301887
1435.301887
1435.301887
1435.301887
1435.301887
1435.301887
1435.301887
1435.301887
1435.301887
1435.301887
1435.301887
1435.301887
1435.301887
1435.301887
1435.301887
1435.301887
1435.301887
1435.301887
1435.301887
1435.301887
1435.301887
1435.301887
1435.301887
1435.301887
1435.301887
1435.301887
1435.301887
1435.301887
1435.301887
1435.301887
1435.301887
1435.301887
1435.301887
1435.301887
1435.301887
1435.301887
1435.301887
1435.301887
1435.301887
1435.301887
1435.301887
1435.301887
1432.339623
1432.339623
1432.339623
1432.339623
1432.339623
1432.339623
1432.339623
1432.339623
1432.339623
1432.339623
1432.339623
1432.339623
1432.339623
1432.339623
1432.339623
1432.339623
1432.339623
1432.339623
1432.339623
1432.339623
1432.339623
1432.339623
1432.339623
1432.339623
1432.339623
1432.339623
1432.339623
1432.339623
1432.339623
1432.339623
1432.339623
1432.339623
1432.339623
1432.339623
1432.339623
1432.339623
1432.339623
1432.339623
1432.339623
1432.339623
1432.339623
1432.339623
1432.339623
1432.339623
1432.339623
1432.339623
1432.339623
1432.339623
1432.339623
1432.339623
1429.377358
1429.377358
1429.377358
1429.377358
1429.377358
1429.377358
1429.377358
1429.377358
1429.377358
1429.377358
1429.377358
1429.377358
1429.377358
1429.377358
1429.377358
1429.377358
1429.377358
1429.377358
1429.377358
1429.377358
1429.377358
1429.377358
1429.377358
1429.377358
1429.377358
1429.377358
1429.377358
1429.377358
1429.377358
1429.377358
1429.377358
1429.377358
1429.377358
1429.377358
1429.377358
1429.377358
1429.377358
1429.377358
1429.377358
1429.377358
1429.377358
1429.377358
1429.377358
1429.377358
1429.377358
1429.377358
1429.377358
1429.377358
1429.377358
1429.377358
1426.415094
1426.415094
1426.415094
1426.415094
1426.415094
1426.415094
1426.415094
1426.415094
1426.415094
1426.415094
1426.415094
1426.415094
1426.415094
1426.415094
1426.415094
1426.415094
1426.415094
1426.415094
1426.415094
1426.415094
1426.415094
1426.415094
1426.415094
1426.415094
1426.415094
1426.415094
1426.415094
1426.415094
1426.415094
1426.415094
1426.415094
1426.415094
1426.415094
1426.415094
1426.415094
1426.415094
1426.415094
1426.415094
1426.415094
1426.415094
1426.415094
1426.415094
1426.415094
1426.415094
1426.415094
1426.415094
1426.415094
1426.415094
1426.415094
1426.415094
1423.45283
1423.45283
1423.45283
1423.45283
1423.45283
1423.45283
1423.45283
1423.45283
1423.45283
1423.45283
1423.45283
1423.45283
1423.45283
1423.45283
1423.45283
1423.45283
1423.45283
1423.45283
1423.45283
1423.45283
1423.45283
1423.45283
1423.45283
1423.45283
1423.45283
1423.45283
1423.45283
1423.45283
1423.45283
1423.45283
1423.45283
1423.45283
1423.45283
1423.45283
1423.45283
1423.45283
1423.45283
1423.45283
1423.45283
1423.45283
1423.45283
1423.45283
1423.45283
1423.45283
1423.45283
1423.45283
1423.45283
1423.45283
1423.45283
1423.45283
1420.490566
1420.490566
1420.490566
1420.490566
1420.490566
1420.490566
1420.490566
1420.490566
1420.490566
1420.490566
1420.490566
1420.490566
1420.490566
1420.490566
1420.490566
1420.490566
1420.490566
1420.490566
1420.490566
1420.490566
1420.490566
1420.490566
1420.490566
1420.490566
1420.490566
1420.490566
1420.490566
1420.490566
1420.490566
1420.490566
1420.490566
1420.490566
1420.490566
1420.490566
1420.490566
1420.490566
1420.490566
1420.490566
1420.490566
1420.490566
1420.490566
1420.490566
1420.490566
1420.490566
1420.490566
1420.490566
1420.490566
1420.490566
1420.490566
1420.490566
1417.528302
1417.528302
1417.528302
1417.528302
1417.528302
1417.528302
1417.528302
1417.528302
1417.528302
1417.528302
1417.528302
1417.528302
1417.528302
1417.528302
1417.528302
1417.528302
1417.528302
1417.528302
1417.528302
1417.528302
1417.528302
1417.528302
1417.528302
1417.528302
1417.528302
1417.528302
1417.528302
1417.528302
1417.528302
1417.528302
1417.528302
1417.528302
1417.528302
1417.528302
1417.528302
1417.528302
1417.528302
1417.528302
1417.528302
1417.528302
1417.528302
1417.528302
1417.528302
1417.528302
1417.528302
1417.528302
1417.528302
1417.528302
1417.528302
1417.528302
1414.566038
1414.566038
1414.566038
1414.566038
1414.566038
1414.566038
1414.566038
1414.566038
1414.566038
1414.566038
1414.566038
1414.566038
1414.566038
1414.566038
1414.566038
1414.566038
1414.566038
1414.566038
1414.566038
1414.566038
1414.566038
1414.566038
1414.566038
1414.566038
1414.566038
1414.566038
1414.566038
1414.566038
1414.566038
1414.566038
1414.566038
1414.566038
1414.566038
1414.566038
1414.566038
1414.566038
1414.566038
1414.566038
1414.566038
1414.566038
1414.566038
1414.566038
1414.566038
1414.566038
1414.566038
1414.566038
1414.566038
1414.566038
1414.566038
1414.566038
1411.603774
1411.603774
1411.603774
1411.603774
1411.603774
1411.603774
1411.603774
1411.603774
1411.603774
1411.603774
1411.603774
1411.603774
1411.603774
1411.603774
1411.603774
1411.603774
1411.603774
1411.603774
1411.603774
1411.603774
1411.603774
1411.603774
1411.603774
1411.603774
1411.603774
1411.603774
1411.603774
1411.603774
1411.603774
1411.603774
1411.603774
1411.603774
1411.603774
1411.603774
1411.603774
1411.603774
1411.603774
1411.603774
1411.603774
1411.603774
1411.603774
1411.603774
1411.603774
1411.603774
1411.603774
1411.603774
1411.603774
1411.603774
1411.603774
1411.603774
1408.641509
1408.641509
1408.641509
1408.641509
1408.641509
1408.641509
1408.641509
1408.641509
1408.641509
1408.641509
1408.641509
1408.641509
1408.641509
1408.641509
1408.641509
1408.641509
1408.641509
1408.641509
1408.641509
1408.641509
1408.641509
1408.641509
1408.641509
1408.641509
1408.641509
1408.641509
1408.641509
1408.641509
1408.641509
1408.641509
1408.641509
1408.641509
1408.641509
1408.641509
1408.641509
1408.641509
1408.641509
1408.641509
1408.641509
1408.641509
1408.641509
1408.641509
1408.641509
1408.641509
1408.641509
1408.641509
1408.641509
1408.641509
1408.641509
1408.641509
1405.679245
1405.679245
1405.679245
1405.679245
1405.679245
1405.679245
1405.679245
1405.679245
1405.679245
1405.679245
1405.679245
1405.679245
1405.679245
1405.679245
1405.679245
1405.679245
1405.679245
1405.679245
1405.679245
1405.679245
1405.679245
1405.679245
1405.679245
1405.679245
1405.679245
1405.679245
1405.679245
1405.679245
1405.679245
1405.679245
1405.679245
1405.679245
1405.679245
1405.679245
1405.679245
1405.679245
1405.679245
1405.679245
1405.679245
1405.679245
1405.679245
1405.679245
1405.679245
1405.679245
1405.679245
1405.679245
1405.679245
1405.679245
1405.679245
1405.679245
1402.716981
1402.716981
1402.716981
1402.716981
1402.716981
1402.716981
1402.716981
1402.716981
1402.716981
1402.716981
1402.716981
1402.716981
1402.716981
1402.716981
1402.716981
1402.716981
1402.716981
1402.716981
1402.716981
1402.716981
1402.716981
1402.716981
1402.716981
1402.716981
1402.716981
1402.716981
1402.716981
1402.716981
1402.716981
1402.716981
1402.716981
1402.716981
1402.716981
1402.716981
1402.716981
1402.716981
1402.716981
1402.716981
1402.716981
1402.716981
1402.716981
1402.716981
1402.716981
1402.716981
1402.716981
1402.716981
1402.716981
1402.716981
1402.716981
1402.716981
1399.754717
1399.754717
1399.754717
1399.754717
1399.754717
1399.754717
1399.754717
1399.754717
1399.754717
1399.754717
1399.754717
1399.754717
1399.754717
1399.754717
1399.754717
1399.754717
1399.754717
1399.754717
1399.754717
1399.754717
1399.754717
1399.754717
1399.754717
1399.754717
1399.754717
1399.754717
1399.754717
1399.754717
1399.754717
1399.754717
1399.754717
1399.754717
1399.754717
1399.754717
1399.754717
1399.754717
1399.754717
1399.754717
1399.754717
1399.754717
1399.754717
1399.754717
1399.754717
1399.754717
1399.754717
1399.754717
1399.754717
1399.754717
1399.754717
1399.754717
1396.792453
1396.792453
1396.792453
1396.792453
1396.792453
1396.792453
1396.792453
1396.792453
1396.792453
1396.792453
1396.792453
1396.792453
1396.792453
1396.792453
1396.792453
1396.792453
1396.792453
1396.792453
1396.792453
1396.792453
1396.792453
1396.792453
1396.792453
1396.792453
1396.792453
1396.792453
1396.792453
1396.792453
1396.792453
1396.792453
1396.792453
1396.792453
1396.792453
1396.792453
1396.792453
1396.792453
1396.792453
1396.792453
1396.792453
1396.792453
1396.792453
1396.792453
1396.792453
1396.792453
1396.792453
1396.792453
1396.792453
1396.792453
1396.792453
1396.792453
1393.830189
1393.830189
1393.830189
1393.830189
1393.830189
1393.830189
1393.830189
1393.830189
1393.830189
1393.830189
1393.830189
1393.830189
1393.830189
1393.830189
1393.830189
1393.830189
1393.830189
1393.830189
1393.830189
1393.830189
1393.830189
1393.830189
1393.830189
1393.830189
1393.830189
1393.830189
1393.830189
1393.830189
1393.830189
1393.830189
1393.830189
1393.830189
1393.830189
1393.830189
1393.830189
1393.830189
1393.830189
1393.830189
1393.830189
1393.830189
1393.830189
1393.830189
1393.830189
1393.830189
1393.830189
1393.830189
1393.830189
1393.830189
1393.830189
1393.830189
1390.867925
1390.867925
1390.867925
1390.867925
1390.867925
1390.867925
1390.867925
1390.867925
1390.867925
1390.867925
1390.867925
1390.867925
1390.867925
1390.867925
1390.867925
1390.867925
1390.867925
1390.867925
1390.867925
1390.867925
1390.867925
1390.867925
1390.867925
1390.867925
1390.867925
1390.867925
1390.867925
1390.867925
1390.867925
1390.867925
1390.867925
1390.867925
1390.867925
1390.867925
1390.867925
1390.867925
1390.867925
1390.867925
1390.867925
1390.867925
1390.867925
1390.867925
1390.867925
1390.867925
1390.867925
1390.867925
1390.867925
1390.867925
1390.867925
1390.867925
1387.90566
1387.90566
1387.90566
1387.90566
1387.90566
1387.90566
1387.90566
1387.90566
1387.90566
1387.90566
1387.90566
1387.90566
1387.90566
1387.90566
1387.90566
1387.90566
1387.90566
1387.90566
1387.90566
1387.90566
1387.90566
1387.90566
1387.90566
1387.90566
1387.90566
1387.90566
1387.90566
1387.90566
1387.90566
1387.90566
1387.90566
1387.90566
1387.90566
1387.90566
1387.90566
1387.90566
1387.90566
1387.90566
1387.90566
1387.90566
1387.90566
1387.90566
1387.90566
1387.90566
1387.90566
1387.90566
1387.90566
1387.90566
1387.90566
1387.90566
1384.943396
1384.943396
1384.943396
1384.943396
1384.943396
1384.943396
1384.943396
1384.943396
1384.943396
1384.943396
1384.943396
1384.943396
1384.943396
1384.943396
1384.943396
1384.943396
1384.943396
1384.943396
1384.943396
1384.943396
1384.943396
1384.943396
1384.943396
1384.943396
1384.943396
1384.943396
1384.943396
1384.943396
1384.943396
1384.943396
1384.943396
1384.943396
1384.943396
1384.943396
1384.943396
1384.943396
1384.943396
1384.943396
1384.943396
1384.943396
1384.943396
1384.943396
1384.943396
1384.943396
1384.943396
1384.943396
1384.943396
1384.943396
1384.943396
1384.943396
1381.981132
1381.981132
1381.981132
1381.981132
1381.981132
1381.981132
1381.981132
1381.981132
1381.981132
1381.981132
1381.981132
1381.981132
1381.981132
1381.981132
1381.981132
1381.981132
1381.981132
1381.981132
1381.981132
1381.981132
1381.981132
1381.981132
1381.981132
1381.981132
1381.981132
1381.981132
1381.981132
1381.981132
1381.981132
1381.981132
1381.981132
1381.981132
1381.981132
1381.981132
1381.981132
1381.981132
1381.981132
1381.981132
1381.981132
1381.981132
1381.981132
1381.981132
1381.981132
1381.981132
1381.981132
1381.981132
1381.981132
1381.981132
1381.981132
1381.981132
1379.018868
1379.018868
1379.018868
1379.018868
1379.018868
1379.018868
1379.018868
1379.018868
1379.018868
1379.018868
1379.018868
1379.018868
1379.018868
1379.018868
1379.018868
1379.018868
1379.018868
1379.018868
1379.018868
1379.018868
1379.018868
1379.018868
1379.018868
1379.018868
1379.018868
1379.018868
1379.018868
1379.018868
1379.018868
1379.018868
1379.018868
1379.018868
1379.018868
1379.018868
1379.018868
1379.018868
1379.018868
1379.018868
1379.018868
1379.018868
1379.018868
1379.018868
1379.018868
1379.018868
1379.018868
1379.018868
1379.018868
1379.018868
1379.018868
1379.018868
1376.056604
1376.056604
1376.056604
1376.056604
1376.056604
1376.056604
1376.056604
1376.056604
1376.056604
1376.056604
1376.056604
1376.056604
1376.056604
1376.056604
1376.056604
1376.056604
1376.056604
1376.056604
1376.056604
1376.056604
1376.056604
1376.056604
1376.056604
1376.056604
1376.056604
1376.056604
1376.056604
1376.056604
1376.056604
1376.056604
1376.056604
1376.056604
1376.056604
1376.056604
1376.056604
1376.056604
1376.056604
1376.056604
1376.056604
1376.056604
1376.056604
1376.056604
1376.056604
1376.056604
1376.056604
1376.056604
1376.056604
1376.056604
1376.056604
1376.056604
1373.09434
1373.09434
1373.09434
1373.09434
1373.09434
1373.09434
1373.09434
1373.09434
1373.09434
1373.09434
1373.09434
1373.09434
1373.09434
1373.09434
1373.09434
1373.09434
1373.09434
1373.09434
1373.09434
1373.09434
1373.09434
1373.09434
1373.09434
1373.09434
1373.09434
1373.09434
1373.09434
1373.09434
1373.09434
1373.09434
1373.09434
1373.09434
1373.09434
1373.09434
1373.09434
1373.09434
1373.09434
1373.09434
1373.09434
1373.09434
1373.09434
1373.09434
1373.09434
1373.09434
1373.09434
1373.09434
1373.09434
1373.09434
1373.09434
1373.09434
1370.132076
1370.132076
1370.132076
1370.132076
1370.132076
1370.132076
1370.132076
1370.132076
1370.132076
1370.132076
1370.132076
1370.132076
1370.132076
1370.132076
1370.132076
1370.132076
1370.132076
1370.132076
1370.132076
1370.132076
1370.132076
1370.132076
1370.132076
1370.132076
1370.132076
1370.132076
1370.132076
1370.132076
1370.132076
1370.132076
1370.132076
1370.132076
1370.132076
1370.132076
1370.132076
1370.132076
1370.132076
1370.132076
1370.132076
1370.132076
1370.132076
1370.132075
1370.132075
1370.132075
1370.132075
1370.132075
1370.132075
1370.132075
1370.132075
1370.132075
1367.169813
1367.169813
1367.169813
1367.169813
1367.169813
1367.169813
1367.169813
1367.169813
1367.169813
1367.169813
1367.169813
1367.169813
1367.169813
1367.169813
1367.169813
1367.169813
1367.169813
1367.169813
1367.169813
1367.169813
1367.169813
1367.169813
1367.169813
1367.169813
1367.169813
1367.169812
1367.169812
1367.169812
1367.169812
1367.169812
1367.169812
1367.169812
1367.169812
1367.169812
1367.169812
1367.169812
1367.169812
1367.169812
1367.169812
1367.169812
1367.169812
1367.169812
1367.169811
1367.169811
1367.169811
1367.169811
1367.169811
1367.169811
1367.169811
1367.169811
1364.207551
1364.207551
1364.207551
1364.207551
1364.207551
1364.207551
1364.207551
1364.207551
1364.207551
1364.207551
1364.207551
1364.207551
1364.207551
1364.207551
1364.207551
1364.207551
1364.20755
1364.20755
1364.20755
1364.20755
1364.20755
1364.20755
1364.20755
1364.20755
1364.20755
1364.20755
1364.20755
1364.207549
1364.207549
1364.207549
1364.207549
1364.207549
1364.207549
1364.207549
1364.207549
1364.207549
1364.207548
1364.207548
1364.207548
1364.207548
1364.207548
1364.207548
1364.207548
1364.207548
1364.207548
1364.207547
1364.207547
1364.207547
1364.207547
1364.207547
1361.245291
1361.245291
1361.245291
1361.245291
1361.245291
1361.245291
1361.245291
1361.245291
1361.245291
1361.245291
1361.245291
1361.245291
1361.24529
1361.24529
1361.24529
1361.24529
1361.24529
1361.24529
1361.24529
1361.245289
1361.245289
1361.245289
1361.245289
1361.245289
1361.245289
1361.245288
1361.245288
1361.245288
1361.245288
1361.245288
1361.245287
1361.245287
1361.245287
1361.245287
1361.245286
1361.245286
1361.245286
1361.245286
1361.245286
1361.245285
1361.245285
1361.245285
1361.245285
1361.245284
1361.245284
1361.245284
1361.245284
1361.245284
1361.245283
1361.245283
1358.283035
1358.283035
1358.283035
1358.283035
1358.283035
1358.283035
1358.283035
1358.283035
1358.283035
1358.283034
1358.283034
1358.283034
1358.283034
1358.283034
1358.283033
1358.283033
1358.283033
1358.283033
1358.283032
1358.283032
1358.283032
1358.283031
1358.283031
1358.28303
1358.28303
1358.28303
1358.283029
1358.283029
1358.283028
1358.283028
1358.283028
1358.283027
1358.283027
1358.283026
1358.283026
1358.283025
1358.283025
1358.283024
1358.283024
1358.283024
1358.283023
1358.283023
1358.283022
1358.283022
1358.283021
1358.283021
1358.28302
1358.28302
1358.28302
1358.283019
1355.320788
1355.320788
1355.320788
1355.320787
1355.320787
1355.320787
1355.320787
1355.320787
1355.320786
1355.320786
1355.320786
1355.320785
1355.320785
1355.320784
1355.320784
1355.320783
1355.320783
1355.320782
1355.320781
1355.320781
1355.32078
1355.320779
1355.320779
1355.320778
1355.320777
1355.320776
1355.320776
1355.320775
1355.320774
1355.320773
1355.320772
1355.320771
1355.320771
1355.32077
1355.320769
1355.320768
1355.320767
1355.320766
1355.320765
1355.320764
1355.320763
1355.320762
1355.320761
1355.320761
1355.32076
1355.320759
1355.320758
1355.320757
1355.320756
1355.320755
1352.358557
1352.358557
1352.358557
1352.358556
1352.358556
1352.358556
1352.358555
1352.358555
1352.358554
1352.358553
1352.358553
1352.358552
1352.358551
1352.35855
1352.358549
1352.358548
1352.358547
1352.358546
1352.358544
1352.358543
1352.358542
1352.35854
1352.358539
1352.358537
1352.358536
1352.358534
1352.358533
1352.358531
1352.358529
1352.358528
1352.358526
1352.358524
1352.358522
1352.35852
1352.358519
1352.358517
1352.358515
1352.358513
1352.358511
1352.358509
1352.358508
1352.358506
1352.358504
1352.358502
1352.3585
1352.358499
1352.358497
1352.358495
1352.358493
1352.358492
1349.396359
1349.396359
1349.396359
1349.396358
1349.396358
1349.396357
1349.396356
1349.396355
1349.396354
1349.396353
1349.396351
1349.396349
1349.396348
1349.396346
1349.396344
1349.396342
1349.396339
1349.396337
1349.396334
1349.396332
1349.396329
1349.396326
1349.396323
1349.39632
1349.396317
1349.396314
1349.396311
1349.396307
1349.396304
1349.3963
1349.396297
1349.396293
1349.39629
1349.396286
1349.396282
1349.396279
1349.396275
1349.396271
1349.396267
1349.396264
1349.39626
1349.396256
1349.396253
1349.396249
1349.396245
1349.396242
1349.396238
1349.396235
1349.396231
1349.396228
1346.434229
1346.434229
1346.434228
1346.434228
1346.434226
1346.434225
1346.434223
1346.434221
1346.434218
1346.434216
1346.434213
1346.434209
1346.434206
1346.434202
1346.434198
1346.434194
1346.434189
1346.434184
1346.434179
1346.434174
1346.434168
1346.434163
1346.434157
1346.434151
1346.434144
1346.434138
1346.434131
1346.434125
1346.434118
1346.434111
1346.434104
1346.434097
1346.434089
1346.434082
1346.434075
1346.434067
1346.43406
1346.434052
1346.434045
1346.434037
1346.43403
1346.434022
1346.434015
1346.434008
1346.434
1346.433993
1346.433986
1346.433979
1346.433972
1346.433965
1343.472235
1343.472235
1343.472233
1343.472232
1343.472229
1343.472226
1343.472222
1343.472218
1343.472213
1343.472208
1343.472202
1343.472195
1343.472188
1343.47218
1343.472172
1343.472163
1343.472154
1343.472144
1343.472134
1343.472124
1343.472113
1343.472101
1343.472089
1343.472077
1343.472064
1343.472052
1343.472038
1343.472025
1343.472011
1343.471997
1343.471983
1343.471969
1343.471954
1343.471939
1343.471924
1343.47191
1343.471895
1343.47188
1343.471865
1343.47185
1343.471835
1343.47182
1343.471805
1343.47179
1343.471775
1343.471761
1343.471746
1343.471732
1343.471718
1343.471705
1340.510513
1340.510512
1340.51051
1340.510506
1340.510501
1340.510495
1340.510488
1340.510479
1340.510469
1340.510458
1340.510446
1340.510433
1340.510419
1340.510403
1340.510387
1340.510369
1340.510351
1340.510331
1340.510311
1340.510289
1340.510267
1340.510244
1340.51022
1340.510196
1340.51017
1340.510144
1340.510118
1340.510091
1340.510063
1340.510035
1340.510007
1340.509978
1340.509948
1340.509919
1340.509889
1340.509859
1340.509829
1340.509799
1340.509769
1340.509738
1340.509708
1340.509678
1340.509648
1340.509619
1340.509589
1340.50956
1340.509531
1340.509503
1340.509475
1340.509447
1337.54934
1337.549337
1337.549333
1337.549325
1337.549315
1337.549303
1337.549288
1337.549271
1337.549251
1337.549229
1337.549204
1337.549178
1337.549149
1337.549118
1337.549085
1337.549049
1337.549012
1337.548973
1337.548932
1337.548889
1337.548844
1337.548798
1337.54875
1337.548701
1337.54865
1337.548598
1337.548545
1337.54849
1337.548435
1337.548378
1337.548321
1337.548263
1337.548204
1337.548145
1337.548085
1337.548025
1337.547964
1337.547903
1337.547843
1337.547782
1337.547721
1337.547661
1337.547601
1337.547541
1337.547482
1337.547423
1337.547366
1337.547308
1337.547252
1337.547197
1334.589267
1334.589263
1334.589253
1334.589238
1334.589218
1334.589193
1334.589163
1334.589128
1334.589089
1334.589044
1334.588995
1334.588942
1334.588884
1334.588821
1334.588755
1334.588684
1334.588609
1334.58853
1334.588448
1334.588361
1334.588272
1334.588179
1334.588082
1334.587983
1334.587881
1334.587777
1334.587669
1334.58756
1334.587448
1334.587335
1334.587219
1334.587103
1334.586984
1334.586865
1334.586745
1334.586624
1334.586502
1334.58638
1334.586258
1334.586136
1334.586014
1334.585893
1334.585772
1334.585652
1334.585533
1334.585415
1334.585299
1334.585184
1334.585071
1334.58496
1331.631407
1331.631398
1331.631379
1331.631348
1331.631308
1331.631258
1331.631198
1331.631128
1331.631049
1331.63096
1331.630861
1331.630754
1331.630637
1331.630512
1331.630378
1331.630235
1331.630085
1331.629926
1331.629761
1331.629587
1331.629407
1331.62922
1331.629027
1331.628828
1331.628623
1331.628412
1331.628197
1331.627977
1331.627752
1331.627524
1331.627292
1331.627058
1331.62682
1331.62658
1331.626338
1331.626095
1331.625851
1331.625605
1331.62536
1331.625115
1331.62487
1331.624626
1331.624383
1331.624142
1331.623903
1331.623666
1331.623432
1331.623202
1331.622974
1331.622751
1328.677994
1328.677976
1328.677936
1328.677876
1328.677795
1328.677694
1328.677574
1328.677433
1328.677274
1328.677095
1328.676897
1328.676681
1328.676447
1328.676195
1328.675926
1328.67564
1328.675338
1328.67502
1328.674686
1328.674338
1328.673976
1328.673601
1328.673212
1328.672812
1328.6724
1328.671977
1328.671544
1328.671102
1328.670651
1328.670192
1328.669727
1328.669255
1328.668777
1328.668295
1328.667809
1328.66732
1328.666829
1328.666336
1328.665842
1328.665349
1328.664856
1328.664366
1328.663878
1328.663393
1328.662912
1328.662436
1328.661966
1328.661502
1328.661046
1328.660597
1325.733509
1325.733472
1325.733393
1325.733272
1325.73311
1325.732908
1325.732666
1325.732385
1325.732064
1325.731705
1325.731309
1325.730875
1325.730405
1325.7299
1325.72936
1325.728786
1325.728179
1325.727541
1325.726872
1325.726173
1325.725446
1325.724692
1325.723913
1325.723108
1325.722281
1325.721432
1325.720562
1325.719674
1325.718768
1325.717847
1325.716911
1325.715963
1325.715003
1325.714034
1325.713057
1325.712074
1325.711086
1325.710096
1325.709103
1325.708111
1325.707121
1325.706135
1325.705153
1325.704178
1325.703212
1325.702255
1325.701309
1325.700376
1325.699457
1325.698554
1322.806932
1322.80686
1322.8067
1322.806458
1322.806134
1322.80573
1322.805246
1322.804683
1322.804042
1322.803324
1322.80253
1322.801662
1322.800721
1322.799709
1322.798627
1322.797478
1322.796262
1322.794983
1322.793643
1322.792242
1322.790785
1322.789274
1322.78771
1322.786097
1322.784437
1322.782733
1322.780988
1322.779205
1322.777387
1322.775537
1322.773657
1322.771752
1322.769825
1322.767878
1322.765914
1322.763938
1322.761952
1322.75996
1322.757964
1322.755969
1322.753977
1322.751993
1322.750018
1322.748056
1322.746111
1322.744185
1322.742282
1322.740404
1322.738555
1322.736738
1319.916185
1319.91604
1319.915723
1319.915241
1319.914597
1319.913793
1319.912829
1319.911708
1319.910432
1319.909002
1319.907421
1319.905692
1319.903817
1319.901799
1319.899642
1319.897349
1319.894924
1319.892371
1319.889694
1319.886898
1319.883986
1319.880965
1319.877838
1319.874611
1319.871289
1319.867878
1319.864383
1319.86081
1319.857166
1319.853455
1319.849685
1319.845861
1319.841991
1319.83808
1319.834135
1319.830162
1319.826169
1319.822161
1319.818146
1319.81413
1319.81012
1319.806123
1319.802145
1319.798193
1319.794273
1319.790391
1319.786555
1319.782769
1319.779041
1319.775377
1317.096724
1317.09644
1317.095816
1317.094868
1317.093602
1317.092019
1317.090123
1317.087916
1317.085403
1317.082586
1317.07947
1317.07606
1317.072361
1317.068379
1317.064119
1317.059587
1317.054792
1317.049739
1317.044437
1317.038894
1317.033119
1317.02712
1317.020907
1317.014489
1317.007878
1317.001082
1316.994114
1316.986984
1316.979704
1316.972285
1316.964741
1316.957082
1316.949323
1316.941475
1316.933552
1316.925568
1316.917535
1316.909468
1316.901379
1316.893284
1316.885195
1316.877126
1316.869092
1316.861105
1316.853181
1316.845331
1316.83757
1316.82991
1316.822366
1316.814948
1314.417433
1314.416888
1314.41569
1314.413872
1314.411441
1314.408402
1314.404759
1314.400517
1314.395682
1314.390259
1314.384255
1314.377679
1314.370537
1314.362839
1314.354595
1314.345815
1314.336511
1314.326694
1314.316377
1314.305575
1314.294301
1314.282571
1314.270401
1314.257809
1314.244812
1314.231428
1314.217678
1314.203581
1314.18916
1314.174436
1314.159431
1314.14417
1314.128677
1314.112978
1314.097098
1314.081063
1314.064902
1314.048641
1314.03231
1314.015937
1313.999552
1313.983184
1313.966864
1313.95062
1313.934485
1313.918487
1313.902656
1313.887023
1313.871617
1313.856466
1312.007011
1312.006018
1312.003833
1312.000516
1311.996077
1311.990523
1311.98386
1311.976093
1311.967229
1311.957274
1311.946236
1311.934123
1311.920945
1311.906711
1311.891434
1311.875126
1311.857799
1311.83947
1311.820153
1311.799867
1311.778629
1311.756461
1311.733384
1311.709422
1311.684598
1311.658941
1311.632479
1311.605243
1311.577266
1311.548582
1311.519229
1311.489245
1311.458675
1311.42756
1311.395949
1311.363892
1311.33144
1311.298648
1311.265575
1311.232281
1311.198828
1311.165284
1311.131716
1311.098196
1311.064796
1311.031591
1310.998659
1310.966076
1310.933921
1310.902273
1310.086957
1310.085316
1310.081707
1310.076222
1310.068878
1310.059678
1310.048626
1310.035721
1310.020965
1310.004357
1309.985896
1309.965583
1309.943416
1309.919397
1309.893525
1309.8658
1309.836224
1309.804798
1309.771524
1309.736405
1309.699446
1309.660651
1309.620027
1309.577582
1309.533326
1309.487271
1309.439431
1309.389824
1309.338469
1309.28539
1309.230616
1309.174177
1309.116112
1309.056463
1308.99528
1308.932618
1308.868543
1308.803129
1308.73646
1308.66863
1308.599749
1308.529939
1308.459338
1308.388104
1308.316413
1308.244466
1308.172485
1308.100725
1308.029469
1307.959037
1308.976752
1308.974503
1308.969553
1308.962026
1308.951937
1308.939284
1308.924059
1308.906249
1308.88584
1308.862812
1308.837144
1308.808812
1308.777788
1308.744042
1308.707541
1308.668249
1308.626124
1308.581125
1308.533203
1308.482307
1308.428384
1308.371373
1308.311211
1308.24783
1308.181154
1308.111107
1308.037601
1307.960548
1307.879848
1307.795398
1307.707084
1307.614788
1307.51838
1307.417722
1307.312665
1307.20305
1307.088707
1306.969452
1306.845087
1306.715402
1306.580168
1306.439139
1306.292053
1306.138624
1305.978546
1305.811489
1305.637095
1305.454979
1305.264723
1305.065879
)
;

boundaryField
{
    axis
    {
        type            empty;
    }
    inlet
    {
        type            fixedValue;
        value           uniform 273;
    }
    wall
    {
        type            fixedValue;
        value           nonuniform List<scalar> 
159
(
1773
1770.037736
1767.075472
1764.113208
1761.150943
1758.188679
1755.226415
1752.264151
1749.301887
1746.339623
1743.377358
1740.415094
1737.45283
1734.490566
1731.528302
1728.566038
1725.603774
1722.641509
1719.679245
1716.716981
1713.754717
1710.792453
1707.830189
1704.867925
1701.90566
1698.943396
1695.981132
1693.018868
1690.056604
1687.09434
1684.132075
1681.169811
1678.207547
1675.245283
1672.283019
1669.320755
1666.358491
1663.396226
1660.433962
1657.471698
1654.509434
1651.54717
1648.584906
1645.622642
1642.660377
1639.698113
1636.735849
1633.773585
1630.811321
1627.849057
1624.886792
1621.924528
1618.962264
1616
1613.037736
1610.075472
1607.113208
1604.150943
1601.188679
1598.226415
1595.264151
1592.301887
1589.339623
1586.377358
1583.415094
1580.45283
1577.490566
1574.528302
1571.566038
1568.603774
1565.641509
1562.679245
1559.716981
1556.754717
1553.792453
1550.830189
1547.867925
1544.90566
1541.943396
1538.981132
1536.018868
1533.056604
1530.09434
1527.132075
1524.169811
1521.207547
1518.245283
1515.283019
1512.320755
1509.358491
1506.396226
1503.433962
1500.471698
1497.509434
1494.54717
1491.584906
1488.622642
1485.660377
1482.698113
1479.735849
1476.773585
1473.811321
1470.849057
1467.886792
1464.924528
1461.962264
1459
1456.037736
1453.075472
1450.113208
1447.150943
1444.188679
1441.226415
1438.264151
1435.301887
1432.339623
1429.377358
1426.415094
1423.45283
1420.490566
1417.528302
1414.566038
1411.603774
1408.641509
1405.679245
1402.716981
1399.754717
1396.792453
1393.830189
1390.867925
1387.90566
1384.943396
1381.981132
1379.018868
1376.056604
1373.09434
1370.132075
1367.169811
1364.207547
1361.245283
1358.283019
1355.320755
1352.358491
1349.396226
1346.433962
1343.471698
1340.509434
1337.54717
1334.584906
1331.622642
1328.660377
1325.698113
1322.735849
1319.773585
1316.811321
1313.849057
1310.886792
1307.924528
1304.962264
)
;
    }
    outlet
    {
        type            zeroGradient;
    }
    front
    {
        type            wedge;
    }
    back
    {
        type            wedge;
    }
}


// ************************************************************************* //
