/*--------------------------------*- C++ -*----------------------------------*\
| =========                 |                                                 |
| \\      /  F ield         | OpenFOAM: The Open Source CFD Toolbox           |
|  \\    /   O peration     | Version:  5.x                                   |
|   \\  /    A nd           | Web:      www.OpenFOAM.org                      |
|    \\/     M anipulation  |                                                 |
\*---------------------------------------------------------------------------*/
FoamFile
{
    version     2.0;
    format      ascii;
    class       volScalarField;
    location    "0.01";
    object      pAir;
}
// * * * * * * * * * * * * * * * * * * * * * * * * * * * * * * * * * * * * * //

dimensions      [1 -1 -2 0 0 0 0];

internalField   nonuniform List<scalar> 
7950
(
100000.0632
100000.0632
100000.0632
100000.0632
100000.0632
100000.0632
100000.0632
100000.0632
100000.0632
100000.0632
100000.0632
100000.0632
100000.0632
100000.0632
100000.0632
100000.0632
100000.0632
100000.0632
100000.0633
100000.0633
100000.0633
100000.0633
100000.0633
100000.0633
100000.0633
100000.0633
100000.0634
100000.0634
100000.0634
100000.0634
100000.0634
100000.0635
100000.0635
100000.0635
100000.0636
100000.0636
100000.0636
100000.0637
100000.0637
100000.0638
100000.0638
100000.0639
100000.064
100000.0641
100000.0642
100000.0643
100000.0644
100000.0645
100000.0646
100000.0648
100000.0597
100000.0597
100000.0597
100000.0597
100000.0597
100000.0597
100000.0597
100000.0597
100000.0596
100000.0596
100000.0596
100000.0596
100000.0596
100000.0596
100000.0596
100000.0596
100000.0596
100000.0596
100000.0596
100000.0596
100000.0595
100000.0595
100000.0595
100000.0595
100000.0595
100000.0595
100000.0595
100000.0594
100000.0594
100000.0594
100000.0594
100000.0594
100000.0593
100000.0593
100000.0593
100000.0593
100000.0592
100000.0592
100000.0592
100000.0592
100000.0591
100000.0591
100000.0591
100000.0591
100000.0591
100000.0591
100000.059
100000.059
100000.059
100000.059
100000.0604
100000.0604
100000.0604
100000.0604
100000.0604
100000.0604
100000.0604
100000.0604
100000.0604
100000.0604
100000.0604
100000.0604
100000.0604
100000.0604
100000.0604
100000.0604
100000.0604
100000.0604
100000.0604
100000.0604
100000.0604
100000.0604
100000.0604
100000.0604
100000.0604
100000.0605
100000.0605
100000.0605
100000.0605
100000.0605
100000.0605
100000.0605
100000.0605
100000.0605
100000.0605
100000.0605
100000.0605
100000.0605
100000.0605
100000.0606
100000.0606
100000.0606
100000.0606
100000.0606
100000.0606
100000.0606
100000.0605
100000.0605
100000.0605
100000.0605
100000.0578
100000.0578
100000.0578
100000.0578
100000.0578
100000.0578
100000.0578
100000.0578
100000.0578
100000.0578
100000.0578
100000.0578
100000.0578
100000.0578
100000.0578
100000.0578
100000.0578
100000.0578
100000.0578
100000.0578
100000.0578
100000.0578
100000.0578
100000.0578
100000.0578
100000.0578
100000.0578
100000.0578
100000.0578
100000.0578
100000.0578
100000.0578
100000.0578
100000.0578
100000.0578
100000.0578
100000.0578
100000.0578
100000.0578
100000.0578
100000.0578
100000.0578
100000.0578
100000.0578
100000.0578
100000.0578
100000.0578
100000.0578
100000.0578
100000.0578
100000.0586
100000.0586
100000.0586
100000.0586
100000.0586
100000.0586
100000.0586
100000.0586
100000.0586
100000.0586
100000.0586
100000.0586
100000.0586
100000.0586
100000.0586
100000.0586
100000.0586
100000.0587
100000.0587
100000.0587
100000.0587
100000.0587
100000.0587
100000.0587
100000.0587
100000.0587
100000.0587
100000.0587
100000.0587
100000.0587
100000.0587
100000.0587
100000.0586
100000.0586
100000.0586
100000.0586
100000.0586
100000.0586
100000.0586
100000.0586
100000.0586
100000.0586
100000.0586
100000.0586
100000.0586
100000.0586
100000.0586
100000.0586
100000.0586
100000.0586
100000.0569
100000.0569
100000.0569
100000.0569
100000.0569
100000.0569
100000.0569
100000.0569
100000.0569
100000.0569
100000.0569
100000.0569
100000.057
100000.057
100000.057
100000.057
100000.057
100000.057
100000.057
100000.057
100000.057
100000.057
100000.057
100000.057
100000.057
100000.057
100000.057
100000.057
100000.057
100000.057
100000.057
100000.057
100000.057
100000.057
100000.057
100000.057
100000.057
100000.057
100000.057
100000.057
100000.057
100000.057
100000.057
100000.057
100000.057
100000.057
100000.057
100000.057
100000.057
100000.057
100000.0573
100000.0573
100000.0573
100000.0573
100000.0573
100000.0573
100000.0573
100000.0573
100000.0573
100000.0573
100000.0573
100000.0573
100000.0573
100000.0573
100000.0573
100000.0573
100000.0573
100000.0573
100000.0573
100000.0573
100000.0573
100000.0573
100000.0573
100000.0573
100000.0573
100000.0573
100000.0573
100000.0573
100000.0573
100000.0573
100000.0573
100000.0573
100000.0573
100000.0573
100000.0573
100000.0573
100000.0573
100000.0573
100000.0573
100000.0573
100000.0573
100000.0573
100000.0573
100000.0573
100000.0573
100000.0573
100000.0573
100000.0573
100000.0573
100000.0573
100000.0562
100000.0562
100000.0562
100000.0562
100000.0562
100000.0562
100000.0562
100000.0562
100000.0562
100000.0562
100000.0562
100000.0562
100000.0562
100000.0562
100000.0562
100000.0562
100000.0562
100000.0562
100000.0562
100000.0562
100000.0562
100000.0562
100000.0562
100000.0562
100000.0562
100000.0563
100000.0563
100000.0563
100000.0563
100000.0563
100000.0563
100000.0563
100000.0563
100000.0563
100000.0563
100000.0563
100000.0563
100000.0563
100000.0563
100000.0563
100000.0563
100000.0563
100000.0563
100000.0563
100000.0563
100000.0563
100000.0563
100000.0563
100000.0563
100000.0563
100000.0562
100000.0562
100000.0562
100000.0562
100000.0562
100000.0562
100000.0562
100000.0562
100000.0562
100000.0562
100000.0562
100000.0562
100000.0562
100000.0562
100000.0562
100000.0562
100000.0562
100000.0562
100000.0562
100000.0562
100000.0562
100000.0562
100000.0562
100000.0562
100000.0562
100000.0562
100000.0562
100000.0562
100000.0562
100000.0562
100000.0562
100000.0562
100000.0562
100000.0562
100000.0562
100000.0562
100000.0562
100000.0562
100000.0562
100000.0562
100000.0562
100000.0562
100000.0562
100000.0562
100000.0562
100000.0562
100000.0562
100000.0562
100000.0562
100000.0562
100000.0555
100000.0555
100000.0555
100000.0555
100000.0555
100000.0555
100000.0555
100000.0555
100000.0555
100000.0555
100000.0555
100000.0555
100000.0555
100000.0555
100000.0555
100000.0555
100000.0555
100000.0555
100000.0555
100000.0555
100000.0555
100000.0555
100000.0555
100000.0555
100000.0555
100000.0555
100000.0555
100000.0555
100000.0555
100000.0555
100000.0555
100000.0555
100000.0555
100000.0555
100000.0555
100000.0555
100000.0555
100000.0555
100000.0555
100000.0555
100000.0555
100000.0555
100000.0555
100000.0555
100000.0555
100000.0555
100000.0555
100000.0555
100000.0555
100000.0555
100000.0552
100000.0552
100000.0552
100000.0552
100000.0552
100000.0552
100000.0552
100000.0552
100000.0552
100000.0552
100000.0552
100000.0552
100000.0552
100000.0552
100000.0552
100000.0552
100000.0552
100000.0552
100000.0552
100000.0552
100000.0552
100000.0552
100000.0552
100000.0552
100000.0552
100000.0552
100000.0552
100000.0552
100000.0552
100000.0552
100000.0552
100000.0552
100000.0552
100000.0552
100000.0552
100000.0552
100000.0552
100000.0552
100000.0552
100000.0552
100000.0552
100000.0552
100000.0552
100000.0552
100000.0552
100000.0552
100000.0552
100000.0552
100000.0552
100000.0552
100000.0546
100000.0546
100000.0546
100000.0546
100000.0546
100000.0546
100000.0546
100000.0546
100000.0546
100000.0546
100000.0546
100000.0546
100000.0546
100000.0546
100000.0546
100000.0546
100000.0546
100000.0546
100000.0546
100000.0546
100000.0546
100000.0546
100000.0546
100000.0546
100000.0546
100000.0546
100000.0546
100000.0546
100000.0546
100000.0546
100000.0546
100000.0546
100000.0546
100000.0546
100000.0546
100000.0546
100000.0546
100000.0546
100000.0546
100000.0546
100000.0546
100000.0546
100000.0546
100000.0546
100000.0546
100000.0546
100000.0546
100000.0546
100000.0546
100000.0546
100000.0543
100000.0543
100000.0543
100000.0543
100000.0543
100000.0543
100000.0543
100000.0543
100000.0543
100000.0543
100000.0543
100000.0543
100000.0543
100000.0543
100000.0543
100000.0543
100000.0543
100000.0543
100000.0543
100000.0543
100000.0543
100000.0543
100000.0543
100000.0543
100000.0543
100000.0543
100000.0543
100000.0543
100000.0543
100000.0543
100000.0543
100000.0543
100000.0543
100000.0543
100000.0543
100000.0543
100000.0543
100000.0543
100000.0543
100000.0543
100000.0543
100000.0543
100000.0543
100000.0543
100000.0543
100000.0543
100000.0543
100000.0543
100000.0543
100000.0543
100000.0538
100000.0538
100000.0538
100000.0538
100000.0538
100000.0538
100000.0538
100000.0538
100000.0538
100000.0538
100000.0538
100000.0538
100000.0538
100000.0538
100000.0538
100000.0538
100000.0538
100000.0538
100000.0538
100000.0538
100000.0538
100000.0538
100000.0538
100000.0538
100000.0538
100000.0538
100000.0538
100000.0538
100000.0538
100000.0538
100000.0538
100000.0538
100000.0538
100000.0538
100000.0538
100000.0538
100000.0538
100000.0538
100000.0538
100000.0538
100000.0538
100000.0538
100000.0538
100000.0538
100000.0538
100000.0538
100000.0538
100000.0538
100000.0538
100000.0538
100000.0534
100000.0534
100000.0534
100000.0534
100000.0534
100000.0534
100000.0534
100000.0534
100000.0534
100000.0534
100000.0534
100000.0534
100000.0534
100000.0534
100000.0534
100000.0534
100000.0534
100000.0534
100000.0534
100000.0534
100000.0534
100000.0534
100000.0534
100000.0534
100000.0534
100000.0534
100000.0534
100000.0534
100000.0534
100000.0534
100000.0534
100000.0534
100000.0534
100000.0534
100000.0534
100000.0534
100000.0534
100000.0534
100000.0534
100000.0534
100000.0534
100000.0534
100000.0534
100000.0534
100000.0534
100000.0534
100000.0534
100000.0534
100000.0534
100000.0534
100000.0529
100000.0529
100000.0529
100000.0529
100000.0529
100000.0529
100000.0529
100000.0529
100000.0529
100000.0529
100000.0529
100000.0529
100000.0529
100000.0529
100000.0529
100000.0529
100000.0529
100000.0529
100000.0529
100000.0529
100000.0529
100000.0529
100000.0529
100000.0529
100000.0529
100000.0529
100000.0529
100000.0529
100000.0529
100000.0529
100000.0529
100000.0529
100000.0529
100000.0529
100000.0529
100000.0529
100000.0529
100000.0529
100000.0529
100000.0529
100000.0529
100000.0529
100000.0529
100000.0529
100000.0529
100000.0529
100000.0529
100000.0529
100000.0529
100000.0529
100000.0525
100000.0525
100000.0525
100000.0525
100000.0525
100000.0525
100000.0525
100000.0525
100000.0525
100000.0525
100000.0525
100000.0525
100000.0525
100000.0525
100000.0525
100000.0525
100000.0525
100000.0525
100000.0525
100000.0525
100000.0525
100000.0525
100000.0525
100000.0525
100000.0525
100000.0525
100000.0525
100000.0525
100000.0525
100000.0525
100000.0525
100000.0525
100000.0525
100000.0525
100000.0525
100000.0525
100000.0525
100000.0525
100000.0525
100000.0525
100000.0525
100000.0525
100000.0525
100000.0525
100000.0525
100000.0525
100000.0525
100000.0525
100000.0525
100000.0525
100000.0521
100000.0521
100000.0521
100000.0521
100000.0521
100000.0521
100000.0521
100000.0521
100000.0521
100000.0521
100000.0521
100000.0521
100000.0521
100000.0521
100000.0521
100000.0521
100000.0521
100000.0521
100000.0521
100000.0521
100000.0521
100000.0521
100000.0521
100000.0521
100000.0521
100000.0521
100000.0521
100000.0521
100000.0521
100000.0521
100000.0521
100000.0521
100000.0521
100000.0521
100000.0521
100000.0521
100000.0521
100000.0521
100000.0521
100000.0521
100000.0521
100000.0521
100000.0521
100000.0521
100000.0521
100000.0521
100000.0521
100000.0521
100000.0521
100000.0521
100000.0517
100000.0517
100000.0517
100000.0517
100000.0517
100000.0517
100000.0517
100000.0517
100000.0517
100000.0517
100000.0517
100000.0517
100000.0517
100000.0517
100000.0517
100000.0517
100000.0517
100000.0517
100000.0517
100000.0517
100000.0517
100000.0517
100000.0517
100000.0517
100000.0517
100000.0517
100000.0517
100000.0517
100000.0517
100000.0517
100000.0517
100000.0517
100000.0517
100000.0517
100000.0517
100000.0517
100000.0517
100000.0517
100000.0517
100000.0517
100000.0517
100000.0517
100000.0517
100000.0517
100000.0517
100000.0517
100000.0517
100000.0517
100000.0517
100000.0517
100000.0512
100000.0512
100000.0512
100000.0512
100000.0512
100000.0512
100000.0512
100000.0512
100000.0512
100000.0512
100000.0512
100000.0512
100000.0512
100000.0512
100000.0512
100000.0512
100000.0512
100000.0512
100000.0512
100000.0512
100000.0512
100000.0512
100000.0512
100000.0512
100000.0512
100000.0512
100000.0512
100000.0512
100000.0512
100000.0512
100000.0512
100000.0512
100000.0512
100000.0512
100000.0512
100000.0512
100000.0512
100000.0512
100000.0512
100000.0512
100000.0512
100000.0512
100000.0512
100000.0512
100000.0512
100000.0512
100000.0512
100000.0512
100000.0512
100000.0512
100000.0508
100000.0508
100000.0508
100000.0508
100000.0508
100000.0508
100000.0508
100000.0508
100000.0508
100000.0508
100000.0508
100000.0508
100000.0508
100000.0508
100000.0508
100000.0508
100000.0508
100000.0508
100000.0508
100000.0508
100000.0508
100000.0508
100000.0508
100000.0508
100000.0508
100000.0508
100000.0508
100000.0508
100000.0508
100000.0508
100000.0508
100000.0508
100000.0508
100000.0508
100000.0508
100000.0508
100000.0508
100000.0508
100000.0508
100000.0508
100000.0508
100000.0508
100000.0508
100000.0508
100000.0508
100000.0508
100000.0508
100000.0508
100000.0508
100000.0508
100000.0504
100000.0504
100000.0504
100000.0504
100000.0504
100000.0504
100000.0504
100000.0504
100000.0504
100000.0504
100000.0504
100000.0504
100000.0504
100000.0504
100000.0504
100000.0504
100000.0504
100000.0504
100000.0504
100000.0504
100000.0504
100000.0504
100000.0504
100000.0504
100000.0504
100000.0504
100000.0504
100000.0504
100000.0504
100000.0504
100000.0504
100000.0504
100000.0504
100000.0504
100000.0504
100000.0504
100000.0504
100000.0504
100000.0504
100000.0504
100000.0504
100000.0504
100000.0504
100000.0504
100000.0504
100000.0504
100000.0504
100000.0504
100000.0504
100000.0504
100000.0499
100000.0499
100000.0499
100000.0499
100000.0499
100000.0499
100000.0499
100000.0499
100000.0499
100000.0499
100000.0499
100000.0499
100000.0499
100000.0499
100000.0499
100000.0499
100000.0499
100000.0499
100000.0499
100000.0499
100000.0499
100000.0499
100000.0499
100000.0499
100000.0499
100000.0499
100000.0499
100000.0499
100000.0499
100000.0499
100000.0499
100000.0499
100000.0499
100000.0499
100000.0499
100000.0499
100000.0499
100000.0499
100000.0499
100000.0499
100000.0499
100000.0499
100000.0499
100000.0499
100000.0499
100000.0499
100000.0499
100000.0499
100000.0499
100000.0499
100000.0495
100000.0495
100000.0495
100000.0495
100000.0495
100000.0495
100000.0495
100000.0495
100000.0495
100000.0495
100000.0495
100000.0495
100000.0495
100000.0495
100000.0495
100000.0495
100000.0495
100000.0495
100000.0495
100000.0495
100000.0495
100000.0495
100000.0495
100000.0495
100000.0495
100000.0495
100000.0495
100000.0495
100000.0495
100000.0495
100000.0495
100000.0495
100000.0495
100000.0495
100000.0495
100000.0495
100000.0495
100000.0495
100000.0495
100000.0495
100000.0495
100000.0495
100000.0495
100000.0495
100000.0495
100000.0495
100000.0495
100000.0495
100000.0495
100000.0495
100000.0491
100000.0491
100000.0491
100000.0491
100000.0491
100000.0491
100000.0491
100000.0491
100000.0491
100000.0491
100000.0491
100000.0491
100000.0491
100000.0491
100000.0491
100000.0491
100000.0491
100000.0491
100000.0491
100000.0491
100000.0491
100000.0491
100000.0491
100000.0491
100000.0491
100000.0491
100000.0491
100000.0491
100000.0491
100000.0491
100000.0491
100000.0491
100000.0491
100000.0491
100000.0491
100000.0491
100000.0491
100000.0491
100000.0491
100000.0491
100000.0491
100000.0491
100000.0491
100000.0491
100000.0491
100000.0491
100000.0491
100000.0491
100000.0491
100000.0491
100000.0487
100000.0487
100000.0487
100000.0487
100000.0487
100000.0487
100000.0487
100000.0487
100000.0487
100000.0487
100000.0487
100000.0487
100000.0487
100000.0487
100000.0487
100000.0487
100000.0487
100000.0487
100000.0487
100000.0487
100000.0487
100000.0487
100000.0487
100000.0487
100000.0487
100000.0487
100000.0487
100000.0487
100000.0487
100000.0487
100000.0487
100000.0487
100000.0487
100000.0487
100000.0487
100000.0487
100000.0487
100000.0487
100000.0487
100000.0487
100000.0487
100000.0487
100000.0487
100000.0487
100000.0487
100000.0487
100000.0487
100000.0487
100000.0487
100000.0487
100000.0482
100000.0482
100000.0482
100000.0482
100000.0482
100000.0482
100000.0482
100000.0482
100000.0482
100000.0482
100000.0482
100000.0482
100000.0482
100000.0482
100000.0482
100000.0482
100000.0482
100000.0482
100000.0482
100000.0482
100000.0482
100000.0482
100000.0482
100000.0482
100000.0482
100000.0482
100000.0482
100000.0482
100000.0482
100000.0482
100000.0482
100000.0482
100000.0482
100000.0482
100000.0482
100000.0482
100000.0482
100000.0482
100000.0482
100000.0482
100000.0482
100000.0482
100000.0482
100000.0482
100000.0482
100000.0482
100000.0482
100000.0482
100000.0482
100000.0482
100000.0478
100000.0478
100000.0478
100000.0478
100000.0478
100000.0478
100000.0478
100000.0478
100000.0478
100000.0478
100000.0478
100000.0478
100000.0478
100000.0478
100000.0478
100000.0478
100000.0478
100000.0478
100000.0478
100000.0478
100000.0478
100000.0478
100000.0478
100000.0478
100000.0478
100000.0478
100000.0478
100000.0478
100000.0478
100000.0478
100000.0478
100000.0478
100000.0478
100000.0478
100000.0478
100000.0478
100000.0478
100000.0478
100000.0478
100000.0478
100000.0478
100000.0478
100000.0478
100000.0478
100000.0478
100000.0478
100000.0478
100000.0478
100000.0478
100000.0478
100000.0474
100000.0474
100000.0474
100000.0474
100000.0474
100000.0474
100000.0474
100000.0474
100000.0474
100000.0474
100000.0474
100000.0474
100000.0474
100000.0474
100000.0474
100000.0474
100000.0474
100000.0474
100000.0474
100000.0474
100000.0474
100000.0474
100000.0474
100000.0474
100000.0474
100000.0474
100000.0474
100000.0474
100000.0474
100000.0474
100000.0474
100000.0474
100000.0474
100000.0474
100000.0474
100000.0474
100000.0474
100000.0474
100000.0474
100000.0474
100000.0474
100000.0474
100000.0474
100000.0474
100000.0474
100000.0474
100000.0474
100000.0474
100000.0474
100000.0474
100000.047
100000.047
100000.047
100000.047
100000.047
100000.047
100000.047
100000.047
100000.047
100000.047
100000.047
100000.047
100000.047
100000.047
100000.047
100000.047
100000.047
100000.047
100000.047
100000.047
100000.047
100000.047
100000.047
100000.047
100000.047
100000.047
100000.047
100000.047
100000.047
100000.047
100000.047
100000.047
100000.047
100000.047
100000.047
100000.047
100000.047
100000.047
100000.047
100000.047
100000.047
100000.047
100000.047
100000.047
100000.047
100000.047
100000.047
100000.047
100000.047
100000.047
100000.0465
100000.0465
100000.0465
100000.0465
100000.0465
100000.0465
100000.0465
100000.0465
100000.0465
100000.0465
100000.0465
100000.0465
100000.0465
100000.0465
100000.0465
100000.0465
100000.0465
100000.0465
100000.0465
100000.0465
100000.0465
100000.0465
100000.0465
100000.0465
100000.0465
100000.0465
100000.0465
100000.0465
100000.0465
100000.0465
100000.0465
100000.0465
100000.0465
100000.0465
100000.0465
100000.0465
100000.0465
100000.0465
100000.0465
100000.0465
100000.0465
100000.0465
100000.0465
100000.0465
100000.0465
100000.0465
100000.0465
100000.0465
100000.0465
100000.0465
100000.0461
100000.0461
100000.0461
100000.0461
100000.0461
100000.0461
100000.0461
100000.0461
100000.0461
100000.0461
100000.0461
100000.0461
100000.0461
100000.0461
100000.0461
100000.0461
100000.0461
100000.0461
100000.0461
100000.0461
100000.0461
100000.0461
100000.0461
100000.0461
100000.0461
100000.0461
100000.0461
100000.0461
100000.0461
100000.0461
100000.0461
100000.0461
100000.0461
100000.0461
100000.0461
100000.0461
100000.0461
100000.0461
100000.0461
100000.0461
100000.0461
100000.0461
100000.0461
100000.0461
100000.0461
100000.0461
100000.0461
100000.0461
100000.0461
100000.0461
100000.0457
100000.0457
100000.0457
100000.0457
100000.0457
100000.0457
100000.0457
100000.0457
100000.0457
100000.0457
100000.0457
100000.0457
100000.0457
100000.0457
100000.0457
100000.0457
100000.0457
100000.0457
100000.0457
100000.0457
100000.0457
100000.0457
100000.0457
100000.0457
100000.0457
100000.0457
100000.0457
100000.0457
100000.0457
100000.0457
100000.0457
100000.0457
100000.0457
100000.0457
100000.0457
100000.0457
100000.0457
100000.0457
100000.0457
100000.0457
100000.0457
100000.0457
100000.0457
100000.0457
100000.0457
100000.0457
100000.0457
100000.0457
100000.0457
100000.0457
100000.0453
100000.0453
100000.0453
100000.0453
100000.0453
100000.0453
100000.0453
100000.0453
100000.0453
100000.0453
100000.0453
100000.0453
100000.0453
100000.0453
100000.0453
100000.0453
100000.0453
100000.0453
100000.0453
100000.0453
100000.0453
100000.0453
100000.0453
100000.0453
100000.0453
100000.0453
100000.0453
100000.0453
100000.0453
100000.0453
100000.0453
100000.0453
100000.0453
100000.0453
100000.0453
100000.0453
100000.0453
100000.0453
100000.0453
100000.0453
100000.0453
100000.0453
100000.0453
100000.0453
100000.0453
100000.0453
100000.0453
100000.0453
100000.0453
100000.0453
100000.0449
100000.0449
100000.0449
100000.0449
100000.0449
100000.0449
100000.0449
100000.0449
100000.0449
100000.0449
100000.0449
100000.0449
100000.0449
100000.0449
100000.0449
100000.0449
100000.0449
100000.0449
100000.0449
100000.0449
100000.0449
100000.0449
100000.0449
100000.0449
100000.0449
100000.0449
100000.0449
100000.0449
100000.0449
100000.0449
100000.0449
100000.0449
100000.0449
100000.0449
100000.0449
100000.0449
100000.0449
100000.0449
100000.0449
100000.0449
100000.0449
100000.0449
100000.0449
100000.0449
100000.0449
100000.0449
100000.0449
100000.0449
100000.0449
100000.0449
100000.0444
100000.0444
100000.0444
100000.0444
100000.0444
100000.0444
100000.0444
100000.0444
100000.0444
100000.0444
100000.0444
100000.0444
100000.0444
100000.0444
100000.0444
100000.0444
100000.0444
100000.0444
100000.0444
100000.0444
100000.0444
100000.0444
100000.0444
100000.0444
100000.0444
100000.0444
100000.0444
100000.0444
100000.0444
100000.0444
100000.0444
100000.0444
100000.0444
100000.0444
100000.0444
100000.0444
100000.0444
100000.0444
100000.0444
100000.0444
100000.0444
100000.0444
100000.0444
100000.0444
100000.0444
100000.0444
100000.0444
100000.0444
100000.0444
100000.0444
100000.044
100000.044
100000.044
100000.044
100000.044
100000.044
100000.044
100000.044
100000.044
100000.044
100000.044
100000.044
100000.044
100000.044
100000.044
100000.044
100000.044
100000.044
100000.044
100000.044
100000.044
100000.044
100000.044
100000.044
100000.044
100000.044
100000.044
100000.044
100000.044
100000.044
100000.044
100000.044
100000.044
100000.044
100000.044
100000.044
100000.044
100000.044
100000.044
100000.044
100000.044
100000.044
100000.044
100000.044
100000.044
100000.044
100000.044
100000.044
100000.044
100000.044
100000.0436
100000.0436
100000.0436
100000.0436
100000.0436
100000.0436
100000.0436
100000.0436
100000.0436
100000.0436
100000.0436
100000.0436
100000.0436
100000.0436
100000.0436
100000.0436
100000.0436
100000.0436
100000.0436
100000.0436
100000.0436
100000.0436
100000.0436
100000.0436
100000.0436
100000.0436
100000.0436
100000.0436
100000.0436
100000.0436
100000.0436
100000.0436
100000.0436
100000.0436
100000.0436
100000.0436
100000.0436
100000.0436
100000.0436
100000.0436
100000.0436
100000.0436
100000.0436
100000.0436
100000.0436
100000.0436
100000.0436
100000.0436
100000.0436
100000.0436
100000.0432
100000.0432
100000.0432
100000.0432
100000.0432
100000.0432
100000.0432
100000.0432
100000.0432
100000.0432
100000.0432
100000.0432
100000.0432
100000.0432
100000.0432
100000.0432
100000.0432
100000.0432
100000.0432
100000.0432
100000.0432
100000.0432
100000.0432
100000.0432
100000.0432
100000.0432
100000.0432
100000.0432
100000.0432
100000.0432
100000.0432
100000.0432
100000.0432
100000.0432
100000.0432
100000.0432
100000.0432
100000.0432
100000.0432
100000.0432
100000.0432
100000.0432
100000.0432
100000.0432
100000.0432
100000.0432
100000.0432
100000.0432
100000.0432
100000.0432
100000.0428
100000.0428
100000.0428
100000.0428
100000.0428
100000.0428
100000.0428
100000.0428
100000.0428
100000.0428
100000.0428
100000.0428
100000.0428
100000.0428
100000.0428
100000.0428
100000.0428
100000.0428
100000.0428
100000.0428
100000.0428
100000.0428
100000.0428
100000.0428
100000.0428
100000.0428
100000.0428
100000.0428
100000.0428
100000.0428
100000.0428
100000.0428
100000.0428
100000.0428
100000.0428
100000.0428
100000.0428
100000.0428
100000.0428
100000.0428
100000.0428
100000.0428
100000.0428
100000.0428
100000.0428
100000.0428
100000.0428
100000.0428
100000.0428
100000.0428
100000.0424
100000.0424
100000.0424
100000.0424
100000.0424
100000.0424
100000.0424
100000.0424
100000.0424
100000.0424
100000.0424
100000.0424
100000.0424
100000.0424
100000.0424
100000.0424
100000.0424
100000.0424
100000.0424
100000.0424
100000.0424
100000.0424
100000.0424
100000.0424
100000.0424
100000.0424
100000.0424
100000.0424
100000.0424
100000.0424
100000.0424
100000.0424
100000.0424
100000.0424
100000.0424
100000.0424
100000.0424
100000.0424
100000.0424
100000.0424
100000.0424
100000.0424
100000.0424
100000.0424
100000.0424
100000.0424
100000.0424
100000.0424
100000.0424
100000.0424
100000.0419
100000.0419
100000.0419
100000.0419
100000.0419
100000.0419
100000.0419
100000.0419
100000.0419
100000.0419
100000.0419
100000.0419
100000.0419
100000.0419
100000.0419
100000.0419
100000.0419
100000.0419
100000.0419
100000.0419
100000.0419
100000.0419
100000.0419
100000.0419
100000.0419
100000.0419
100000.0419
100000.0419
100000.0419
100000.0419
100000.0419
100000.0419
100000.0419
100000.0419
100000.0419
100000.0419
100000.0419
100000.0419
100000.0419
100000.0419
100000.0419
100000.0419
100000.0419
100000.0419
100000.0419
100000.0419
100000.0419
100000.0419
100000.0419
100000.0419
100000.0415
100000.0415
100000.0415
100000.0415
100000.0415
100000.0415
100000.0415
100000.0415
100000.0415
100000.0415
100000.0415
100000.0415
100000.0415
100000.0415
100000.0415
100000.0415
100000.0415
100000.0415
100000.0415
100000.0415
100000.0415
100000.0415
100000.0415
100000.0415
100000.0415
100000.0415
100000.0415
100000.0415
100000.0415
100000.0415
100000.0415
100000.0415
100000.0415
100000.0415
100000.0415
100000.0415
100000.0415
100000.0415
100000.0415
100000.0415
100000.0415
100000.0415
100000.0415
100000.0415
100000.0415
100000.0415
100000.0415
100000.0415
100000.0415
100000.0415
100000.0411
100000.0411
100000.0411
100000.0411
100000.0411
100000.0411
100000.0411
100000.0411
100000.0411
100000.0411
100000.0411
100000.0411
100000.0411
100000.0411
100000.0411
100000.0411
100000.0411
100000.0411
100000.0411
100000.0411
100000.0411
100000.0411
100000.0411
100000.0411
100000.0411
100000.0411
100000.0411
100000.0411
100000.0411
100000.0411
100000.0411
100000.0411
100000.0411
100000.0411
100000.0411
100000.0411
100000.0411
100000.0411
100000.0411
100000.0411
100000.0411
100000.0411
100000.0411
100000.0411
100000.0411
100000.0411
100000.0411
100000.0411
100000.0411
100000.0411
100000.0407
100000.0407
100000.0407
100000.0407
100000.0407
100000.0407
100000.0407
100000.0407
100000.0407
100000.0407
100000.0407
100000.0407
100000.0407
100000.0407
100000.0407
100000.0407
100000.0407
100000.0407
100000.0407
100000.0407
100000.0407
100000.0407
100000.0407
100000.0407
100000.0407
100000.0407
100000.0407
100000.0407
100000.0407
100000.0407
100000.0407
100000.0407
100000.0407
100000.0407
100000.0407
100000.0407
100000.0407
100000.0407
100000.0407
100000.0407
100000.0407
100000.0407
100000.0407
100000.0407
100000.0407
100000.0407
100000.0407
100000.0407
100000.0407
100000.0407
100000.0403
100000.0403
100000.0403
100000.0403
100000.0403
100000.0403
100000.0403
100000.0403
100000.0403
100000.0403
100000.0403
100000.0403
100000.0403
100000.0403
100000.0403
100000.0403
100000.0403
100000.0403
100000.0403
100000.0403
100000.0403
100000.0403
100000.0403
100000.0403
100000.0403
100000.0403
100000.0403
100000.0403
100000.0403
100000.0403
100000.0403
100000.0403
100000.0403
100000.0403
100000.0403
100000.0403
100000.0403
100000.0403
100000.0403
100000.0403
100000.0403
100000.0403
100000.0403
100000.0403
100000.0403
100000.0403
100000.0403
100000.0403
100000.0403
100000.0403
100000.0399
100000.0399
100000.0399
100000.0399
100000.0399
100000.0399
100000.0399
100000.0399
100000.0399
100000.0399
100000.0399
100000.0399
100000.0399
100000.0399
100000.0399
100000.0399
100000.0399
100000.0399
100000.0399
100000.0399
100000.0399
100000.0399
100000.0399
100000.0399
100000.0399
100000.0399
100000.0399
100000.0399
100000.0399
100000.0399
100000.0399
100000.0399
100000.0399
100000.0399
100000.0399
100000.0399
100000.0399
100000.0399
100000.0399
100000.0399
100000.0399
100000.0399
100000.0399
100000.0399
100000.0399
100000.0399
100000.0399
100000.0399
100000.0399
100000.0399
100000.0395
100000.0395
100000.0395
100000.0395
100000.0395
100000.0395
100000.0395
100000.0395
100000.0395
100000.0395
100000.0395
100000.0395
100000.0395
100000.0395
100000.0395
100000.0395
100000.0395
100000.0395
100000.0395
100000.0395
100000.0395
100000.0395
100000.0395
100000.0395
100000.0395
100000.0395
100000.0395
100000.0395
100000.0395
100000.0395
100000.0395
100000.0395
100000.0395
100000.0395
100000.0395
100000.0395
100000.0395
100000.0395
100000.0395
100000.0395
100000.0395
100000.0395
100000.0395
100000.0395
100000.0395
100000.0395
100000.0395
100000.0395
100000.0395
100000.0395
100000.0391
100000.0391
100000.0391
100000.0391
100000.0391
100000.0391
100000.0391
100000.0391
100000.0391
100000.0391
100000.0391
100000.0391
100000.0391
100000.0391
100000.0391
100000.0391
100000.0391
100000.0391
100000.0391
100000.0391
100000.0391
100000.0391
100000.0391
100000.0391
100000.0391
100000.0391
100000.0391
100000.0391
100000.0391
100000.0391
100000.0391
100000.0391
100000.0391
100000.0391
100000.0391
100000.0391
100000.0391
100000.0391
100000.0391
100000.0391
100000.0391
100000.0391
100000.0391
100000.0391
100000.0391
100000.0391
100000.0391
100000.0391
100000.0391
100000.0391
100000.0387
100000.0387
100000.0387
100000.0387
100000.0387
100000.0387
100000.0387
100000.0387
100000.0387
100000.0387
100000.0387
100000.0387
100000.0387
100000.0387
100000.0387
100000.0387
100000.0387
100000.0387
100000.0387
100000.0387
100000.0387
100000.0387
100000.0387
100000.0387
100000.0387
100000.0387
100000.0387
100000.0387
100000.0387
100000.0387
100000.0387
100000.0387
100000.0387
100000.0387
100000.0387
100000.0387
100000.0387
100000.0387
100000.0387
100000.0387
100000.0387
100000.0387
100000.0387
100000.0387
100000.0387
100000.0387
100000.0387
100000.0387
100000.0387
100000.0387
100000.0383
100000.0383
100000.0383
100000.0383
100000.0383
100000.0383
100000.0383
100000.0383
100000.0383
100000.0383
100000.0383
100000.0383
100000.0383
100000.0383
100000.0383
100000.0383
100000.0383
100000.0383
100000.0383
100000.0383
100000.0383
100000.0383
100000.0383
100000.0383
100000.0383
100000.0383
100000.0383
100000.0383
100000.0383
100000.0383
100000.0383
100000.0383
100000.0383
100000.0383
100000.0383
100000.0383
100000.0383
100000.0383
100000.0383
100000.0383
100000.0383
100000.0383
100000.0383
100000.0383
100000.0383
100000.0383
100000.0383
100000.0383
100000.0383
100000.0383
100000.0379
100000.0379
100000.0379
100000.0379
100000.0379
100000.0379
100000.0379
100000.0379
100000.0379
100000.0379
100000.0379
100000.0379
100000.0379
100000.0379
100000.0379
100000.0379
100000.0379
100000.0379
100000.0379
100000.0379
100000.0379
100000.0379
100000.0379
100000.0379
100000.0379
100000.0379
100000.0379
100000.0379
100000.0379
100000.0379
100000.0379
100000.0379
100000.0379
100000.0379
100000.0379
100000.0379
100000.0379
100000.0379
100000.0379
100000.0379
100000.0379
100000.0379
100000.0379
100000.0379
100000.0379
100000.0379
100000.0379
100000.0379
100000.0379
100000.0379
100000.0374
100000.0374
100000.0374
100000.0374
100000.0374
100000.0374
100000.0374
100000.0374
100000.0374
100000.0374
100000.0374
100000.0374
100000.0374
100000.0374
100000.0374
100000.0374
100000.0374
100000.0374
100000.0374
100000.0374
100000.0374
100000.0374
100000.0374
100000.0374
100000.0374
100000.0374
100000.0374
100000.0374
100000.0374
100000.0374
100000.0374
100000.0374
100000.0374
100000.0374
100000.0374
100000.0374
100000.0374
100000.0374
100000.0374
100000.0374
100000.0374
100000.0374
100000.0374
100000.0374
100000.0374
100000.0374
100000.0374
100000.0374
100000.0374
100000.0374
100000.037
100000.037
100000.037
100000.037
100000.037
100000.037
100000.037
100000.037
100000.037
100000.037
100000.037
100000.037
100000.037
100000.037
100000.037
100000.037
100000.037
100000.037
100000.037
100000.037
100000.037
100000.037
100000.037
100000.037
100000.037
100000.037
100000.037
100000.037
100000.037
100000.037
100000.037
100000.037
100000.037
100000.037
100000.037
100000.037
100000.037
100000.037
100000.037
100000.037
100000.037
100000.037
100000.037
100000.037
100000.037
100000.037
100000.037
100000.037
100000.037
100000.037
100000.0366
100000.0366
100000.0366
100000.0366
100000.0366
100000.0366
100000.0366
100000.0366
100000.0366
100000.0366
100000.0366
100000.0366
100000.0366
100000.0366
100000.0366
100000.0366
100000.0366
100000.0366
100000.0366
100000.0366
100000.0366
100000.0366
100000.0366
100000.0366
100000.0366
100000.0366
100000.0366
100000.0366
100000.0366
100000.0366
100000.0366
100000.0366
100000.0366
100000.0366
100000.0366
100000.0366
100000.0366
100000.0366
100000.0366
100000.0366
100000.0366
100000.0366
100000.0366
100000.0366
100000.0366
100000.0366
100000.0366
100000.0366
100000.0366
100000.0366
100000.0362
100000.0362
100000.0362
100000.0362
100000.0362
100000.0362
100000.0362
100000.0362
100000.0362
100000.0362
100000.0362
100000.0362
100000.0362
100000.0362
100000.0362
100000.0362
100000.0362
100000.0362
100000.0362
100000.0362
100000.0362
100000.0362
100000.0362
100000.0362
100000.0362
100000.0362
100000.0362
100000.0362
100000.0362
100000.0362
100000.0362
100000.0362
100000.0362
100000.0362
100000.0362
100000.0362
100000.0362
100000.0362
100000.0362
100000.0362
100000.0362
100000.0362
100000.0362
100000.0362
100000.0362
100000.0362
100000.0362
100000.0362
100000.0362
100000.0362
100000.0358
100000.0358
100000.0358
100000.0358
100000.0358
100000.0358
100000.0358
100000.0358
100000.0358
100000.0358
100000.0358
100000.0358
100000.0358
100000.0358
100000.0358
100000.0358
100000.0358
100000.0358
100000.0358
100000.0358
100000.0358
100000.0358
100000.0358
100000.0358
100000.0358
100000.0358
100000.0358
100000.0358
100000.0358
100000.0358
100000.0358
100000.0358
100000.0358
100000.0358
100000.0358
100000.0358
100000.0358
100000.0358
100000.0358
100000.0358
100000.0358
100000.0358
100000.0358
100000.0358
100000.0358
100000.0358
100000.0358
100000.0358
100000.0358
100000.0358
100000.0354
100000.0354
100000.0354
100000.0354
100000.0354
100000.0354
100000.0354
100000.0354
100000.0354
100000.0354
100000.0354
100000.0354
100000.0354
100000.0354
100000.0354
100000.0354
100000.0354
100000.0354
100000.0354
100000.0354
100000.0354
100000.0354
100000.0354
100000.0354
100000.0354
100000.0354
100000.0354
100000.0354
100000.0354
100000.0354
100000.0354
100000.0354
100000.0354
100000.0354
100000.0354
100000.0354
100000.0354
100000.0354
100000.0354
100000.0354
100000.0354
100000.0354
100000.0354
100000.0354
100000.0354
100000.0354
100000.0354
100000.0354
100000.0354
100000.0354
100000.035
100000.035
100000.035
100000.035
100000.035
100000.035
100000.035
100000.035
100000.035
100000.035
100000.035
100000.035
100000.035
100000.035
100000.035
100000.035
100000.035
100000.035
100000.035
100000.035
100000.035
100000.035
100000.035
100000.035
100000.035
100000.035
100000.035
100000.035
100000.035
100000.035
100000.035
100000.035
100000.035
100000.035
100000.035
100000.035
100000.035
100000.035
100000.035
100000.035
100000.035
100000.035
100000.035
100000.035
100000.035
100000.035
100000.035
100000.035
100000.035
100000.035
100000.0346
100000.0346
100000.0346
100000.0346
100000.0346
100000.0346
100000.0346
100000.0346
100000.0346
100000.0346
100000.0346
100000.0346
100000.0346
100000.0346
100000.0346
100000.0346
100000.0346
100000.0346
100000.0346
100000.0346
100000.0346
100000.0346
100000.0346
100000.0346
100000.0346
100000.0346
100000.0346
100000.0346
100000.0346
100000.0346
100000.0346
100000.0346
100000.0346
100000.0346
100000.0346
100000.0346
100000.0346
100000.0346
100000.0346
100000.0346
100000.0346
100000.0346
100000.0346
100000.0346
100000.0346
100000.0346
100000.0346
100000.0346
100000.0346
100000.0346
100000.0342
100000.0342
100000.0342
100000.0342
100000.0342
100000.0342
100000.0342
100000.0342
100000.0342
100000.0342
100000.0342
100000.0342
100000.0342
100000.0342
100000.0342
100000.0342
100000.0342
100000.0342
100000.0342
100000.0342
100000.0342
100000.0342
100000.0342
100000.0342
100000.0342
100000.0342
100000.0342
100000.0342
100000.0342
100000.0342
100000.0342
100000.0342
100000.0342
100000.0342
100000.0342
100000.0342
100000.0342
100000.0342
100000.0342
100000.0342
100000.0342
100000.0342
100000.0342
100000.0342
100000.0342
100000.0342
100000.0342
100000.0342
100000.0342
100000.0342
100000.0338
100000.0338
100000.0338
100000.0338
100000.0338
100000.0338
100000.0338
100000.0338
100000.0338
100000.0338
100000.0338
100000.0338
100000.0338
100000.0338
100000.0338
100000.0338
100000.0338
100000.0338
100000.0338
100000.0338
100000.0338
100000.0338
100000.0338
100000.0338
100000.0338
100000.0338
100000.0338
100000.0338
100000.0338
100000.0338
100000.0338
100000.0338
100000.0338
100000.0338
100000.0338
100000.0338
100000.0338
100000.0338
100000.0338
100000.0338
100000.0338
100000.0338
100000.0338
100000.0338
100000.0338
100000.0338
100000.0338
100000.0338
100000.0338
100000.0338
100000.0334
100000.0334
100000.0334
100000.0334
100000.0334
100000.0334
100000.0334
100000.0334
100000.0334
100000.0334
100000.0334
100000.0334
100000.0334
100000.0334
100000.0334
100000.0334
100000.0334
100000.0334
100000.0334
100000.0334
100000.0334
100000.0334
100000.0334
100000.0334
100000.0334
100000.0334
100000.0334
100000.0334
100000.0334
100000.0334
100000.0334
100000.0334
100000.0334
100000.0334
100000.0334
100000.0334
100000.0334
100000.0334
100000.0334
100000.0334
100000.0334
100000.0334
100000.0334
100000.0334
100000.0334
100000.0334
100000.0334
100000.0334
100000.0334
100000.0334
100000.033
100000.033
100000.033
100000.033
100000.033
100000.033
100000.033
100000.033
100000.033
100000.033
100000.033
100000.033
100000.033
100000.033
100000.033
100000.033
100000.033
100000.033
100000.033
100000.033
100000.033
100000.033
100000.033
100000.033
100000.033
100000.033
100000.033
100000.033
100000.033
100000.033
100000.033
100000.033
100000.033
100000.033
100000.033
100000.033
100000.033
100000.033
100000.033
100000.033
100000.033
100000.033
100000.033
100000.033
100000.033
100000.033
100000.033
100000.033
100000.033
100000.033
100000.0327
100000.0327
100000.0327
100000.0327
100000.0327
100000.0327
100000.0327
100000.0327
100000.0327
100000.0327
100000.0327
100000.0327
100000.0327
100000.0327
100000.0327
100000.0327
100000.0327
100000.0327
100000.0327
100000.0327
100000.0327
100000.0327
100000.0327
100000.0327
100000.0327
100000.0327
100000.0327
100000.0327
100000.0327
100000.0327
100000.0327
100000.0327
100000.0327
100000.0327
100000.0327
100000.0327
100000.0327
100000.0327
100000.0327
100000.0327
100000.0327
100000.0327
100000.0327
100000.0327
100000.0327
100000.0327
100000.0327
100000.0327
100000.0327
100000.0327
100000.0323
100000.0323
100000.0323
100000.0323
100000.0323
100000.0323
100000.0323
100000.0323
100000.0323
100000.0323
100000.0323
100000.0323
100000.0323
100000.0323
100000.0323
100000.0323
100000.0323
100000.0323
100000.0323
100000.0323
100000.0323
100000.0323
100000.0323
100000.0323
100000.0323
100000.0323
100000.0323
100000.0323
100000.0323
100000.0323
100000.0323
100000.0323
100000.0323
100000.0323
100000.0323
100000.0323
100000.0323
100000.0323
100000.0323
100000.0323
100000.0323
100000.0323
100000.0323
100000.0323
100000.0323
100000.0323
100000.0323
100000.0323
100000.0323
100000.0323
100000.0319
100000.0319
100000.0319
100000.0319
100000.0319
100000.0319
100000.0319
100000.0319
100000.0319
100000.0319
100000.0319
100000.0319
100000.0319
100000.0319
100000.0319
100000.0319
100000.0319
100000.0319
100000.0319
100000.0319
100000.0319
100000.0319
100000.0319
100000.0319
100000.0319
100000.0319
100000.0319
100000.0319
100000.0319
100000.0319
100000.0319
100000.0319
100000.0319
100000.0319
100000.0319
100000.0319
100000.0319
100000.0319
100000.0319
100000.0319
100000.0319
100000.0319
100000.0319
100000.0319
100000.0319
100000.0319
100000.0319
100000.0319
100000.0319
100000.0319
100000.0315
100000.0315
100000.0315
100000.0315
100000.0315
100000.0315
100000.0315
100000.0315
100000.0315
100000.0315
100000.0315
100000.0315
100000.0315
100000.0315
100000.0315
100000.0315
100000.0315
100000.0315
100000.0315
100000.0315
100000.0315
100000.0315
100000.0315
100000.0315
100000.0315
100000.0315
100000.0315
100000.0315
100000.0315
100000.0315
100000.0315
100000.0315
100000.0315
100000.0315
100000.0315
100000.0315
100000.0315
100000.0315
100000.0315
100000.0315
100000.0315
100000.0315
100000.0315
100000.0315
100000.0315
100000.0315
100000.0315
100000.0315
100000.0315
100000.0315
100000.0311
100000.0311
100000.0311
100000.0311
100000.0311
100000.0311
100000.0311
100000.0311
100000.0311
100000.0311
100000.0311
100000.0311
100000.0311
100000.0311
100000.0311
100000.0311
100000.0311
100000.0311
100000.0311
100000.0311
100000.0311
100000.0311
100000.0311
100000.0311
100000.0311
100000.0311
100000.0311
100000.0311
100000.0311
100000.0311
100000.0311
100000.0311
100000.0311
100000.0311
100000.0311
100000.0311
100000.0311
100000.0311
100000.0311
100000.0311
100000.0311
100000.0311
100000.0311
100000.0311
100000.0311
100000.0311
100000.0311
100000.0311
100000.0311
100000.0311
100000.0307
100000.0307
100000.0307
100000.0307
100000.0307
100000.0307
100000.0307
100000.0307
100000.0307
100000.0307
100000.0307
100000.0307
100000.0307
100000.0307
100000.0307
100000.0307
100000.0307
100000.0307
100000.0307
100000.0307
100000.0307
100000.0307
100000.0307
100000.0307
100000.0307
100000.0307
100000.0307
100000.0307
100000.0307
100000.0307
100000.0307
100000.0307
100000.0307
100000.0307
100000.0307
100000.0307
100000.0307
100000.0307
100000.0307
100000.0307
100000.0307
100000.0307
100000.0307
100000.0307
100000.0307
100000.0307
100000.0307
100000.0307
100000.0307
100000.0307
100000.0303
100000.0303
100000.0303
100000.0303
100000.0303
100000.0303
100000.0303
100000.0303
100000.0303
100000.0303
100000.0303
100000.0303
100000.0303
100000.0303
100000.0303
100000.0303
100000.0303
100000.0303
100000.0303
100000.0303
100000.0303
100000.0303
100000.0303
100000.0303
100000.0303
100000.0303
100000.0303
100000.0303
100000.0303
100000.0303
100000.0303
100000.0303
100000.0303
100000.0303
100000.0303
100000.0303
100000.0303
100000.0303
100000.0303
100000.0303
100000.0303
100000.0303
100000.0303
100000.0303
100000.0303
100000.0303
100000.0303
100000.0303
100000.0303
100000.0303
100000.0299
100000.0299
100000.0299
100000.0299
100000.0299
100000.0299
100000.0299
100000.0299
100000.0299
100000.0299
100000.0299
100000.0299
100000.0299
100000.0299
100000.0299
100000.0299
100000.0299
100000.0299
100000.0299
100000.0299
100000.0299
100000.0299
100000.0299
100000.0299
100000.0299
100000.0299
100000.0299
100000.0299
100000.0299
100000.0299
100000.0299
100000.0299
100000.0299
100000.0299
100000.0299
100000.0299
100000.0299
100000.0299
100000.0299
100000.0299
100000.0299
100000.0299
100000.0299
100000.0299
100000.0299
100000.0299
100000.0299
100000.0299
100000.0299
100000.0299
100000.0295
100000.0295
100000.0295
100000.0295
100000.0295
100000.0295
100000.0295
100000.0295
100000.0295
100000.0295
100000.0295
100000.0295
100000.0295
100000.0295
100000.0295
100000.0295
100000.0295
100000.0295
100000.0295
100000.0295
100000.0295
100000.0295
100000.0295
100000.0295
100000.0295
100000.0295
100000.0295
100000.0295
100000.0295
100000.0295
100000.0295
100000.0295
100000.0295
100000.0295
100000.0295
100000.0295
100000.0295
100000.0295
100000.0295
100000.0295
100000.0295
100000.0295
100000.0295
100000.0295
100000.0295
100000.0295
100000.0295
100000.0295
100000.0295
100000.0295
100000.0291
100000.0291
100000.0291
100000.0291
100000.0291
100000.0291
100000.0291
100000.0291
100000.0291
100000.0291
100000.0291
100000.0291
100000.0291
100000.0291
100000.0291
100000.0291
100000.0291
100000.0291
100000.0291
100000.0291
100000.0291
100000.0291
100000.0291
100000.0291
100000.0291
100000.0291
100000.0291
100000.0291
100000.0291
100000.0291
100000.0291
100000.0291
100000.0291
100000.0291
100000.0291
100000.0291
100000.0291
100000.0291
100000.0291
100000.0291
100000.0291
100000.0291
100000.0291
100000.0291
100000.0291
100000.0291
100000.0291
100000.0291
100000.0291
100000.0291
100000.0287
100000.0287
100000.0287
100000.0287
100000.0287
100000.0287
100000.0287
100000.0287
100000.0287
100000.0287
100000.0287
100000.0287
100000.0287
100000.0287
100000.0287
100000.0287
100000.0287
100000.0287
100000.0287
100000.0287
100000.0287
100000.0287
100000.0287
100000.0287
100000.0287
100000.0287
100000.0287
100000.0287
100000.0287
100000.0287
100000.0287
100000.0287
100000.0287
100000.0287
100000.0287
100000.0287
100000.0287
100000.0287
100000.0287
100000.0287
100000.0287
100000.0287
100000.0287
100000.0287
100000.0287
100000.0287
100000.0287
100000.0287
100000.0287
100000.0287
100000.0284
100000.0284
100000.0284
100000.0284
100000.0284
100000.0284
100000.0284
100000.0284
100000.0284
100000.0284
100000.0284
100000.0284
100000.0284
100000.0284
100000.0284
100000.0284
100000.0284
100000.0284
100000.0284
100000.0284
100000.0284
100000.0284
100000.0284
100000.0284
100000.0284
100000.0284
100000.0284
100000.0284
100000.0284
100000.0284
100000.0284
100000.0284
100000.0284
100000.0284
100000.0284
100000.0284
100000.0284
100000.0284
100000.0284
100000.0284
100000.0284
100000.0284
100000.0284
100000.0284
100000.0284
100000.0284
100000.0284
100000.0284
100000.0284
100000.0284
100000.028
100000.028
100000.028
100000.028
100000.028
100000.028
100000.028
100000.028
100000.028
100000.028
100000.028
100000.028
100000.028
100000.028
100000.028
100000.028
100000.028
100000.028
100000.028
100000.028
100000.028
100000.028
100000.028
100000.028
100000.028
100000.028
100000.028
100000.028
100000.028
100000.028
100000.028
100000.028
100000.028
100000.028
100000.028
100000.028
100000.028
100000.028
100000.028
100000.028
100000.028
100000.028
100000.028
100000.028
100000.028
100000.028
100000.028
100000.028
100000.028
100000.028
100000.0276
100000.0276
100000.0276
100000.0276
100000.0276
100000.0276
100000.0276
100000.0276
100000.0276
100000.0276
100000.0276
100000.0276
100000.0276
100000.0276
100000.0276
100000.0276
100000.0276
100000.0276
100000.0276
100000.0276
100000.0276
100000.0276
100000.0276
100000.0276
100000.0276
100000.0276
100000.0276
100000.0276
100000.0276
100000.0276
100000.0276
100000.0276
100000.0276
100000.0276
100000.0276
100000.0276
100000.0276
100000.0276
100000.0276
100000.0276
100000.0276
100000.0276
100000.0276
100000.0276
100000.0276
100000.0276
100000.0276
100000.0276
100000.0276
100000.0276
100000.0272
100000.0272
100000.0272
100000.0272
100000.0272
100000.0272
100000.0272
100000.0272
100000.0272
100000.0272
100000.0272
100000.0272
100000.0272
100000.0272
100000.0272
100000.0272
100000.0272
100000.0272
100000.0272
100000.0272
100000.0272
100000.0272
100000.0272
100000.0272
100000.0272
100000.0272
100000.0272
100000.0272
100000.0272
100000.0272
100000.0272
100000.0272
100000.0272
100000.0272
100000.0272
100000.0272
100000.0272
100000.0272
100000.0272
100000.0272
100000.0272
100000.0272
100000.0272
100000.0272
100000.0272
100000.0272
100000.0272
100000.0272
100000.0272
100000.0272
100000.0268
100000.0268
100000.0268
100000.0268
100000.0268
100000.0268
100000.0268
100000.0268
100000.0268
100000.0268
100000.0268
100000.0268
100000.0268
100000.0268
100000.0268
100000.0268
100000.0268
100000.0268
100000.0268
100000.0268
100000.0268
100000.0268
100000.0268
100000.0268
100000.0268
100000.0268
100000.0268
100000.0268
100000.0268
100000.0268
100000.0268
100000.0268
100000.0268
100000.0268
100000.0268
100000.0268
100000.0268
100000.0268
100000.0268
100000.0268
100000.0268
100000.0268
100000.0268
100000.0268
100000.0268
100000.0268
100000.0268
100000.0268
100000.0268
100000.0268
100000.0264
100000.0264
100000.0264
100000.0264
100000.0264
100000.0264
100000.0264
100000.0264
100000.0264
100000.0264
100000.0264
100000.0264
100000.0264
100000.0264
100000.0264
100000.0264
100000.0264
100000.0264
100000.0264
100000.0264
100000.0264
100000.0264
100000.0264
100000.0264
100000.0264
100000.0264
100000.0264
100000.0264
100000.0264
100000.0264
100000.0264
100000.0264
100000.0264
100000.0264
100000.0264
100000.0264
100000.0264
100000.0264
100000.0264
100000.0264
100000.0264
100000.0264
100000.0264
100000.0264
100000.0264
100000.0264
100000.0264
100000.0264
100000.0264
100000.0264
100000.026
100000.026
100000.026
100000.026
100000.026
100000.026
100000.026
100000.026
100000.026
100000.026
100000.026
100000.026
100000.026
100000.026
100000.026
100000.026
100000.026
100000.026
100000.026
100000.026
100000.026
100000.026
100000.026
100000.026
100000.026
100000.026
100000.026
100000.026
100000.026
100000.026
100000.026
100000.026
100000.026
100000.026
100000.026
100000.026
100000.026
100000.026
100000.026
100000.026
100000.026
100000.026
100000.026
100000.026
100000.026
100000.026
100000.026
100000.026
100000.026
100000.026
100000.0257
100000.0257
100000.0257
100000.0257
100000.0257
100000.0257
100000.0257
100000.0257
100000.0257
100000.0257
100000.0257
100000.0257
100000.0257
100000.0257
100000.0257
100000.0257
100000.0257
100000.0257
100000.0257
100000.0257
100000.0257
100000.0257
100000.0257
100000.0257
100000.0257
100000.0257
100000.0257
100000.0257
100000.0257
100000.0257
100000.0257
100000.0257
100000.0257
100000.0257
100000.0257
100000.0257
100000.0257
100000.0257
100000.0257
100000.0257
100000.0257
100000.0257
100000.0257
100000.0257
100000.0257
100000.0257
100000.0257
100000.0257
100000.0257
100000.0257
100000.0253
100000.0253
100000.0253
100000.0253
100000.0253
100000.0253
100000.0253
100000.0253
100000.0253
100000.0253
100000.0253
100000.0253
100000.0253
100000.0253
100000.0253
100000.0253
100000.0253
100000.0253
100000.0253
100000.0253
100000.0253
100000.0253
100000.0253
100000.0253
100000.0253
100000.0253
100000.0253
100000.0253
100000.0253
100000.0253
100000.0253
100000.0253
100000.0253
100000.0253
100000.0253
100000.0253
100000.0253
100000.0253
100000.0253
100000.0253
100000.0253
100000.0253
100000.0253
100000.0253
100000.0253
100000.0253
100000.0253
100000.0253
100000.0253
100000.0253
100000.0249
100000.0249
100000.0249
100000.0249
100000.0249
100000.0249
100000.0249
100000.0249
100000.0249
100000.0249
100000.0249
100000.0249
100000.0249
100000.0249
100000.0249
100000.0249
100000.0249
100000.0249
100000.0249
100000.0249
100000.0249
100000.0249
100000.0249
100000.0249
100000.0249
100000.0249
100000.0249
100000.0249
100000.0249
100000.0249
100000.0249
100000.0249
100000.0249
100000.0249
100000.0249
100000.0249
100000.0249
100000.0249
100000.0249
100000.0249
100000.0249
100000.0249
100000.0249
100000.0249
100000.0249
100000.0249
100000.0249
100000.0249
100000.0249
100000.0249
100000.0245
100000.0245
100000.0245
100000.0245
100000.0245
100000.0245
100000.0245
100000.0245
100000.0245
100000.0245
100000.0245
100000.0245
100000.0245
100000.0245
100000.0245
100000.0245
100000.0245
100000.0245
100000.0245
100000.0245
100000.0245
100000.0245
100000.0245
100000.0245
100000.0245
100000.0245
100000.0245
100000.0245
100000.0245
100000.0245
100000.0245
100000.0245
100000.0245
100000.0245
100000.0245
100000.0245
100000.0245
100000.0245
100000.0245
100000.0245
100000.0245
100000.0245
100000.0245
100000.0245
100000.0245
100000.0245
100000.0245
100000.0245
100000.0245
100000.0245
100000.0241
100000.0241
100000.0241
100000.0241
100000.0241
100000.0241
100000.0241
100000.0241
100000.0241
100000.0241
100000.0241
100000.0241
100000.0241
100000.0241
100000.0241
100000.0241
100000.0241
100000.0241
100000.0241
100000.0241
100000.0241
100000.0241
100000.0241
100000.0241
100000.0241
100000.0241
100000.0241
100000.0241
100000.0241
100000.0241
100000.0241
100000.0241
100000.0241
100000.0241
100000.0241
100000.0241
100000.0241
100000.0241
100000.0241
100000.0241
100000.0241
100000.0241
100000.0241
100000.0241
100000.0241
100000.0241
100000.0241
100000.0241
100000.0241
100000.0241
100000.0238
100000.0238
100000.0238
100000.0238
100000.0238
100000.0238
100000.0238
100000.0238
100000.0238
100000.0238
100000.0238
100000.0238
100000.0238
100000.0238
100000.0238
100000.0238
100000.0238
100000.0238
100000.0238
100000.0238
100000.0238
100000.0238
100000.0238
100000.0238
100000.0238
100000.0238
100000.0238
100000.0238
100000.0238
100000.0238
100000.0238
100000.0238
100000.0238
100000.0238
100000.0238
100000.0238
100000.0238
100000.0238
100000.0238
100000.0238
100000.0238
100000.0238
100000.0238
100000.0238
100000.0238
100000.0238
100000.0238
100000.0238
100000.0238
100000.0238
100000.0234
100000.0234
100000.0234
100000.0234
100000.0234
100000.0234
100000.0234
100000.0234
100000.0234
100000.0234
100000.0234
100000.0234
100000.0234
100000.0234
100000.0234
100000.0234
100000.0234
100000.0234
100000.0234
100000.0234
100000.0234
100000.0234
100000.0234
100000.0234
100000.0234
100000.0234
100000.0234
100000.0234
100000.0234
100000.0234
100000.0234
100000.0234
100000.0234
100000.0234
100000.0234
100000.0234
100000.0234
100000.0234
100000.0234
100000.0234
100000.0234
100000.0234
100000.0234
100000.0234
100000.0234
100000.0234
100000.0234
100000.0234
100000.0234
100000.0234
100000.023
100000.023
100000.023
100000.023
100000.023
100000.023
100000.023
100000.023
100000.023
100000.023
100000.023
100000.023
100000.023
100000.023
100000.023
100000.023
100000.023
100000.023
100000.023
100000.023
100000.023
100000.023
100000.023
100000.023
100000.023
100000.023
100000.023
100000.023
100000.023
100000.023
100000.023
100000.023
100000.023
100000.023
100000.023
100000.023
100000.023
100000.023
100000.023
100000.023
100000.023
100000.023
100000.023
100000.023
100000.023
100000.023
100000.023
100000.023
100000.023
100000.023
100000.0226
100000.0226
100000.0226
100000.0226
100000.0226
100000.0226
100000.0226
100000.0226
100000.0226
100000.0226
100000.0226
100000.0226
100000.0226
100000.0226
100000.0226
100000.0226
100000.0226
100000.0226
100000.0226
100000.0226
100000.0226
100000.0226
100000.0226
100000.0226
100000.0226
100000.0226
100000.0226
100000.0226
100000.0226
100000.0226
100000.0226
100000.0226
100000.0226
100000.0226
100000.0226
100000.0226
100000.0226
100000.0226
100000.0226
100000.0226
100000.0226
100000.0226
100000.0226
100000.0226
100000.0226
100000.0226
100000.0226
100000.0226
100000.0226
100000.0226
100000.0223
100000.0223
100000.0223
100000.0223
100000.0223
100000.0223
100000.0223
100000.0223
100000.0223
100000.0223
100000.0223
100000.0223
100000.0223
100000.0223
100000.0223
100000.0223
100000.0223
100000.0223
100000.0223
100000.0223
100000.0223
100000.0223
100000.0223
100000.0223
100000.0223
100000.0223
100000.0223
100000.0223
100000.0223
100000.0223
100000.0223
100000.0223
100000.0223
100000.0223
100000.0223
100000.0223
100000.0223
100000.0223
100000.0223
100000.0223
100000.0223
100000.0223
100000.0223
100000.0223
100000.0223
100000.0223
100000.0223
100000.0223
100000.0223
100000.0223
100000.0219
100000.0219
100000.0219
100000.0219
100000.0219
100000.0219
100000.0219
100000.0219
100000.0219
100000.0219
100000.0219
100000.0219
100000.0219
100000.0219
100000.0219
100000.0219
100000.0219
100000.0219
100000.0219
100000.0219
100000.0219
100000.0219
100000.0219
100000.0219
100000.0219
100000.0219
100000.0219
100000.0219
100000.0219
100000.0219
100000.0219
100000.0219
100000.0219
100000.0219
100000.0219
100000.0219
100000.0219
100000.0219
100000.0219
100000.0219
100000.0219
100000.0219
100000.0219
100000.0219
100000.0219
100000.0219
100000.0219
100000.0219
100000.0219
100000.0219
100000.0215
100000.0215
100000.0215
100000.0215
100000.0215
100000.0215
100000.0215
100000.0215
100000.0215
100000.0215
100000.0215
100000.0215
100000.0215
100000.0215
100000.0215
100000.0215
100000.0215
100000.0215
100000.0215
100000.0215
100000.0215
100000.0215
100000.0215
100000.0215
100000.0215
100000.0215
100000.0215
100000.0215
100000.0215
100000.0215
100000.0215
100000.0215
100000.0215
100000.0215
100000.0215
100000.0215
100000.0215
100000.0215
100000.0215
100000.0215
100000.0215
100000.0215
100000.0215
100000.0215
100000.0215
100000.0215
100000.0215
100000.0215
100000.0215
100000.0215
100000.0212
100000.0212
100000.0212
100000.0212
100000.0212
100000.0212
100000.0212
100000.0212
100000.0212
100000.0212
100000.0212
100000.0212
100000.0212
100000.0212
100000.0212
100000.0212
100000.0212
100000.0212
100000.0212
100000.0212
100000.0212
100000.0212
100000.0212
100000.0212
100000.0212
100000.0212
100000.0212
100000.0212
100000.0212
100000.0212
100000.0212
100000.0212
100000.0212
100000.0212
100000.0212
100000.0212
100000.0212
100000.0212
100000.0212
100000.0212
100000.0212
100000.0212
100000.0212
100000.0212
100000.0212
100000.0212
100000.0212
100000.0212
100000.0212
100000.0212
100000.0208
100000.0208
100000.0208
100000.0208
100000.0208
100000.0208
100000.0208
100000.0208
100000.0208
100000.0208
100000.0208
100000.0208
100000.0208
100000.0208
100000.0208
100000.0208
100000.0208
100000.0208
100000.0208
100000.0208
100000.0208
100000.0208
100000.0208
100000.0208
100000.0208
100000.0208
100000.0208
100000.0208
100000.0208
100000.0208
100000.0208
100000.0208
100000.0208
100000.0208
100000.0208
100000.0208
100000.0208
100000.0208
100000.0208
100000.0208
100000.0208
100000.0208
100000.0208
100000.0208
100000.0208
100000.0208
100000.0208
100000.0208
100000.0208
100000.0208
100000.0204
100000.0204
100000.0204
100000.0204
100000.0204
100000.0204
100000.0204
100000.0204
100000.0204
100000.0204
100000.0204
100000.0204
100000.0204
100000.0204
100000.0204
100000.0204
100000.0204
100000.0204
100000.0204
100000.0204
100000.0204
100000.0204
100000.0204
100000.0204
100000.0204
100000.0204
100000.0204
100000.0204
100000.0204
100000.0204
100000.0204
100000.0204
100000.0204
100000.0204
100000.0204
100000.0204
100000.0204
100000.0204
100000.0204
100000.0204
100000.0204
100000.0204
100000.0204
100000.0204
100000.0204
100000.0204
100000.0204
100000.0204
100000.0204
100000.0204
100000.02
100000.02
100000.02
100000.02
100000.02
100000.02
100000.02
100000.02
100000.02
100000.02
100000.02
100000.02
100000.02
100000.02
100000.02
100000.02
100000.02
100000.02
100000.02
100000.02
100000.02
100000.02
100000.02
100000.02
100000.02
100000.02
100000.02
100000.02
100000.02
100000.02
100000.02
100000.02
100000.02
100000.02
100000.02
100000.02
100000.02
100000.02
100000.02
100000.02
100000.02
100000.02
100000.02
100000.02
100000.02
100000.02
100000.02
100000.02
100000.02
100000.02
100000.0197
100000.0197
100000.0197
100000.0197
100000.0197
100000.0197
100000.0197
100000.0197
100000.0197
100000.0197
100000.0197
100000.0197
100000.0197
100000.0197
100000.0197
100000.0197
100000.0197
100000.0197
100000.0197
100000.0197
100000.0197
100000.0197
100000.0197
100000.0197
100000.0197
100000.0197
100000.0197
100000.0197
100000.0197
100000.0197
100000.0197
100000.0197
100000.0197
100000.0197
100000.0197
100000.0197
100000.0197
100000.0197
100000.0197
100000.0197
100000.0197
100000.0197
100000.0197
100000.0197
100000.0197
100000.0197
100000.0197
100000.0197
100000.0197
100000.0197
100000.0193
100000.0193
100000.0193
100000.0193
100000.0193
100000.0193
100000.0193
100000.0193
100000.0193
100000.0193
100000.0193
100000.0193
100000.0193
100000.0193
100000.0193
100000.0193
100000.0193
100000.0193
100000.0193
100000.0193
100000.0193
100000.0193
100000.0193
100000.0193
100000.0193
100000.0193
100000.0193
100000.0193
100000.0193
100000.0193
100000.0193
100000.0193
100000.0193
100000.0193
100000.0193
100000.0193
100000.0193
100000.0193
100000.0193
100000.0193
100000.0193
100000.0193
100000.0193
100000.0193
100000.0193
100000.0193
100000.0193
100000.0193
100000.0193
100000.0193
100000.0189
100000.0189
100000.0189
100000.0189
100000.0189
100000.0189
100000.0189
100000.0189
100000.0189
100000.0189
100000.0189
100000.0189
100000.0189
100000.0189
100000.0189
100000.0189
100000.0189
100000.0189
100000.0189
100000.0189
100000.0189
100000.0189
100000.0189
100000.0189
100000.0189
100000.0189
100000.0189
100000.0189
100000.0189
100000.0189
100000.0189
100000.0189
100000.0189
100000.0189
100000.0189
100000.0189
100000.0189
100000.0189
100000.0189
100000.0189
100000.0189
100000.0189
100000.0189
100000.0189
100000.0189
100000.0189
100000.0189
100000.0189
100000.0189
100000.0189
100000.0186
100000.0186
100000.0186
100000.0186
100000.0186
100000.0186
100000.0186
100000.0186
100000.0186
100000.0186
100000.0186
100000.0186
100000.0186
100000.0186
100000.0186
100000.0186
100000.0186
100000.0186
100000.0186
100000.0186
100000.0186
100000.0186
100000.0186
100000.0186
100000.0186
100000.0186
100000.0186
100000.0186
100000.0186
100000.0186
100000.0186
100000.0186
100000.0186
100000.0186
100000.0186
100000.0186
100000.0186
100000.0186
100000.0186
100000.0186
100000.0186
100000.0186
100000.0186
100000.0186
100000.0186
100000.0186
100000.0186
100000.0186
100000.0186
100000.0186
100000.0182
100000.0182
100000.0182
100000.0182
100000.0182
100000.0182
100000.0182
100000.0182
100000.0182
100000.0182
100000.0182
100000.0182
100000.0182
100000.0182
100000.0182
100000.0182
100000.0182
100000.0182
100000.0182
100000.0182
100000.0182
100000.0182
100000.0182
100000.0182
100000.0182
100000.0182
100000.0182
100000.0182
100000.0182
100000.0182
100000.0182
100000.0182
100000.0182
100000.0182
100000.0182
100000.0182
100000.0182
100000.0182
100000.0182
100000.0182
100000.0182
100000.0182
100000.0182
100000.0182
100000.0182
100000.0182
100000.0182
100000.0182
100000.0182
100000.0182
100000.0178
100000.0178
100000.0178
100000.0178
100000.0178
100000.0178
100000.0178
100000.0178
100000.0178
100000.0178
100000.0178
100000.0178
100000.0178
100000.0178
100000.0178
100000.0178
100000.0178
100000.0178
100000.0178
100000.0178
100000.0178
100000.0178
100000.0178
100000.0178
100000.0178
100000.0178
100000.0178
100000.0178
100000.0178
100000.0178
100000.0178
100000.0178
100000.0178
100000.0178
100000.0178
100000.0178
100000.0178
100000.0178
100000.0178
100000.0178
100000.0178
100000.0178
100000.0178
100000.0178
100000.0178
100000.0178
100000.0178
100000.0178
100000.0178
100000.0178
100000.0175
100000.0175
100000.0175
100000.0175
100000.0175
100000.0175
100000.0175
100000.0175
100000.0175
100000.0175
100000.0175
100000.0175
100000.0175
100000.0175
100000.0175
100000.0175
100000.0175
100000.0175
100000.0175
100000.0175
100000.0175
100000.0175
100000.0175
100000.0175
100000.0175
100000.0175
100000.0175
100000.0175
100000.0175
100000.0175
100000.0175
100000.0175
100000.0175
100000.0175
100000.0175
100000.0175
100000.0175
100000.0175
100000.0175
100000.0175
100000.0175
100000.0175
100000.0175
100000.0175
100000.0175
100000.0175
100000.0175
100000.0175
100000.0175
100000.0175
100000.0171
100000.0171
100000.0171
100000.0171
100000.0171
100000.0171
100000.0171
100000.0171
100000.0171
100000.0171
100000.0171
100000.0171
100000.0171
100000.0171
100000.0171
100000.0171
100000.0171
100000.0171
100000.0171
100000.0171
100000.0171
100000.0171
100000.0171
100000.0171
100000.0171
100000.0171
100000.0171
100000.0171
100000.0171
100000.0171
100000.0171
100000.0171
100000.0171
100000.0171
100000.0171
100000.0171
100000.0171
100000.0171
100000.0171
100000.0171
100000.0171
100000.0171
100000.0171
100000.0171
100000.0171
100000.0171
100000.0171
100000.0171
100000.0171
100000.0171
100000.0168
100000.0168
100000.0168
100000.0168
100000.0168
100000.0168
100000.0168
100000.0168
100000.0168
100000.0168
100000.0168
100000.0168
100000.0168
100000.0168
100000.0168
100000.0168
100000.0168
100000.0168
100000.0168
100000.0168
100000.0168
100000.0168
100000.0168
100000.0168
100000.0168
100000.0168
100000.0168
100000.0168
100000.0168
100000.0168
100000.0168
100000.0168
100000.0168
100000.0168
100000.0168
100000.0168
100000.0168
100000.0168
100000.0168
100000.0168
100000.0168
100000.0168
100000.0168
100000.0168
100000.0168
100000.0168
100000.0168
100000.0168
100000.0168
100000.0168
100000.0164
100000.0164
100000.0164
100000.0164
100000.0164
100000.0164
100000.0164
100000.0164
100000.0164
100000.0164
100000.0164
100000.0164
100000.0164
100000.0164
100000.0164
100000.0164
100000.0164
100000.0164
100000.0164
100000.0164
100000.0164
100000.0164
100000.0164
100000.0164
100000.0164
100000.0164
100000.0164
100000.0164
100000.0164
100000.0164
100000.0164
100000.0164
100000.0164
100000.0164
100000.0164
100000.0164
100000.0164
100000.0164
100000.0164
100000.0164
100000.0164
100000.0164
100000.0164
100000.0164
100000.0164
100000.0164
100000.0164
100000.0164
100000.0164
100000.0164
100000.016
100000.016
100000.016
100000.016
100000.016
100000.016
100000.016
100000.016
100000.016
100000.016
100000.016
100000.016
100000.016
100000.016
100000.016
100000.016
100000.016
100000.016
100000.016
100000.016
100000.016
100000.016
100000.016
100000.016
100000.016
100000.016
100000.016
100000.016
100000.016
100000.016
100000.016
100000.016
100000.016
100000.016
100000.016
100000.016
100000.016
100000.016
100000.016
100000.016
100000.016
100000.016
100000.016
100000.016
100000.016
100000.016
100000.016
100000.016
100000.016
100000.016
100000.0157
100000.0157
100000.0157
100000.0157
100000.0157
100000.0157
100000.0157
100000.0157
100000.0157
100000.0157
100000.0157
100000.0157
100000.0157
100000.0157
100000.0157
100000.0157
100000.0157
100000.0157
100000.0157
100000.0157
100000.0157
100000.0157
100000.0157
100000.0157
100000.0157
100000.0157
100000.0157
100000.0157
100000.0157
100000.0157
100000.0157
100000.0157
100000.0157
100000.0157
100000.0157
100000.0157
100000.0157
100000.0157
100000.0157
100000.0157
100000.0157
100000.0157
100000.0157
100000.0157
100000.0157
100000.0157
100000.0157
100000.0157
100000.0157
100000.0157
100000.0153
100000.0153
100000.0153
100000.0153
100000.0153
100000.0153
100000.0153
100000.0153
100000.0153
100000.0153
100000.0153
100000.0153
100000.0153
100000.0153
100000.0153
100000.0153
100000.0153
100000.0153
100000.0153
100000.0153
100000.0153
100000.0153
100000.0153
100000.0153
100000.0153
100000.0153
100000.0153
100000.0153
100000.0153
100000.0153
100000.0153
100000.0153
100000.0153
100000.0153
100000.0153
100000.0153
100000.0153
100000.0153
100000.0153
100000.0153
100000.0153
100000.0153
100000.0153
100000.0153
100000.0153
100000.0153
100000.0153
100000.0153
100000.0153
100000.0153
100000.0149
100000.0149
100000.0149
100000.0149
100000.0149
100000.0149
100000.0149
100000.0149
100000.0149
100000.0149
100000.0149
100000.0149
100000.0149
100000.0149
100000.0149
100000.0149
100000.0149
100000.0149
100000.0149
100000.0149
100000.0149
100000.0149
100000.0149
100000.0149
100000.0149
100000.0149
100000.0149
100000.0149
100000.0149
100000.0149
100000.0149
100000.0149
100000.0149
100000.0149
100000.0149
100000.0149
100000.0149
100000.0149
100000.0149
100000.0149
100000.0149
100000.0149
100000.0149
100000.0149
100000.0149
100000.0149
100000.0149
100000.0149
100000.0149
100000.0149
100000.0146
100000.0146
100000.0146
100000.0146
100000.0146
100000.0146
100000.0146
100000.0146
100000.0146
100000.0146
100000.0146
100000.0146
100000.0146
100000.0146
100000.0146
100000.0146
100000.0146
100000.0146
100000.0146
100000.0146
100000.0146
100000.0146
100000.0146
100000.0146
100000.0146
100000.0146
100000.0146
100000.0146
100000.0146
100000.0146
100000.0146
100000.0146
100000.0146
100000.0146
100000.0146
100000.0146
100000.0146
100000.0146
100000.0146
100000.0146
100000.0146
100000.0146
100000.0146
100000.0146
100000.0146
100000.0146
100000.0146
100000.0146
100000.0146
100000.0146
100000.0142
100000.0142
100000.0142
100000.0142
100000.0142
100000.0142
100000.0142
100000.0142
100000.0142
100000.0142
100000.0142
100000.0142
100000.0142
100000.0142
100000.0142
100000.0142
100000.0142
100000.0142
100000.0142
100000.0142
100000.0142
100000.0142
100000.0142
100000.0142
100000.0142
100000.0142
100000.0142
100000.0142
100000.0142
100000.0142
100000.0142
100000.0142
100000.0142
100000.0142
100000.0142
100000.0142
100000.0142
100000.0142
100000.0142
100000.0142
100000.0142
100000.0142
100000.0142
100000.0142
100000.0142
100000.0142
100000.0142
100000.0142
100000.0142
100000.0142
100000.0139
100000.0139
100000.0139
100000.0139
100000.0139
100000.0139
100000.0139
100000.0139
100000.0139
100000.0139
100000.0139
100000.0139
100000.0139
100000.0139
100000.0139
100000.0139
100000.0139
100000.0139
100000.0139
100000.0139
100000.0139
100000.0139
100000.0139
100000.0139
100000.0139
100000.0139
100000.0139
100000.0139
100000.0139
100000.0139
100000.0139
100000.0139
100000.0139
100000.0139
100000.0139
100000.0139
100000.0139
100000.0139
100000.0139
100000.0139
100000.0139
100000.0139
100000.0139
100000.0139
100000.0139
100000.0139
100000.0139
100000.0139
100000.0139
100000.0139
100000.0135
100000.0135
100000.0135
100000.0135
100000.0135
100000.0135
100000.0135
100000.0135
100000.0135
100000.0135
100000.0135
100000.0135
100000.0135
100000.0135
100000.0135
100000.0135
100000.0135
100000.0135
100000.0135
100000.0135
100000.0135
100000.0135
100000.0135
100000.0135
100000.0135
100000.0135
100000.0135
100000.0135
100000.0135
100000.0135
100000.0135
100000.0135
100000.0135
100000.0135
100000.0135
100000.0135
100000.0135
100000.0135
100000.0135
100000.0135
100000.0135
100000.0135
100000.0135
100000.0135
100000.0135
100000.0135
100000.0135
100000.0135
100000.0135
100000.0135
100000.0132
100000.0132
100000.0132
100000.0132
100000.0132
100000.0132
100000.0132
100000.0132
100000.0132
100000.0132
100000.0132
100000.0132
100000.0132
100000.0132
100000.0132
100000.0132
100000.0132
100000.0132
100000.0132
100000.0132
100000.0132
100000.0132
100000.0132
100000.0132
100000.0132
100000.0132
100000.0132
100000.0132
100000.0132
100000.0132
100000.0132
100000.0132
100000.0132
100000.0132
100000.0132
100000.0132
100000.0132
100000.0132
100000.0132
100000.0132
100000.0132
100000.0132
100000.0132
100000.0132
100000.0132
100000.0132
100000.0132
100000.0132
100000.0132
100000.0132
100000.0128
100000.0128
100000.0128
100000.0128
100000.0128
100000.0128
100000.0128
100000.0128
100000.0128
100000.0128
100000.0128
100000.0128
100000.0128
100000.0128
100000.0128
100000.0128
100000.0128
100000.0128
100000.0128
100000.0128
100000.0128
100000.0128
100000.0128
100000.0128
100000.0128
100000.0128
100000.0128
100000.0128
100000.0128
100000.0128
100000.0128
100000.0128
100000.0128
100000.0128
100000.0128
100000.0128
100000.0128
100000.0128
100000.0128
100000.0128
100000.0128
100000.0128
100000.0128
100000.0128
100000.0128
100000.0128
100000.0128
100000.0128
100000.0128
100000.0128
100000.0125
100000.0125
100000.0125
100000.0125
100000.0125
100000.0125
100000.0125
100000.0125
100000.0125
100000.0125
100000.0125
100000.0125
100000.0125
100000.0125
100000.0125
100000.0125
100000.0125
100000.0125
100000.0125
100000.0125
100000.0125
100000.0125
100000.0125
100000.0125
100000.0125
100000.0125
100000.0125
100000.0125
100000.0125
100000.0125
100000.0125
100000.0125
100000.0125
100000.0125
100000.0125
100000.0125
100000.0125
100000.0125
100000.0125
100000.0125
100000.0125
100000.0125
100000.0125
100000.0125
100000.0125
100000.0125
100000.0125
100000.0125
100000.0125
100000.0125
100000.0121
100000.0121
100000.0121
100000.0121
100000.0121
100000.0121
100000.0121
100000.0121
100000.0121
100000.0121
100000.0121
100000.0121
100000.0121
100000.0121
100000.0121
100000.0121
100000.0121
100000.0121
100000.0121
100000.0121
100000.0121
100000.0121
100000.0121
100000.0121
100000.0121
100000.0121
100000.0121
100000.0121
100000.0121
100000.0121
100000.0121
100000.0121
100000.0121
100000.0121
100000.0121
100000.0121
100000.0121
100000.0121
100000.0121
100000.0121
100000.0121
100000.0121
100000.0121
100000.0121
100000.0121
100000.0121
100000.0121
100000.0121
100000.0121
100000.0121
100000.0118
100000.0118
100000.0118
100000.0118
100000.0118
100000.0118
100000.0118
100000.0118
100000.0118
100000.0118
100000.0118
100000.0118
100000.0118
100000.0118
100000.0118
100000.0118
100000.0118
100000.0118
100000.0118
100000.0118
100000.0118
100000.0118
100000.0118
100000.0118
100000.0118
100000.0118
100000.0118
100000.0118
100000.0118
100000.0118
100000.0118
100000.0118
100000.0118
100000.0118
100000.0118
100000.0118
100000.0118
100000.0118
100000.0118
100000.0118
100000.0118
100000.0118
100000.0118
100000.0118
100000.0118
100000.0118
100000.0118
100000.0118
100000.0118
100000.0118
100000.0114
100000.0114
100000.0114
100000.0114
100000.0114
100000.0114
100000.0114
100000.0114
100000.0114
100000.0114
100000.0114
100000.0114
100000.0114
100000.0114
100000.0114
100000.0114
100000.0114
100000.0114
100000.0114
100000.0114
100000.0114
100000.0114
100000.0114
100000.0114
100000.0114
100000.0114
100000.0114
100000.0114
100000.0114
100000.0114
100000.0114
100000.0114
100000.0114
100000.0114
100000.0114
100000.0114
100000.0114
100000.0114
100000.0114
100000.0114
100000.0114
100000.0114
100000.0114
100000.0114
100000.0114
100000.0114
100000.0114
100000.0114
100000.0114
100000.0114
100000.0111
100000.0111
100000.0111
100000.0111
100000.0111
100000.0111
100000.0111
100000.0111
100000.0111
100000.0111
100000.0111
100000.0111
100000.0111
100000.0111
100000.0111
100000.0111
100000.0111
100000.0111
100000.0111
100000.0111
100000.0111
100000.0111
100000.0111
100000.0111
100000.0111
100000.0111
100000.0111
100000.0111
100000.0111
100000.0111
100000.0111
100000.0111
100000.0111
100000.0111
100000.0111
100000.0111
100000.0111
100000.0111
100000.0111
100000.0111
100000.0111
100000.0111
100000.0111
100000.0111
100000.0111
100000.0111
100000.0111
100000.0111
100000.0111
100000.0111
100000.0107
100000.0107
100000.0107
100000.0107
100000.0107
100000.0107
100000.0107
100000.0107
100000.0107
100000.0107
100000.0107
100000.0107
100000.0107
100000.0107
100000.0107
100000.0107
100000.0107
100000.0107
100000.0107
100000.0107
100000.0107
100000.0107
100000.0107
100000.0107
100000.0107
100000.0107
100000.0107
100000.0107
100000.0107
100000.0107
100000.0107
100000.0107
100000.0107
100000.0107
100000.0107
100000.0107
100000.0107
100000.0107
100000.0107
100000.0107
100000.0107
100000.0107
100000.0107
100000.0107
100000.0107
100000.0107
100000.0107
100000.0107
100000.0107
100000.0107
100000.0104
100000.0104
100000.0104
100000.0104
100000.0104
100000.0104
100000.0104
100000.0104
100000.0104
100000.0104
100000.0104
100000.0104
100000.0104
100000.0104
100000.0104
100000.0104
100000.0104
100000.0104
100000.0104
100000.0104
100000.0104
100000.0104
100000.0104
100000.0104
100000.0104
100000.0104
100000.0104
100000.0104
100000.0104
100000.0104
100000.0104
100000.0104
100000.0104
100000.0104
100000.0104
100000.0104
100000.0104
100000.0104
100000.0104
100000.0104
100000.0104
100000.0104
100000.0104
100000.0104
100000.0104
100000.0104
100000.0104
100000.0104
100000.0104
100000.0104
100000.01
100000.01
100000.01
100000.01
100000.01
100000.01
100000.01
100000.01
100000.01
100000.01
100000.01
100000.01
100000.01
100000.01
100000.01
100000.01
100000.01
100000.01
100000.01
100000.01
100000.01
100000.01
100000.01
100000.01
100000.01
100000.01
100000.01
100000.01
100000.01
100000.01
100000.01
100000.01
100000.01
100000.01
100000.01
100000.01
100000.01
100000.01
100000.01
100000.01
100000.01
100000.01
100000.01
100000.01
100000.01
100000.01
100000.01
100000.01
100000.01
100000.01
100000.0097
100000.0097
100000.0097
100000.0097
100000.0097
100000.0097
100000.0097
100000.0097
100000.0097
100000.0097
100000.0097
100000.0097
100000.0097
100000.0097
100000.0097
100000.0097
100000.0097
100000.0097
100000.0097
100000.0097
100000.0097
100000.0097
100000.0097
100000.0097
100000.0097
100000.0097
100000.0097
100000.0097
100000.0097
100000.0097
100000.0097
100000.0097
100000.0097
100000.0097
100000.0097
100000.0097
100000.0097
100000.0097
100000.0097
100000.0097
100000.0097
100000.0097
100000.0097
100000.0097
100000.0097
100000.0097
100000.0097
100000.0097
100000.0097
100000.0097
100000.0093
100000.0093
100000.0093
100000.0093
100000.0093
100000.0093
100000.0093
100000.0093
100000.0093
100000.0093
100000.0093
100000.0093
100000.0093
100000.0093
100000.0093
100000.0093
100000.0093
100000.0093
100000.0093
100000.0093
100000.0093
100000.0093
100000.0093
100000.0093
100000.0093
100000.0093
100000.0093
100000.0093
100000.0093
100000.0093
100000.0093
100000.0093
100000.0093
100000.0093
100000.0093
100000.0093
100000.0093
100000.0093
100000.0093
100000.0093
100000.0093
100000.0093
100000.0093
100000.0093
100000.0093
100000.0093
100000.0093
100000.0093
100000.0093
100000.0093
100000.009
100000.009
100000.009
100000.009
100000.009
100000.009
100000.009
100000.009
100000.009
100000.009
100000.009
100000.009
100000.009
100000.009
100000.009
100000.009
100000.009
100000.009
100000.009
100000.009
100000.009
100000.009
100000.009
100000.009
100000.009
100000.009
100000.009
100000.009
100000.009
100000.009
100000.009
100000.009
100000.009
100000.009
100000.009
100000.009
100000.009
100000.009
100000.009
100000.009
100000.009
100000.009
100000.009
100000.009
100000.009
100000.009
100000.009
100000.009
100000.009
100000.009
100000.0086
100000.0086
100000.0086
100000.0086
100000.0086
100000.0086
100000.0086
100000.0086
100000.0086
100000.0086
100000.0086
100000.0086
100000.0086
100000.0086
100000.0086
100000.0086
100000.0086
100000.0086
100000.0086
100000.0086
100000.0086
100000.0086
100000.0086
100000.0086
100000.0086
100000.0086
100000.0086
100000.0086
100000.0086
100000.0086
100000.0086
100000.0086
100000.0086
100000.0086
100000.0086
100000.0086
100000.0086
100000.0086
100000.0086
100000.0086
100000.0086
100000.0086
100000.0086
100000.0086
100000.0086
100000.0086
100000.0086
100000.0086
100000.0086
100000.0086
100000.0083
100000.0083
100000.0083
100000.0083
100000.0083
100000.0083
100000.0083
100000.0083
100000.0083
100000.0083
100000.0083
100000.0083
100000.0083
100000.0083
100000.0083
100000.0083
100000.0083
100000.0083
100000.0083
100000.0083
100000.0083
100000.0083
100000.0083
100000.0083
100000.0083
100000.0083
100000.0083
100000.0083
100000.0083
100000.0083
100000.0083
100000.0083
100000.0083
100000.0083
100000.0083
100000.0083
100000.0083
100000.0083
100000.0083
100000.0083
100000.0083
100000.0083
100000.0083
100000.0083
100000.0083
100000.0083
100000.0083
100000.0083
100000.0083
100000.0083
100000.0079
100000.0079
100000.0079
100000.0079
100000.0079
100000.0079
100000.0079
100000.0079
100000.0079
100000.0079
100000.0079
100000.0079
100000.0079
100000.0079
100000.0079
100000.0079
100000.0079
100000.0079
100000.0079
100000.0079
100000.0079
100000.0079
100000.0079
100000.0079
100000.0079
100000.0079
100000.0079
100000.0079
100000.0079
100000.0079
100000.0079
100000.0079
100000.0079
100000.0079
100000.0079
100000.0079
100000.0079
100000.0079
100000.0079
100000.0079
100000.0079
100000.0079
100000.0079
100000.0079
100000.0079
100000.0079
100000.0079
100000.0079
100000.0079
100000.0079
100000.0076
100000.0076
100000.0076
100000.0076
100000.0076
100000.0076
100000.0076
100000.0076
100000.0076
100000.0076
100000.0076
100000.0076
100000.0076
100000.0076
100000.0076
100000.0076
100000.0076
100000.0076
100000.0076
100000.0076
100000.0076
100000.0076
100000.0076
100000.0076
100000.0076
100000.0076
100000.0076
100000.0076
100000.0076
100000.0076
100000.0076
100000.0076
100000.0076
100000.0076
100000.0076
100000.0076
100000.0076
100000.0076
100000.0076
100000.0076
100000.0076
100000.0076
100000.0076
100000.0076
100000.0076
100000.0076
100000.0076
100000.0076
100000.0076
100000.0076
100000.0073
100000.0073
100000.0073
100000.0073
100000.0073
100000.0073
100000.0073
100000.0073
100000.0073
100000.0073
100000.0073
100000.0073
100000.0073
100000.0073
100000.0073
100000.0073
100000.0073
100000.0073
100000.0073
100000.0073
100000.0073
100000.0073
100000.0073
100000.0073
100000.0073
100000.0073
100000.0073
100000.0073
100000.0073
100000.0073
100000.0073
100000.0073
100000.0073
100000.0073
100000.0073
100000.0073
100000.0073
100000.0073
100000.0073
100000.0073
100000.0073
100000.0073
100000.0073
100000.0073
100000.0073
100000.0073
100000.0073
100000.0073
100000.0073
100000.0073
100000.0069
100000.0069
100000.0069
100000.0069
100000.0069
100000.0069
100000.0069
100000.0069
100000.0069
100000.0069
100000.0069
100000.0069
100000.0069
100000.0069
100000.0069
100000.0069
100000.0069
100000.0069
100000.0069
100000.0069
100000.0069
100000.0069
100000.0069
100000.0069
100000.0069
100000.0069
100000.0069
100000.0069
100000.0069
100000.0069
100000.0069
100000.0069
100000.0069
100000.0069
100000.0069
100000.0069
100000.0069
100000.0069
100000.0069
100000.0069
100000.0069
100000.0069
100000.0069
100000.0069
100000.0069
100000.0069
100000.0069
100000.0069
100000.0069
100000.0069
100000.0066
100000.0066
100000.0066
100000.0066
100000.0066
100000.0066
100000.0066
100000.0066
100000.0066
100000.0066
100000.0066
100000.0066
100000.0066
100000.0066
100000.0066
100000.0066
100000.0066
100000.0066
100000.0066
100000.0066
100000.0066
100000.0066
100000.0066
100000.0066
100000.0066
100000.0066
100000.0066
100000.0066
100000.0066
100000.0066
100000.0066
100000.0066
100000.0066
100000.0066
100000.0066
100000.0066
100000.0066
100000.0066
100000.0066
100000.0066
100000.0066
100000.0066
100000.0066
100000.0066
100000.0066
100000.0066
100000.0066
100000.0066
100000.0066
100000.0066
100000.0062
100000.0062
100000.0062
100000.0062
100000.0062
100000.0062
100000.0062
100000.0062
100000.0062
100000.0062
100000.0062
100000.0062
100000.0062
100000.0062
100000.0062
100000.0062
100000.0062
100000.0062
100000.0062
100000.0062
100000.0062
100000.0062
100000.0062
100000.0062
100000.0062
100000.0062
100000.0062
100000.0062
100000.0062
100000.0062
100000.0062
100000.0062
100000.0062
100000.0062
100000.0062
100000.0062
100000.0062
100000.0062
100000.0062
100000.0062
100000.0062
100000.0062
100000.0062
100000.0062
100000.0062
100000.0062
100000.0062
100000.0062
100000.0062
100000.0062
100000.0059
100000.0059
100000.0059
100000.0059
100000.0059
100000.0059
100000.0059
100000.0059
100000.0059
100000.0059
100000.0059
100000.0059
100000.0059
100000.0059
100000.0059
100000.0059
100000.0059
100000.0059
100000.0059
100000.0059
100000.0059
100000.0059
100000.0059
100000.0059
100000.0059
100000.0059
100000.0059
100000.0059
100000.0059
100000.0059
100000.0059
100000.0059
100000.0059
100000.0059
100000.0059
100000.0059
100000.0059
100000.0059
100000.0059
100000.0059
100000.0059
100000.0059
100000.0059
100000.0059
100000.0059
100000.0059
100000.0059
100000.0059
100000.0059
100000.0059
100000.0055
100000.0055
100000.0055
100000.0055
100000.0055
100000.0055
100000.0055
100000.0055
100000.0055
100000.0055
100000.0055
100000.0055
100000.0055
100000.0055
100000.0055
100000.0055
100000.0055
100000.0055
100000.0055
100000.0055
100000.0055
100000.0055
100000.0055
100000.0055
100000.0055
100000.0055
100000.0055
100000.0055
100000.0055
100000.0055
100000.0055
100000.0055
100000.0055
100000.0055
100000.0055
100000.0055
100000.0055
100000.0055
100000.0055
100000.0055
100000.0055
100000.0055
100000.0055
100000.0055
100000.0055
100000.0055
100000.0055
100000.0055
100000.0055
100000.0055
100000.0053
100000.0053
100000.0053
100000.0053
100000.0053
100000.0053
100000.0053
100000.0053
100000.0053
100000.0053
100000.0053
100000.0053
100000.0053
100000.0053
100000.0053
100000.0053
100000.0053
100000.0053
100000.0053
100000.0053
100000.0053
100000.0053
100000.0053
100000.0053
100000.0053
100000.0053
100000.0053
100000.0053
100000.0053
100000.0053
100000.0053
100000.0053
100000.0053
100000.0053
100000.0053
100000.0053
100000.0053
100000.0053
100000.0053
100000.0053
100000.0053
100000.0053
100000.0053
100000.0053
100000.0053
100000.0053
100000.0053
100000.0053
100000.0053
100000.0053
100000.0049
100000.0049
100000.0049
100000.0049
100000.0049
100000.0049
100000.0049
100000.0049
100000.0049
100000.0049
100000.0049
100000.0049
100000.0049
100000.0049
100000.0049
100000.0049
100000.0049
100000.0049
100000.0049
100000.0049
100000.0049
100000.0049
100000.0048
100000.0048
100000.0048
100000.0048
100000.0048
100000.0048
100000.0048
100000.0048
100000.0048
100000.0048
100000.0048
100000.0048
100000.0048
100000.0048
100000.0048
100000.0048
100000.0048
100000.0048
100000.0048
100000.0048
100000.0048
100000.0048
100000.0048
100000.0048
100000.0048
100000.0048
100000.0048
100000.0048
100000.0046
100000.0046
100000.0046
100000.0046
100000.0046
100000.0046
100000.0046
100000.0046
100000.0046
100000.0046
100000.0046
100000.0046
100000.0046
100000.0046
100000.0046
100000.0046
100000.0046
100000.0046
100000.0046
100000.0046
100000.0046
100000.0046
100000.0046
100000.0046
100000.0046
100000.0046
100000.0046
100000.0046
100000.0046
100000.0046
100000.0046
100000.0046
100000.0046
100000.0046
100000.0046
100000.0046
100000.0046
100000.0046
100000.0046
100000.0046
100000.0046
100000.0046
100000.0046
100000.0046
100000.0046
100000.0046
100000.0046
100000.0046
100000.0046
100000.0046
100000.0041
100000.0041
100000.0041
100000.0041
100000.0041
100000.0041
100000.0041
100000.0041
100000.0041
100000.0041
100000.0041
100000.0041
100000.0041
100000.0041
100000.0041
100000.0041
100000.0041
100000.0041
100000.0041
100000.0041
100000.0041
100000.0041
100000.0041
100000.0041
100000.0041
100000.0041
100000.0041
100000.0041
100000.0041
100000.0041
100000.0041
100000.0041
100000.0041
100000.0041
100000.0041
100000.0041
100000.0041
100000.0041
100000.0041
100000.0041
100000.0041
100000.0041
100000.0041
100000.0041
100000.0041
100000.0041
100000.0041
100000.0041
100000.0041
100000.0041
100000.004
100000.004
100000.004
100000.004
100000.004
100000.004
100000.004
100000.004
100000.004
100000.004
100000.004
100000.004
100000.004
100000.004
100000.004
100000.004
100000.004
100000.004
100000.004
100000.004
100000.004
100000.004
100000.004
100000.004
100000.004
100000.004
100000.004
100000.004
100000.004
100000.004
100000.004
100000.004
100000.004
100000.004
100000.004
100000.004
100000.004
100000.004
100000.004
100000.004
100000.004
100000.004
100000.004
100000.004
100000.004
100000.004
100000.004
100000.004
100000.004
100000.004
100000.0034
100000.0034
100000.0034
100000.0034
100000.0034
100000.0034
100000.0034
100000.0034
100000.0034
100000.0034
100000.0034
100000.0034
100000.0034
100000.0034
100000.0034
100000.0034
100000.0034
100000.0034
100000.0034
100000.0034
100000.0034
100000.0034
100000.0034
100000.0034
100000.0034
100000.0034
100000.0034
100000.0034
100000.0034
100000.0034
100000.0034
100000.0034
100000.0034
100000.0034
100000.0034
100000.0034
100000.0034
100000.0034
100000.0034
100000.0034
100000.0034
100000.0034
100000.0034
100000.0034
100000.0034
100000.0034
100000.0034
100000.0034
100000.0034
100000.0034
100000.0034
100000.0034
100000.0034
100000.0034
100000.0034
100000.0034
100000.0034
100000.0034
100000.0034
100000.0034
100000.0034
100000.0034
100000.0034
100000.0034
100000.0034
100000.0034
100000.0034
100000.0034
100000.0034
100000.0034
100000.0034
100000.0034
100000.0034
100000.0034
100000.0034
100000.0034
100000.0034
100000.0034
100000.0034
100000.0034
100000.0034
100000.0034
100000.0034
100000.0034
100000.0034
100000.0034
100000.0034
100000.0034
100000.0034
100000.0034
100000.0034
100000.0034
100000.0034
100000.0034
100000.0034
100000.0034
100000.0034
100000.0034
100000.0034
100000.0034
100000.0026
100000.0026
100000.0026
100000.0026
100000.0026
100000.0026
100000.0026
100000.0026
100000.0026
100000.0026
100000.0026
100000.0026
100000.0026
100000.0026
100000.0026
100000.0026
100000.0026
100000.0026
100000.0026
100000.0026
100000.0026
100000.0026
100000.0026
100000.0026
100000.0026
100000.0026
100000.0026
100000.0026
100000.0026
100000.0026
100000.0026
100000.0026
100000.0026
100000.0026
100000.0026
100000.0026
100000.0026
100000.0026
100000.0026
100000.0026
100000.0026
100000.0026
100000.0026
100000.0026
100000.0026
100000.0026
100000.0026
100000.0026
100000.0026
100000.0026
100000.003
100000.003
100000.003
100000.003
100000.003
100000.003
100000.003
100000.003
100000.003
100000.003
100000.003
100000.003
100000.003
100000.003
100000.003
100000.003
100000.003
100000.003
100000.003
100000.003
100000.003
100000.003
100000.003
100000.003
100000.003
100000.003
100000.003
100000.003
100000.003
100000.003
100000.003
100000.003
100000.003
100000.003
100000.003
100000.003
100000.003
100000.003
100000.003
100000.003
100000.003
100000.003
100000.003
100000.003
100000.003
100000.003
100000.003
100000.003
100000.003
100000.003
100000.0017
100000.0017
100000.0017
100000.0017
100000.0017
100000.0017
100000.0017
100000.0017
100000.0017
100000.0017
100000.0017
100000.0017
100000.0017
100000.0017
100000.0017
100000.0017
100000.0017
100000.0017
100000.0017
100000.0017
100000.0017
100000.0017
100000.0017
100000.0017
100000.0017
100000.0017
100000.0017
100000.0017
100000.0017
100000.0017
100000.0017
100000.0017
100000.0017
100000.0017
100000.0017
100000.0017
100000.0017
100000.0017
100000.0017
100000.0017
100000.0017
100000.0017
100000.0017
100000.0017
100000.0017
100000.0017
100000.0017
100000.0017
100000.0017
100000.0017
100000.0027
100000.0027
100000.0027
100000.0027
100000.0027
100000.0027
100000.0027
100000.0027
100000.0027
100000.0027
100000.0027
100000.0027
100000.0027
100000.0027
100000.0027
100000.0027
100000.0027
100000.0027
100000.0027
100000.0027
100000.0027
100000.0027
100000.0027
100000.0027
100000.0027
100000.0027
100000.0027
100000.0027
100000.0027
100000.0027
100000.0027
100000.0027
100000.0027
100000.0027
100000.0027
100000.0027
100000.0027
100000.0027
100000.0027
100000.0027
100000.0027
100000.0027
100000.0027
100000.0027
100000.0027
100000.0027
100000.0027
100000.0027
100000.0027
100000.0027
100000.0005
100000.0005
100000.0005
100000.0005
100000.0005
100000.0005
100000.0005
100000.0005
100000.0005
100000.0005
100000.0005
100000.0005
100000.0005
100000.0005
100000.0005
100000.0005
100000.0005
100000.0005
100000.0005
100000.0005
100000.0005
100000.0005
100000.0005
100000.0005
100000.0005
100000.0005
100000.0005
100000.0005
100000.0005
100000.0005
100000.0005
100000.0005
100000.0005
100000.0005
100000.0005
100000.0005
100000.0005
100000.0005
100000.0005
100000.0005
100000.0005
100000.0005
100000.0005
100000.0005
100000.0005
100000.0005
100000.0005
100000.0005
100000.0005
100000.0005
100000.0027
100000.0027
100000.0027
100000.0027
100000.0027
100000.0027
100000.0027
100000.0027
100000.0027
100000.0027
100000.0027
100000.0027
100000.0027
100000.0027
100000.0027
100000.0027
100000.0027
100000.0027
100000.0027
100000.0027
100000.0027
100000.0027
100000.0027
100000.0027
100000.0027
100000.0027
100000.0027
100000.0027
100000.0027
100000.0027
100000.0027
100000.0027
100000.0027
100000.0027
100000.0027
100000.0027
100000.0027
100000.0027
100000.0027
100000.0027
100000.0027
100000.0027
100000.0027
100000.0027
100000.0027
100000.0027
100000.0027
100000.0027
100000.0027
100000.0027
99999.99892
99999.99892
99999.99893
99999.99893
99999.99893
99999.99893
99999.99893
99999.99893
99999.99893
99999.99893
99999.99893
99999.99893
99999.99893
99999.99893
99999.99893
99999.99893
99999.99893
99999.99893
99999.99893
99999.99893
99999.99893
99999.99892
99999.99892
99999.99892
99999.99892
99999.99892
99999.99892
99999.99892
99999.99892
99999.99892
99999.99892
99999.99892
99999.99892
99999.99892
99999.99892
99999.99892
99999.99892
99999.99892
99999.99892
99999.99892
99999.99892
99999.99892
99999.99892
99999.99892
99999.99892
99999.99892
99999.99893
99999.99893
99999.99893
99999.99893
100000.0034
100000.0034
100000.0034
100000.0034
100000.0034
100000.0034
100000.0034
100000.0034
100000.0034
100000.0034
100000.0034
100000.0034
100000.0034
100000.0034
100000.0034
100000.0034
100000.0034
100000.0034
100000.0034
100000.0034
100000.0034
100000.0034
100000.0034
100000.0034
100000.0034
100000.0034
100000.0034
100000.0034
100000.0034
100000.0034
100000.0034
100000.0034
100000.0034
100000.0034
100000.0034
100000.0034
100000.0034
100000.0034
100000.0034
100000.0034
100000.0034
100000.0034
100000.0034
100000.0034
100000.0034
100000.0034
100000.0034
100000.0034
100000.0034
100000.0034
99999.99636
99999.99637
99999.99638
99999.99638
99999.99638
99999.99638
99999.99638
99999.99639
99999.99639
99999.99639
99999.99639
99999.99639
99999.9964
99999.9964
99999.9964
99999.9964
99999.99641
99999.99641
99999.99641
99999.99641
99999.99642
99999.99642
99999.99642
99999.99642
99999.99643
99999.99643
99999.99643
99999.99643
99999.99644
99999.99644
99999.99644
99999.99644
99999.99644
99999.99644
99999.99645
99999.99645
99999.99645
99999.99645
99999.99645
99999.99646
99999.99646
99999.99646
99999.99646
99999.99647
99999.99647
99999.99647
99999.99648
99999.99648
99999.99649
99999.99649
100000.0054
100000.0054
100000.0054
100000.0054
100000.0053
100000.0053
100000.0053
100000.0053
100000.0053
100000.0053
100000.0053
100000.0053
100000.0053
100000.0053
100000.0053
100000.0053
100000.0053
100000.0053
100000.0053
100000.0053
100000.0053
100000.0053
100000.0053
100000.0053
100000.0053
100000.0053
100000.0053
100000.0053
100000.0053
100000.0053
100000.0053
100000.0053
100000.0053
100000.0052
100000.0052
100000.0052
100000.0052
100000.0052
100000.0052
100000.0052
100000.0052
100000.0052
100000.0052
100000.0052
100000.0052
100000.0052
100000.0052
100000.0052
100000.0052
100000.0052
99999.99146
99999.99149
99999.99151
99999.99152
99999.99153
99999.99154
99999.99155
99999.99157
99999.99159
99999.99161
99999.99163
99999.99165
99999.99168
99999.99171
99999.99173
99999.99176
99999.99179
99999.99183
99999.99186
99999.9919
99999.99193
99999.99197
99999.992
99999.99204
99999.99208
99999.99211
99999.99215
99999.99219
99999.99222
99999.99226
99999.99229
99999.99233
99999.99236
99999.99239
99999.99242
99999.99245
99999.99247
99999.9925
99999.99252
99999.99254
99999.99256
99999.99258
99999.99259
99999.9926
99999.99261
99999.99262
99999.99263
99999.99263
99999.99264
99999.99262
100000.0106
100000.0106
100000.0106
100000.0105
100000.0105
100000.0105
100000.0105
100000.0105
100000.0105
100000.0104
100000.0104
100000.0104
100000.0103
100000.0103
100000.0103
100000.0102
100000.0102
100000.0101
100000.0101
100000.01
100000.01
100000.0099
100000.0099
100000.0098
100000.0097
100000.0097
100000.0096
100000.0095
100000.0095
100000.0094
100000.0093
100000.0093
100000.0092
100000.0091
100000.0091
100000.009
100000.009
100000.0089
100000.0089
100000.0088
100000.0088
100000.0087
100000.0087
100000.0087
100000.0086
100000.0086
100000.0086
100000.0086
100000.0086
100000.0086
99999.97699
99999.97717
99999.97724
99999.97729
99999.97735
99999.97744
99999.97754
99999.97766
99999.9778
99999.97796
99999.97814
99999.97833
99999.97855
99999.97878
99999.97903
99999.9793
99999.97958
99999.97989
99999.98021
99999.98055
99999.9809
99999.98122
99999.98154
99999.98194
99999.98234
99999.98272
99999.98311
99999.9835
99999.9839
99999.98429
99999.98468
99999.98507
99999.98544
99999.98581
99999.98617
99999.98651
99999.98684
99999.98714
99999.98743
99999.98769
99999.98793
99999.98814
99999.98831
99999.98846
99999.98857
99999.98865
99999.98869
99999.9887
99999.98866
99999.9885
)
;

boundaryField
{
    axis
    {
        type            empty;
    }
    inlet
    {
        type            zeroGradient;
    }
    wall
    {
        type            zeroGradient;
    }
    outlet
    {
        type            fixedValue;
        value           uniform 100000;
    }
    front
    {
        type            wedge;
    }
    back
    {
        type            wedge;
    }
}


// ************************************************************************* //
