/*--------------------------------*- C++ -*----------------------------------*\
| =========                 |                                                 |
| \\      /  F ield         | OpenFOAM: The Open Source CFD Toolbox           |
|  \\    /   O peration     | Version:  5.x                                   |
|   \\  /    A nd           | Web:      www.OpenFOAM.org                      |
|    \\/     M anipulation  |                                                 |
\*---------------------------------------------------------------------------*/
FoamFile
{
    version     2.0;
    format      ascii;
    class       volScalarField;
    location    "0.01";
    object      theta;
}
// * * * * * * * * * * * * * * * * * * * * * * * * * * * * * * * * * * * * * //

dimensions      [0 0 0 0 0 0 0];

internalField   nonuniform List<scalar> 
7950
(
32.47134704
32.45581033
32.42159886
32.36952486
32.29962193
32.21179123
32.10586833
31.9816404
31.83885283
31.67721289
31.49639221
31.29602918
31.07573133
30.83507813
30.57362424
30.29090324
29.98643222
29.65971702
29.3102584
28.93755929
28.541133
28.1205127
27.67526209
27.20498734
26.70935038
26.18808337
25.64100442
25.06803435
24.46921422
23.84472356
23.19489861
22.52025042
21.82148206
21.09950436
20.35544951
19.59068172
18.80680415
18.00566147
17.18933714
16.36014502
15.52061478
14.67347092
13.82160544
12.96804449
12.11590959
11.26837444
10.42861846
9.599778361
8.784899651
7.986889307
15.36441853
15.35755108
15.34244597
15.31950108
15.28878989
15.25034719
15.2041986
15.15036816
15.08888132
15.01976648
14.94305599
14.85878701
14.7670023
14.66775095
14.56108922
14.44708131
14.32580027
14.19732887
14.06176057
13.9192005
13.76976649
13.61359014
13.45081789
13.28161215
13.10615245
12.92463657
12.7372817
12.54432559
12.34602774
12.14267049
11.93456018
11.72202829
11.5054325
11.28515784
11.06161777
10.83525534
10.6065443
10.37599045
10.14413295
9.911545895
9.678840175
9.446665652
9.215713858
8.986721357
8.760473984
8.537812235
8.319638167
8.106924253
7.9007248
7.702190711
10.85610475
10.85296781
10.84607013
10.83559862
10.8215946
10.80408431
10.78309226
10.75864468
10.7307707
10.69950303
10.66487823
10.62693695
10.58572416
10.54128926
10.49368628
10.44297399
10.38921608
10.33248132
10.27284367
10.21038247
10.14518259
10.07733455
10.0069347
9.934085356
9.858894917
9.781478028
9.701955679
9.620455322
9.537110967
9.452063256
9.365459529
9.277453854
9.188207044
9.097886637
9.006666835
8.914728417
8.822258589
8.729450788
8.636504418
8.543624506
8.451021269
8.35890957
8.267508243
8.177039254
8.087726676
7.999795422
7.913469696
7.828971085
7.74651623
7.666313958
9.131042274
9.129548371
9.126263935
9.121279085
9.114615199
9.106287006
9.096308952
9.0846968
9.071468194
9.056642908
9.040242969
9.022292727
9.002818897
8.98185059
8.959419328
8.935559064
8.910306182
8.883699508
8.855780311
8.826592295
8.796181601
8.764596786
8.731888815
8.698111035
8.663319149
8.627571181
8.590927433
8.553450436
8.515204891
8.476257597
8.436677372
8.39653496
8.355902925
8.31485553
8.273468605
8.23181939
8.18998637
8.148049086
8.106087923
8.064183888
8.022418352
7.98087278
7.939628434
7.898766051
7.858365502
7.818505426
7.779262848
7.740712774
7.702927783
7.665977607
8.379491726
8.378765225
8.377168074
8.374744371
8.371504923
8.367457437
8.36260961
8.356969896
8.350547778
8.343353873
8.335399981
8.326699111
8.317265482
8.307114528
8.296262883
8.284728378
8.272530019
8.259687978
8.246223568
8.23215922
8.217518463
8.202325892
8.186607141
8.170388847
8.153698615
8.136564981
8.119017365
8.10108603
8.08280203
8.064197158
8.045303889
8.026155321
8.006785108
7.987227395
7.967516744
7.947688056
7.927776497
7.907817407
7.887846218
7.867898361
7.84800917
7.828213788
7.808547066
7.789043462
7.769736938
7.750660857
7.731847881
7.713329866
7.695137766
7.677301533
8.036999623
8.036642396
8.035857087
8.034665444
8.033072878
8.031083307
8.028700671
8.025929313
8.022774104
8.019240493
8.015334531
8.011062878
8.006432798
8.001452159
7.99612942
7.990473628
7.984494397
7.978201902
7.971606862
7.964720521
7.957554634
7.950121448
7.942433678
7.934504493
7.926347486
7.917976656
7.90940638
7.900651389
7.891726739
7.882647785
7.873430148
7.864089688
7.854642472
7.845104736
7.835492861
7.825823329
7.816112694
7.806377544
7.796634463
7.786899996
7.777190611
7.767522661
7.757912346
7.748375677
7.738928435
7.729586139
7.720364005
7.711276913
7.702339374
7.693565492
7.881822471
7.881645712
7.881257141
7.880667532
7.879879584
7.878895263
7.877716554
7.876345644
7.874784988
7.873037332
7.871105721
7.868993506
7.866704335
7.864242158
7.861611218
7.858816041
7.855861436
7.852752483
7.849494526
7.846093161
7.84255423
7.838883809
7.835088196
7.831173901
7.827147635
7.823016295
7.818786951
7.814466837
7.810063332
7.805583949
7.80103632
7.79642818
7.791767352
7.787061733
7.782319276
7.777547977
7.772755856
7.767950943
7.763141258
7.7583348
7.753539525
7.748763336
7.744014059
7.739299433
7.734627092
7.730004549
7.725439181
7.720938215
7.71650871
7.712157548
7.816156842
7.816069055
7.815876073
7.81558325
7.81519193
7.814703095
7.814117737
7.813436951
7.812661965
7.811794151
7.810835032
7.809786281
7.808649722
7.807427325
7.806121207
7.804733626
7.803266976
7.801723788
7.80010672
7.798418556
7.796662198
7.794840662
7.792957074
7.79101466
7.789016746
7.786966744
7.784868154
7.782724549
7.780539575
7.77831694
7.776060409
7.773773795
7.771460952
7.769125769
7.766772162
7.764404064
7.76202542
7.759640178
7.757252282
7.754865665
7.752484239
7.750111889
7.747752465
7.745409775
7.743087577
7.740789572
7.738519398
7.736280619
7.734076725
7.731911119
7.794212477
7.794168782
7.794072727
7.793926977
7.793732203
7.793488893
7.793197544
7.7928587
7.792472976
7.792041054
7.791563696
7.791041735
7.79047608
7.789867715
7.789217692
7.788527138
7.787797245
7.787029272
7.786224544
7.785384445
7.78451042
7.783603967
7.782666641
7.781700046
7.780705833
7.779685699
7.778641379
7.777574649
7.776487317
7.775381224
7.774258236
7.773120245
7.771969162
7.770806915
7.769635444
7.768456699
7.767272635
7.76608521
7.764896377
7.763708086
7.762522275
7.761340871
7.760165784
7.7589989
7.757842087
7.756697179
7.755565983
7.754450272
7.753351778
7.752272194
7.793877542
7.793855765
7.793807893
7.793735254
7.793638183
7.793516922
7.79337172
7.793202848
7.793010613
7.792795354
7.792557452
7.792297322
7.792015417
7.791712228
7.791388279
7.791044131
7.790680378
7.79029765
7.789896603
7.789477929
7.789042347
7.788590603
7.788123472
7.787641751
7.787146263
7.786637853
7.786117384
7.78558574
7.78504382
7.784492541
7.783932831
7.783365632
7.782791893
7.782212575
7.781628641
7.781041063
7.780450813
7.779858864
7.779266188
7.778673756
7.778082531
7.777493473
7.776907532
7.776325647
7.775748747
7.775177747
7.774613547
7.774057028
7.773509055
7.772970472
7.804301773
7.804290912
7.804267036
7.804230808
7.804182393
7.804121915
7.804049496
7.803965271
7.803869394
7.803762035
7.803643382
7.803513643
7.803373043
7.803221828
7.803060259
7.802888615
7.802707194
7.802516308
7.802316285
7.80210747
7.801890221
7.80166491
7.801431924
7.80119166
7.800944527
7.800690948
7.800431351
7.800166179
7.799895878
7.799620906
7.799341726
7.799058805
7.798772619
7.798483644
7.798192362
7.797899257
7.797604813
7.797309515
7.797013847
7.796718293
7.796423334
7.796129448
7.795837108
7.795546783
7.795258936
7.794974023
7.794692492
7.794414784
7.79414133
7.793872551
7.820116627
7.820111207
7.820099294
7.820081218
7.820057062
7.820026886
7.819990752
7.819948728
7.819900889
7.819847322
7.819788119
7.819723385
7.819653232
7.819577782
7.819497166
7.819411523
7.819321001
7.819225756
7.819125953
7.819021762
7.818913362
7.818800939
7.818684686
7.818564802
7.818441489
7.818314959
7.818185426
7.81805311
7.817918234
7.817781026
7.817641717
7.81750054
7.817357733
7.817213533
7.81706818
7.816921916
7.816774982
7.816627619
7.816480071
7.816332577
7.816185379
7.816038713
7.815892817
7.815747924
7.815604265
7.815462068
7.815321556
7.81518295
7.815046464
7.814912309
7.838654499
7.838651794
7.838645849
7.838636828
7.838624772
7.838609712
7.838591679
7.838570706
7.838546831
7.838520097
7.838490551
7.838458244
7.838423233
7.838385578
7.838345345
7.838302603
7.838257426
7.838209892
7.838160082
7.838108083
7.838053983
7.837997876
7.837939856
7.837880024
7.837818481
7.837755332
7.837690683
7.837624646
7.837557331
7.837488851
7.837419323
7.837348862
7.837277587
7.837205617
7.837133071
7.837060069
7.836986733
7.836913182
7.836839538
7.836765921
7.83669245
7.836619245
7.836546424
7.836474102
7.836402396
7.836331419
7.836261283
7.836192096
7.836123968
7.836057003
7.858587031
7.858585681
7.858582713
7.85857821
7.858572193
7.858564676
7.858555675
7.858545207
7.85853329
7.858519947
7.858505199
7.858489074
7.858471599
7.858452804
7.858432722
7.858411388
7.858388839
7.858365113
7.858340251
7.858314296
7.858287293
7.858259288
7.858230328
7.858200463
7.858169745
7.858138224
7.858105956
7.858072994
7.858039394
7.858005212
7.857970507
7.857935337
7.85789976
7.857863836
7.857827624
7.857791185
7.857754579
7.857717866
7.857681105
7.857644359
7.857607685
7.857571143
7.857534793
7.857498692
7.857462899
7.857427469
7.857392458
7.857357922
7.857323913
7.857290485
7.879252095
7.879251421
7.87924994
7.879247692
7.879244688
7.879240936
7.879236443
7.879231218
7.87922527
7.879218609
7.879211247
7.879203198
7.879194475
7.879185093
7.879175069
7.87916442
7.879153164
7.879141321
7.87912891
7.879115955
7.879102475
7.879088496
7.87907404
7.879059133
7.879043799
7.879028065
7.879011957
7.878995503
7.878978731
7.878961669
7.878944345
7.878926788
7.878909029
7.878891097
7.878873021
7.878854831
7.878836558
7.878818231
7.878799881
7.878781538
7.878763231
7.87874499
7.878726844
7.878708823
7.878690955
7.878673269
7.878655792
7.878638552
7.878621575
7.878604888
7.900319553
7.900319217
7.900318477
7.900317355
7.900315856
7.900313983
7.90031174
7.900309131
7.900306162
7.900302837
7.900299162
7.900295144
7.90029079
7.900286107
7.900281103
7.900275787
7.900270168
7.900264256
7.900258061
7.900251593
7.900244865
7.900237886
7.90023067
7.900223228
7.900215574
7.90020772
7.900199679
7.900191465
7.900183093
7.900174575
7.900165927
7.900157163
7.900148298
7.900139346
7.900130323
7.900121243
7.900112121
7.900102972
7.900093812
7.900084655
7.900075516
7.90006641
7.900057352
7.900048356
7.900039436
7.900030607
7.900021883
7.900013276
7.900004801
7.899996471
7.921624843
7.921624675
7.921624306
7.921623746
7.921622998
7.921622063
7.921620943
7.921619641
7.921618159
7.921616499
7.921614664
7.921612659
7.921610485
7.921608147
7.921605649
7.921602995
7.92160019
7.921597239
7.921594147
7.921590918
7.921587559
7.921584075
7.921580473
7.921576758
7.921572937
7.921569016
7.921565002
7.921560902
7.921556722
7.92155247
7.921548153
7.921543778
7.921539353
7.921534884
7.921530379
7.921525847
7.921521293
7.921516726
7.921512153
7.921507582
7.921503019
7.921498474
7.921493952
7.921489461
7.921485008
7.9214806
7.921476245
7.921471948
7.921467717
7.921463559
7.943086022
7.943085938
7.943085754
7.943085474
7.9430851
7.943084634
7.943084075
7.943083425
7.943082685
7.943081856
7.94308094
7.943079939
7.943078854
7.943077687
7.94307644
7.943075115
7.943073715
7.943072242
7.943070698
7.943069086
7.943067409
7.94306567
7.943063872
7.943062018
7.94306011
7.943058153
7.943056149
7.943054102
7.943052016
7.943049893
7.943047738
7.943045554
7.943043345
7.943041114
7.943038866
7.943036603
7.94303433
7.94303205
7.943029767
7.943027486
7.943025208
7.943022939
7.943020682
7.94301844
7.943016218
7.943014017
7.943011843
7.943009699
7.943007587
7.943005511
7.964662377
7.964662335
7.964662243
7.964662104
7.964661917
7.964661684
7.964661405
7.964661081
7.964660711
7.964660298
7.96465984
7.964659341
7.964658799
7.964658216
7.964657594
7.964656932
7.964656233
7.964655498
7.964654727
7.964653923
7.964653086
7.964652218
7.96465132
7.964650394
7.964649442
7.964648465
7.964647465
7.964646443
7.964645401
7.964644342
7.964643266
7.964642176
7.964641073
7.964639959
7.964638837
7.964637707
7.964636572
7.964635434
7.964634295
7.964633156
7.964632019
7.964630886
7.964629759
7.96462864
7.96462753
7.964626432
7.964625347
7.964624276
7.964623222
7.964622186
7.986333781
7.98633376
7.986333714
7.986333645
7.986333552
7.986333435
7.986333296
7.986333134
7.98633295
7.986332743
7.986332515
7.986332265
7.986331995
7.986331704
7.986331393
7.986331063
7.986330714
7.986330347
7.986329962
7.986329561
7.986329143
7.986328709
7.986328261
7.986327799
7.986327324
7.986326836
7.986326337
7.986325827
7.986325307
7.986324778
7.986324241
7.986323696
7.986323146
7.98632259
7.986322029
7.986321466
7.986320899
7.986320331
7.986319762
7.986319193
7.986318626
7.98631806
7.986317498
7.986316939
7.986316385
7.986315837
7.986315295
7.986314761
7.986314234
7.986313717
8.008090381
8.008090371
8.008090348
8.008090313
8.008090267
8.008090209
8.008090139
8.008090058
8.008089966
8.008089863
8.008089749
8.008089625
8.00808949
8.008089345
8.008089189
8.008089025
8.00808885
8.008088667
8.008088475
8.008088275
8.008088066
8.00808785
8.008087626
8.008087395
8.008087158
8.008086914
8.008086665
8.00808641
8.008086151
8.008085887
8.008085619
8.008085347
8.008085072
8.008084794
8.008084515
8.008084233
8.00808395
8.008083667
8.008083383
8.008083099
8.008082815
8.008082533
8.008082252
8.008081973
8.008081697
8.008081423
8.008081153
8.008080886
8.008080623
8.008080365
8.029927456
8.029927451
8.02992744
8.029927422
8.029927399
8.02992737
8.029927335
8.029927295
8.029927249
8.029927198
8.029927141
8.029927078
8.029927011
8.029926939
8.029926861
8.029926779
8.029926692
8.0299266
8.029926504
8.029926404
8.0299263
8.029926192
8.02992608
8.029925965
8.029925847
8.029925725
8.029925601
8.029925474
8.029925344
8.029925212
8.029925078
8.029924943
8.029924805
8.029924667
8.029924527
8.029924387
8.029924245
8.029924104
8.029923962
8.02992382
8.029923679
8.029923538
8.029923397
8.029923258
8.02992312
8.029922983
8.029922848
8.029922715
8.029922584
8.029922455
8.051842846
8.051842844
8.051842838
8.051842829
8.051842818
8.051842803
8.051842786
8.051842766
8.051842743
8.051842717
8.051842689
8.051842658
8.051842624
8.051842588
8.051842549
8.051842508
8.051842464
8.051842419
8.051842371
8.051842321
8.051842269
8.051842215
8.051842159
8.051842102
8.051842042
8.051841982
8.05184192
8.051841856
8.051841791
8.051841726
8.051841659
8.051841591
8.051841522
8.051841453
8.051841383
8.051841313
8.051841243
8.051841172
8.051841101
8.05184103
8.05184096
8.051840889
8.051840819
8.05184075
8.051840681
8.051840612
8.051840545
8.051840478
8.051840413
8.051840348
8.073835673
8.073835671
8.073835669
8.073835664
8.073835658
8.073835651
8.073835643
8.073835633
8.073835621
8.073835608
8.073835594
8.073835579
8.073835562
8.073835544
8.073835524
8.073835504
8.073835482
8.073835459
8.073835435
8.07383541
8.073835384
8.073835358
8.07383533
8.073835301
8.073835271
8.073835241
8.07383521
8.073835178
8.073835146
8.073835113
8.07383508
8.073835046
8.073835012
8.073834977
8.073834942
8.073834907
8.073834872
8.073834836
8.073834801
8.073834766
8.07383473
8.073834695
8.07383466
8.073834625
8.07383459
8.073834556
8.073834522
8.073834489
8.073834456
8.073834424
8.095905697
8.095905697
8.095905695
8.095905693
8.09590569
8.095905687
8.095905682
8.095905677
8.095905672
8.095905665
8.095905658
8.09590565
8.095905642
8.095905633
8.095905623
8.095905613
8.095905602
8.095905591
8.095905579
8.095905567
8.095905554
8.09590554
8.095905526
8.095905512
8.095905497
8.095905482
8.095905467
8.095905451
8.095905435
8.095905419
8.095905402
8.095905385
8.095905368
8.095905351
8.095905334
8.095905316
8.095905299
8.095905281
8.095905264
8.095905246
8.095905229
8.095905211
8.095905194
8.095905177
8.09590516
8.095905143
8.095905126
8.09590511
8.095905094
8.095905078
8.118053003
8.118053002
8.118053002
8.118053001
8.118052999
8.118052997
8.118052995
8.118052993
8.11805299
8.118052987
8.118052983
8.118052979
8.118052975
8.118052971
8.118052966
8.118052961
8.118052955
8.11805295
8.118052944
8.118052938
8.118052931
8.118052924
8.118052917
8.11805291
8.118052903
8.118052895
8.118052888
8.11805288
8.118052872
8.118052864
8.118052855
8.118052847
8.118052839
8.11805283
8.118052821
8.118052813
8.118052804
8.118052795
8.118052786
8.118052778
8.118052769
8.11805276
8.118052752
8.118052743
8.118052734
8.118052726
8.118052718
8.11805271
8.118052701
8.118052694
8.140277833
8.140277833
8.140277833
8.140277832
8.140277832
8.140277831
8.14027783
8.140277828
8.140277827
8.140277825
8.140277824
8.140277822
8.14027782
8.140277817
8.140277815
8.140277812
8.14027781
8.140277807
8.140277804
8.140277801
8.140277798
8.140277794
8.140277791
8.140277787
8.140277784
8.14027778
8.140277776
8.140277772
8.140277768
8.140277764
8.14027776
8.140277756
8.140277751
8.140277747
8.140277743
8.140277738
8.140277734
8.14027773
8.140277725
8.140277721
8.140277717
8.140277712
8.140277708
8.140277704
8.140277699
8.140277695
8.140277691
8.140277687
8.140277683
8.140277679
8.162580517
8.162580516
8.162580516
8.162580516
8.162580516
8.162580515
8.162580515
8.162580514
8.162580513
8.162580513
8.162580512
8.162580511
8.16258051
8.162580509
8.162580507
8.162580506
8.162580505
8.162580503
8.162580502
8.1625805
8.162580499
8.162580497
8.162580495
8.162580493
8.162580492
8.16258049
8.162580488
8.162580486
8.162580484
8.162580482
8.16258048
8.162580477
8.162580475
8.162580473
8.162580471
8.162580469
8.162580467
8.162580464
8.162580462
8.16258046
8.162580458
8.162580456
8.162580453
8.162580451
8.162580449
8.162580447
8.162580445
8.162580443
8.162580441
8.162580439
8.184961422
8.184961422
8.184961422
8.184961422
8.184961422
8.184961421
8.184961421
8.184961421
8.18496142
8.18496142
8.18496142
8.184961419
8.184961419
8.184961418
8.184961417
8.184961417
8.184961416
8.184961415
8.184961415
8.184961414
8.184961413
8.184961412
8.184961411
8.18496141
8.184961409
8.184961408
8.184961407
8.184961406
8.184961405
8.184961404
8.184961403
8.184961402
8.184961401
8.1849614
8.184961399
8.184961398
8.184961397
8.184961395
8.184961394
8.184961393
8.184961392
8.184961391
8.18496139
8.184961389
8.184961387
8.184961386
8.184961385
8.184961384
8.184961383
8.184961382
8.207420942
8.207420942
8.207420942
8.207420942
8.207420942
8.207420942
8.207420942
8.207420942
8.207420941
8.207420941
8.207420941
8.207420941
8.207420941
8.20742094
8.20742094
8.20742094
8.207420939
8.207420939
8.207420939
8.207420938
8.207420938
8.207420937
8.207420937
8.207420936
8.207420936
8.207420935
8.207420935
8.207420934
8.207420934
8.207420933
8.207420933
8.207420932
8.207420932
8.207420931
8.20742093
8.20742093
8.207420929
8.207420928
8.207420928
8.207420927
8.207420927
8.207420926
8.207420925
8.207420925
8.207420924
8.207420923
8.207420922
8.207420922
8.207420921
8.20742092
8.229959482
8.229959482
8.229959482
8.229959482
8.229959482
8.229959482
8.229959482
8.229959482
8.229959482
8.229959481
8.229959481
8.229959481
8.229959481
8.229959481
8.229959481
8.229959481
8.229959481
8.22995948
8.22995948
8.22995948
8.22995948
8.22995948
8.229959479
8.229959479
8.229959479
8.229959479
8.229959479
8.229959478
8.229959478
8.229959478
8.229959478
8.229959478
8.229959477
8.229959477
8.229959477
8.229959477
8.229959477
8.229959476
8.229959476
8.229959476
8.229959476
8.229959476
8.229959476
8.229959475
8.229959475
8.229959475
8.229959475
8.229959475
8.229959475
8.229959475
8.252577453
8.252577453
8.252577453
8.252577453
8.252577453
8.252577453
8.252577453
8.252577453
8.252577453
8.252577453
8.252577453
8.252577453
8.252577453
8.252577453
8.252577453
8.252577453
8.252577453
8.252577452
8.252577452
8.252577452
8.252577452
8.252577452
8.252577452
8.252577452
8.252577452
8.252577452
8.252577452
8.252577452
8.252577452
8.252577451
8.252577451
8.252577451
8.252577451
8.252577451
8.252577451
8.252577451
8.252577451
8.252577451
8.252577451
8.252577451
8.252577451
8.25257745
8.25257745
8.25257745
8.25257745
8.25257745
8.25257745
8.25257745
8.25257745
8.25257745
8.275275274
8.275275274
8.275275274
8.275275274
8.275275274
8.275275274
8.275275274
8.275275274
8.275275274
8.275275274
8.275275274
8.275275274
8.275275274
8.275275274
8.275275274
8.275275274
8.275275274
8.275275274
8.275275274
8.275275274
8.275275273
8.275275273
8.275275273
8.275275273
8.275275273
8.275275273
8.275275273
8.275275273
8.275275273
8.275275273
8.275275273
8.275275273
8.275275273
8.275275273
8.275275273
8.275275273
8.275275273
8.275275273
8.275275273
8.275275273
8.275275273
8.275275273
8.275275273
8.275275272
8.275275272
8.275275272
8.275275272
8.275275272
8.275275272
8.275275272
8.298053367
8.298053367
8.298053367
8.298053367
8.298053367
8.298053367
8.298053367
8.298053367
8.298053367
8.298053367
8.298053367
8.298053367
8.298053367
8.298053367
8.298053367
8.298053367
8.298053367
8.298053367
8.298053367
8.298053367
8.298053367
8.298053367
8.298053367
8.298053367
8.298053366
8.298053366
8.298053366
8.298053366
8.298053366
8.298053366
8.298053366
8.298053366
8.298053366
8.298053366
8.298053366
8.298053366
8.298053366
8.298053366
8.298053366
8.298053366
8.298053366
8.298053366
8.298053366
8.298053366
8.298053366
8.298053366
8.298053366
8.298053366
8.298053366
8.298053366
8.320912158
8.320912158
8.320912158
8.320912158
8.320912158
8.320912158
8.320912158
8.320912158
8.320912158
8.320912158
8.320912158
8.320912158
8.320912158
8.320912158
8.320912158
8.320912158
8.320912158
8.320912158
8.320912158
8.320912158
8.320912158
8.320912158
8.320912158
8.320912158
8.320912158
8.320912158
8.320912158
8.320912158
8.320912158
8.320912158
8.320912158
8.320912158
8.320912158
8.320912158
8.320912157
8.320912157
8.320912157
8.320912157
8.320912157
8.320912157
8.320912157
8.320912157
8.320912157
8.320912157
8.320912157
8.320912157
8.320912157
8.320912157
8.320912157
8.320912157
8.343852077
8.343852077
8.343852077
8.343852077
8.343852077
8.343852077
8.343852077
8.343852077
8.343852077
8.343852077
8.343852077
8.343852077
8.343852077
8.343852077
8.343852077
8.343852077
8.343852077
8.343852077
8.343852077
8.343852077
8.343852077
8.343852077
8.343852077
8.343852077
8.343852077
8.343852077
8.343852077
8.343852077
8.343852077
8.343852077
8.343852077
8.343852077
8.343852077
8.343852077
8.343852077
8.343852076
8.343852076
8.343852076
8.343852076
8.343852076
8.343852076
8.343852076
8.343852076
8.343852076
8.343852076
8.343852076
8.343852076
8.343852076
8.343852076
8.343852075
8.366873557
8.366873557
8.366873557
8.366873557
8.366873557
8.366873557
8.366873557
8.366873557
8.366873557
8.366873557
8.366873557
8.366873557
8.366873557
8.366873557
8.366873557
8.366873557
8.366873557
8.366873557
8.366873557
8.366873557
8.366873557
8.366873557
8.366873557
8.366873557
8.366873557
8.366873557
8.366873557
8.366873557
8.366873557
8.366873557
8.366873557
8.366873557
8.366873556
8.366873556
8.366873556
8.366873556
8.366873556
8.366873556
8.366873556
8.366873556
8.366873556
8.366873556
8.366873556
8.366873555
8.366873555
8.366873555
8.366873555
8.366873555
8.366873554
8.366873554
8.389977033
8.389977033
8.389977033
8.389977033
8.389977033
8.389977033
8.389977033
8.389977033
8.389977033
8.389977033
8.389977033
8.389977033
8.389977033
8.389977033
8.389977033
8.389977033
8.389977033
8.389977033
8.389977033
8.389977033
8.389977033
8.389977033
8.389977033
8.389977033
8.389977033
8.389977033
8.389977033
8.389977033
8.389977033
8.389977033
8.389977034
8.389977034
8.389977034
8.389977034
8.389977034
8.389977034
8.389977034
8.389977034
8.389977034
8.389977034
8.389977034
8.389977034
8.389977035
8.389977035
8.389977035
8.389977035
8.389977035
8.389977035
8.389977036
8.389977036
8.413162943
8.413162943
8.413162943
8.413162943
8.413162943
8.413162943
8.413162943
8.413162943
8.413162943
8.413162943
8.413162943
8.413162943
8.413162943
8.413162943
8.413162943
8.413162943
8.413162943
8.413162943
8.413162943
8.413162943
8.413162943
8.413162944
8.413162944
8.413162944
8.413162944
8.413162944
8.413162944
8.413162944
8.413162944
8.413162944
8.413162944
8.413162944
8.413162944
8.413162944
8.413162944
8.413162944
8.413162944
8.413162944
8.413162944
8.413162944
8.413162944
8.413162944
8.413162944
8.413162944
8.413162945
8.413162945
8.413162945
8.413162945
8.413162945
8.413162945
8.43643173
8.43643173
8.43643173
8.43643173
8.43643173
8.43643173
8.43643173
8.43643173
8.43643173
8.43643173
8.43643173
8.43643173
8.43643173
8.43643173
8.43643173
8.43643173
8.43643173
8.43643173
8.43643173
8.43643173
8.43643173
8.43643173
8.43643173
8.43643173
8.43643173
8.43643173
8.43643173
8.43643173
8.43643173
8.43643173
8.43643173
8.43643173
8.43643173
8.43643173
8.43643173
8.43643173
8.43643173
8.43643173
8.43643173
8.43643173
8.43643173
8.43643173
8.43643173
8.43643173
8.43643173
8.43643173
8.43643173
8.43643173
8.43643173
8.43643173
8.459783838
8.459783838
8.459783838
8.459783838
8.459783838
8.459783838
8.459783838
8.459783838
8.459783838
8.459783838
8.459783838
8.459783838
8.459783838
8.459783838
8.459783838
8.459783838
8.459783838
8.459783838
8.459783838
8.459783838
8.459783838
8.459783838
8.459783838
8.459783838
8.459783838
8.459783838
8.459783838
8.459783838
8.459783838
8.459783838
8.459783838
8.459783838
8.459783838
8.459783838
8.459783838
8.459783838
8.459783838
8.459783838
8.459783838
8.459783838
8.459783838
8.459783838
8.459783838
8.459783838
8.459783838
8.459783838
8.459783838
8.459783838
8.459783838
8.459783838
8.483219716
8.483219716
8.483219716
8.483219716
8.483219716
8.483219716
8.483219716
8.483219716
8.483219716
8.483219715
8.483219715
8.483219715
8.483219715
8.483219715
8.483219715
8.483219715
8.483219715
8.483219715
8.483219715
8.483219715
8.483219715
8.483219715
8.483219715
8.483219715
8.483219715
8.483219715
8.483219715
8.483219715
8.483219715
8.483219715
8.483219715
8.483219715
8.483219715
8.483219715
8.483219715
8.483219715
8.483219715
8.483219715
8.483219715
8.483219715
8.483219715
8.483219715
8.483219715
8.483219715
8.483219715
8.483219715
8.483219715
8.483219715
8.483219715
8.483219715
8.506739815
8.506739815
8.506739815
8.506739815
8.506739815
8.506739815
8.506739815
8.506739815
8.506739815
8.506739815
8.506739815
8.506739815
8.506739815
8.506739815
8.506739815
8.506739815
8.506739815
8.506739815
8.506739815
8.506739815
8.506739815
8.506739815
8.506739815
8.506739815
8.506739815
8.506739815
8.506739815
8.506739815
8.506739815
8.506739815
8.506739815
8.506739815
8.506739815
8.506739815
8.506739815
8.506739815
8.506739815
8.506739814
8.506739814
8.506739814
8.506739814
8.506739814
8.506739814
8.506739814
8.506739814
8.506739814
8.506739814
8.506739814
8.506739814
8.506739814
8.530344592
8.530344592
8.530344592
8.530344592
8.530344592
8.530344592
8.530344592
8.530344592
8.530344592
8.530344592
8.530344592
8.530344592
8.530344592
8.530344592
8.530344592
8.530344592
8.530344592
8.530344592
8.530344592
8.530344592
8.530344592
8.530344592
8.530344592
8.530344592
8.530344592
8.530344592
8.530344592
8.530344592
8.530344592
8.530344592
8.530344592
8.530344592
8.530344592
8.530344591
8.530344591
8.530344591
8.530344591
8.530344591
8.530344591
8.530344591
8.530344591
8.530344591
8.530344591
8.53034459
8.53034459
8.53034459
8.53034459
8.53034459
8.530344589
8.530344589
8.554034504
8.554034504
8.554034504
8.554034504
8.554034504
8.554034504
8.554034504
8.554034504
8.554034504
8.554034504
8.554034504
8.554034504
8.554034504
8.554034504
8.554034504
8.554034504
8.554034504
8.554034504
8.554034504
8.554034504
8.554034504
8.554034504
8.554034504
8.554034504
8.554034504
8.554034504
8.554034504
8.554034504
8.554034504
8.554034504
8.554034504
8.554034504
8.554034504
8.554034504
8.554034504
8.554034505
8.554034505
8.554034505
8.554034505
8.554034505
8.554034505
8.554034505
8.554034505
8.554034505
8.554034506
8.554034506
8.554034506
8.554034506
8.554034506
8.554034507
8.577810011
8.577810011
8.577810011
8.577810011
8.577810011
8.577810011
8.577810011
8.577810011
8.577810011
8.577810011
8.577810011
8.577810011
8.577810011
8.577810011
8.577810011
8.577810011
8.577810011
8.577810011
8.577810011
8.577810011
8.577810011
8.577810011
8.577810011
8.577810011
8.577810011
8.577810011
8.577810011
8.577810011
8.577810011
8.577810012
8.577810012
8.577810012
8.577810012
8.577810012
8.577810012
8.577810012
8.577810012
8.577810012
8.577810012
8.577810012
8.577810012
8.577810012
8.577810012
8.577810012
8.577810012
8.577810012
8.577810012
8.577810013
8.577810013
8.577810013
8.601671579
8.601671579
8.601671579
8.601671579
8.601671579
8.601671579
8.601671579
8.601671579
8.601671579
8.601671579
8.601671579
8.601671579
8.601671579
8.601671579
8.601671579
8.601671579
8.601671579
8.601671579
8.601671579
8.601671579
8.601671579
8.601671579
8.601671579
8.601671579
8.601671579
8.601671579
8.601671579
8.601671579
8.601671579
8.601671579
8.601671579
8.601671579
8.601671579
8.601671579
8.601671579
8.601671579
8.601671579
8.601671579
8.601671579
8.601671579
8.601671579
8.601671579
8.601671579
8.601671579
8.601671579
8.601671579
8.601671579
8.601671579
8.601671579
8.601671579
8.625619675
8.625619675
8.625619675
8.625619675
8.625619675
8.625619675
8.625619675
8.625619675
8.625619675
8.625619675
8.625619675
8.625619675
8.625619675
8.625619675
8.625619675
8.625619675
8.625619675
8.625619675
8.625619675
8.625619675
8.625619675
8.625619675
8.625619675
8.625619675
8.625619675
8.625619675
8.625619675
8.625619675
8.625619675
8.625619675
8.625619675
8.625619675
8.625619675
8.625619675
8.625619675
8.625619675
8.625619675
8.625619675
8.625619675
8.625619675
8.625619675
8.625619675
8.625619675
8.625619675
8.625619675
8.625619675
8.625619675
8.625619675
8.625619675
8.625619675
8.649654772
8.649654772
8.649654772
8.649654772
8.649654772
8.649654772
8.649654772
8.649654772
8.649654772
8.649654772
8.649654772
8.649654772
8.649654772
8.649654772
8.649654772
8.649654772
8.649654772
8.649654772
8.649654772
8.649654772
8.649654772
8.649654772
8.649654772
8.649654772
8.649654772
8.649654772
8.649654772
8.649654772
8.649654772
8.649654772
8.649654772
8.649654772
8.649654771
8.649654771
8.649654771
8.649654771
8.649654771
8.649654771
8.649654771
8.649654771
8.649654771
8.649654771
8.649654771
8.649654771
8.649654771
8.649654771
8.649654771
8.649654771
8.649654771
8.64965477
8.673777345
8.673777345
8.673777345
8.673777345
8.673777345
8.673777345
8.673777345
8.673777345
8.673777345
8.673777345
8.673777345
8.673777345
8.673777345
8.673777345
8.673777345
8.673777345
8.673777345
8.673777345
8.673777344
8.673777344
8.673777344
8.673777344
8.673777344
8.673777344
8.673777344
8.673777344
8.673777344
8.673777344
8.673777344
8.673777344
8.673777344
8.673777344
8.673777344
8.673777344
8.673777344
8.673777344
8.673777344
8.673777344
8.673777344
8.673777343
8.673777343
8.673777343
8.673777343
8.673777343
8.673777343
8.673777343
8.673777342
8.673777342
8.673777342
8.673777342
8.697987871
8.697987871
8.697987871
8.697987871
8.697987871
8.697987871
8.697987871
8.697987871
8.697987871
8.697987871
8.697987871
8.697987871
8.697987871
8.697987871
8.697987871
8.697987871
8.697987871
8.697987871
8.697987871
8.697987871
8.697987871
8.697987871
8.697987871
8.697987871
8.697987872
8.697987872
8.697987872
8.697987872
8.697987872
8.697987872
8.697987872
8.697987872
8.697987872
8.697987872
8.697987872
8.697987872
8.697987872
8.697987872
8.697987872
8.697987872
8.697987873
8.697987873
8.697987873
8.697987873
8.697987873
8.697987873
8.697987874
8.697987874
8.697987874
8.697987874
8.722286833
8.722286833
8.722286833
8.722286833
8.722286833
8.722286833
8.722286833
8.722286833
8.722286833
8.722286833
8.722286833
8.722286833
8.722286833
8.722286833
8.722286833
8.722286833
8.722286833
8.722286833
8.722286833
8.722286833
8.722286833
8.722286833
8.722286833
8.722286833
8.722286833
8.722286834
8.722286834
8.722286834
8.722286834
8.722286834
8.722286834
8.722286834
8.722286834
8.722286834
8.722286834
8.722286834
8.722286834
8.722286834
8.722286834
8.722286834
8.722286834
8.722286834
8.722286834
8.722286834
8.722286835
8.722286835
8.722286835
8.722286835
8.722286835
8.722286835
8.746674716
8.746674716
8.746674716
8.746674716
8.746674716
8.746674716
8.746674716
8.746674716
8.746674716
8.746674716
8.746674716
8.746674716
8.746674716
8.746674716
8.746674716
8.746674716
8.746674716
8.746674716
8.746674716
8.746674716
8.746674716
8.746674716
8.746674716
8.746674716
8.746674716
8.746674716
8.746674716
8.746674716
8.746674716
8.746674716
8.746674716
8.746674716
8.746674716
8.746674716
8.746674716
8.746674716
8.746674716
8.746674716
8.746674716
8.746674716
8.746674716
8.746674716
8.746674716
8.746674716
8.746674716
8.746674716
8.746674716
8.746674716
8.746674716
8.746674716
8.771152008
8.771152008
8.771152008
8.771152008
8.771152008
8.771152008
8.771152008
8.771152008
8.771152008
8.771152008
8.771152008
8.771152008
8.771152008
8.771152008
8.771152008
8.771152008
8.771152008
8.771152008
8.771152008
8.771152008
8.771152008
8.771152008
8.771152008
8.771152008
8.771152008
8.771152008
8.771152008
8.771152008
8.771152008
8.771152008
8.771152008
8.771152008
8.771152008
8.771152008
8.771152008
8.771152008
8.771152008
8.771152008
8.771152008
8.771152008
8.771152008
8.771152008
8.771152008
8.771152008
8.771152008
8.771152008
8.771152008
8.771152008
8.771152008
8.771152008
8.795719203
8.795719203
8.795719203
8.795719203
8.795719203
8.795719203
8.795719203
8.795719203
8.795719203
8.795719203
8.795719203
8.795719203
8.795719203
8.795719203
8.795719203
8.795719203
8.795719203
8.795719203
8.795719203
8.795719203
8.795719203
8.795719203
8.795719203
8.795719203
8.795719203
8.795719203
8.795719203
8.795719203
8.795719203
8.795719203
8.795719203
8.795719203
8.795719203
8.795719203
8.795719203
8.795719203
8.795719203
8.795719203
8.795719203
8.795719203
8.795719203
8.795719203
8.795719203
8.795719203
8.795719202
8.795719202
8.795719202
8.795719202
8.795719202
8.795719202
8.820376797
8.820376797
8.820376797
8.820376797
8.820376797
8.820376797
8.820376797
8.820376797
8.820376797
8.820376797
8.820376797
8.820376797
8.820376797
8.820376797
8.820376797
8.820376797
8.820376797
8.820376797
8.820376797
8.820376797
8.820376797
8.820376797
8.820376797
8.820376797
8.820376797
8.820376797
8.820376797
8.820376797
8.820376797
8.820376797
8.820376797
8.820376797
8.820376797
8.820376797
8.820376797
8.820376796
8.820376796
8.820376796
8.820376796
8.820376796
8.820376796
8.820376796
8.820376796
8.820376796
8.820376796
8.820376796
8.820376796
8.820376796
8.820376796
8.820376796
8.845125291
8.845125291
8.845125291
8.845125291
8.845125291
8.845125291
8.845125291
8.845125291
8.845125291
8.845125291
8.845125291
8.845125291
8.845125291
8.845125291
8.845125291
8.845125291
8.845125291
8.845125291
8.845125291
8.845125291
8.845125291
8.845125291
8.845125291
8.84512529
8.84512529
8.84512529
8.84512529
8.84512529
8.84512529
8.84512529
8.84512529
8.84512529
8.84512529
8.84512529
8.84512529
8.84512529
8.84512529
8.84512529
8.84512529
8.84512529
8.845125289
8.845125289
8.845125289
8.845125289
8.845125289
8.845125289
8.845125288
8.845125288
8.845125288
8.845125288
8.869965187
8.869965187
8.869965187
8.869965187
8.869965187
8.869965187
8.869965187
8.869965187
8.869965187
8.869965187
8.869965187
8.869965187
8.869965187
8.869965187
8.869965187
8.869965187
8.869965187
8.869965187
8.869965187
8.869965187
8.869965187
8.869965187
8.869965187
8.869965187
8.869965187
8.869965187
8.869965187
8.869965187
8.869965187
8.869965187
8.869965187
8.869965187
8.869965187
8.869965188
8.869965188
8.869965188
8.869965188
8.869965188
8.869965188
8.869965188
8.869965188
8.869965188
8.869965188
8.869965189
8.869965189
8.869965189
8.869965189
8.869965189
8.86996519
8.86996519
8.894896992
8.894896992
8.894896992
8.894896992
8.894896992
8.894896992
8.894896992
8.894896992
8.894896992
8.894896992
8.894896992
8.894896992
8.894896992
8.894896992
8.894896992
8.894896992
8.894896992
8.894896992
8.894896993
8.894896993
8.894896993
8.894896993
8.894896993
8.894896993
8.894896993
8.894896993
8.894896993
8.894896993
8.894896993
8.894896993
8.894896993
8.894896993
8.894896993
8.894896993
8.894896993
8.894896993
8.894896993
8.894896993
8.894896993
8.894896993
8.894896993
8.894896993
8.894896993
8.894896994
8.894896994
8.894896994
8.894896994
8.894896994
8.894896994
8.894896994
8.919921218
8.919921218
8.919921218
8.919921218
8.919921218
8.919921218
8.919921218
8.919921218
8.919921218
8.919921218
8.919921218
8.919921218
8.919921218
8.919921218
8.919921218
8.919921218
8.919921218
8.919921218
8.919921218
8.919921218
8.919921218
8.919921218
8.919921218
8.919921218
8.919921218
8.919921218
8.919921218
8.919921218
8.919921218
8.919921218
8.919921218
8.919921218
8.919921218
8.919921218
8.919921218
8.919921218
8.919921218
8.919921218
8.919921218
8.919921218
8.919921218
8.919921218
8.919921218
8.919921219
8.919921219
8.919921219
8.919921219
8.919921219
8.919921219
8.919921219
8.945038379
8.945038379
8.945038379
8.945038379
8.945038379
8.945038379
8.945038379
8.945038379
8.945038379
8.945038379
8.945038379
8.945038379
8.945038379
8.945038379
8.945038379
8.945038379
8.945038379
8.945038379
8.945038379
8.945038379
8.945038379
8.945038379
8.945038379
8.945038379
8.945038379
8.945038379
8.945038379
8.945038379
8.945038379
8.945038379
8.945038379
8.945038379
8.945038379
8.945038379
8.945038379
8.945038379
8.945038379
8.945038379
8.945038379
8.945038379
8.945038379
8.945038379
8.945038379
8.945038379
8.945038379
8.945038379
8.945038379
8.945038379
8.945038379
8.945038379
8.970248995
8.970248995
8.970248995
8.970248995
8.970248995
8.970248995
8.970248995
8.970248995
8.970248995
8.970248995
8.970248995
8.970248995
8.970248995
8.970248995
8.970248995
8.970248995
8.970248995
8.970248995
8.970248995
8.970248995
8.970248995
8.970248995
8.970248995
8.970248994
8.970248994
8.970248994
8.970248994
8.970248994
8.970248994
8.970248994
8.970248994
8.970248994
8.970248994
8.970248994
8.970248994
8.970248994
8.970248994
8.970248994
8.970248994
8.970248994
8.970248994
8.970248994
8.970248994
8.970248994
8.970248993
8.970248993
8.970248993
8.970248993
8.970248993
8.970248993
8.995553587
8.995553587
8.995553587
8.995553587
8.995553587
8.995553587
8.995553587
8.995553587
8.995553587
8.995553587
8.995553587
8.995553587
8.995553587
8.995553587
8.995553587
8.995553587
8.995553587
8.995553587
8.995553587
8.995553587
8.995553587
8.995553587
8.995553587
8.995553587
8.995553587
8.995553587
8.995553587
8.995553587
8.995553587
8.995553587
8.995553587
8.995553587
8.995553587
8.995553587
8.995553587
8.995553587
8.995553587
8.995553586
8.995553586
8.995553586
8.995553586
8.995553586
8.995553586
8.995553586
8.995553586
8.995553585
8.995553585
8.995553585
8.995553585
8.995553584
9.020952684
9.020952684
9.020952684
9.020952684
9.020952684
9.020952684
9.020952684
9.020952684
9.020952684
9.020952684
9.020952684
9.020952684
9.020952684
9.020952684
9.020952684
9.020952684
9.020952684
9.020952684
9.020952684
9.020952684
9.020952684
9.020952684
9.020952684
9.020952684
9.020952684
9.020952684
9.020952684
9.020952684
9.020952684
9.020952684
9.020952684
9.020952684
9.020952684
9.020952684
9.020952684
9.020952685
9.020952685
9.020952685
9.020952685
9.020952685
9.020952685
9.020952685
9.020952685
9.020952686
9.020952686
9.020952686
9.020952686
9.020952686
9.020952687
9.020952687
9.046446813
9.046446813
9.046446813
9.046446813
9.046446813
9.046446813
9.046446813
9.046446813
9.046446813
9.046446813
9.046446813
9.046446813
9.046446813
9.046446813
9.046446813
9.046446813
9.046446813
9.046446813
9.046446813
9.046446813
9.046446813
9.046446813
9.046446813
9.046446813
9.046446814
9.046446814
9.046446814
9.046446814
9.046446814
9.046446814
9.046446814
9.046446814
9.046446814
9.046446814
9.046446814
9.046446814
9.046446814
9.046446814
9.046446814
9.046446814
9.046446814
9.046446814
9.046446814
9.046446815
9.046446815
9.046446815
9.046446815
9.046446815
9.046446815
9.046446815
9.07203651
9.07203651
9.07203651
9.07203651
9.07203651
9.07203651
9.07203651
9.07203651
9.07203651
9.07203651
9.07203651
9.07203651
9.07203651
9.07203651
9.07203651
9.07203651
9.07203651
9.07203651
9.07203651
9.07203651
9.07203651
9.07203651
9.07203651
9.07203651
9.07203651
9.07203651
9.07203651
9.07203651
9.07203651
9.07203651
9.07203651
9.07203651
9.072036511
9.072036511
9.072036511
9.072036511
9.072036511
9.072036511
9.072036511
9.072036511
9.072036511
9.072036511
9.072036511
9.072036511
9.072036511
9.072036511
9.072036511
9.072036511
9.072036511
9.072036511
9.097722313
9.097722313
9.097722313
9.097722313
9.097722313
9.097722313
9.097722313
9.097722313
9.097722313
9.097722313
9.097722313
9.097722313
9.097722313
9.097722313
9.097722313
9.097722313
9.097722313
9.097722313
9.097722313
9.097722313
9.097722313
9.097722313
9.097722313
9.097722313
9.097722313
9.097722313
9.097722313
9.097722313
9.097722313
9.097722313
9.097722313
9.097722313
9.097722313
9.097722313
9.097722313
9.097722313
9.097722313
9.097722313
9.097722313
9.097722313
9.097722313
9.097722313
9.097722313
9.097722313
9.097722313
9.097722313
9.097722313
9.097722313
9.097722313
9.097722313
9.123504765
9.123504765
9.123504765
9.123504765
9.123504765
9.123504765
9.123504765
9.123504765
9.123504765
9.123504765
9.123504765
9.123504765
9.123504765
9.123504765
9.123504765
9.123504765
9.123504765
9.123504765
9.123504765
9.123504765
9.123504765
9.123504765
9.123504765
9.123504765
9.123504765
9.123504765
9.123504765
9.123504765
9.123504765
9.123504765
9.123504765
9.123504765
9.123504765
9.123504765
9.123504765
9.123504765
9.123504765
9.123504765
9.123504765
9.123504765
9.123504765
9.123504765
9.123504764
9.123504764
9.123504764
9.123504764
9.123504764
9.123504764
9.123504764
9.123504764
9.149384413
9.149384413
9.149384413
9.149384413
9.149384413
9.149384413
9.149384413
9.149384412
9.149384412
9.149384412
9.149384412
9.149384412
9.149384412
9.149384412
9.149384412
9.149384412
9.149384412
9.149384412
9.149384412
9.149384412
9.149384412
9.149384412
9.149384412
9.149384412
9.149384412
9.149384412
9.149384412
9.149384412
9.149384412
9.149384412
9.149384412
9.149384412
9.149384412
9.149384412
9.149384412
9.149384412
9.149384412
9.149384412
9.149384412
9.149384411
9.149384411
9.149384411
9.149384411
9.149384411
9.149384411
9.149384411
9.149384411
9.149384411
9.149384411
9.149384411
9.175361807
9.175361807
9.175361807
9.175361807
9.175361807
9.175361807
9.175361807
9.175361806
9.175361806
9.175361806
9.175361806
9.175361806
9.175361806
9.175361806
9.175361806
9.175361806
9.175361806
9.175361806
9.175361806
9.175361806
9.175361806
9.175361806
9.175361806
9.175361806
9.175361806
9.175361806
9.175361806
9.175361806
9.175361806
9.175361806
9.175361806
9.175361806
9.175361806
9.175361806
9.175361806
9.175361806
9.175361806
9.175361805
9.175361805
9.175361805
9.175361805
9.175361805
9.175361805
9.175361805
9.175361804
9.175361804
9.175361804
9.175361804
9.175361804
9.175361803
9.201437502
9.201437502
9.201437502
9.201437502
9.201437502
9.201437502
9.201437502
9.201437502
9.201437502
9.201437502
9.201437502
9.201437502
9.201437502
9.201437502
9.201437502
9.201437502
9.201437502
9.201437502
9.201437502
9.201437502
9.201437502
9.201437502
9.201437502
9.201437502
9.201437502
9.201437502
9.201437502
9.201437502
9.201437502
9.201437502
9.201437502
9.201437502
9.201437502
9.201437502
9.201437502
9.201437502
9.201437503
9.201437503
9.201437503
9.201437503
9.201437503
9.201437503
9.201437503
9.201437503
9.201437504
9.201437504
9.201437504
9.201437504
9.201437505
9.201437505
9.227612056
9.227612056
9.227612056
9.227612056
9.227612056
9.227612056
9.227612056
9.227612056
9.227612056
9.227612056
9.227612056
9.227612056
9.227612056
9.227612056
9.227612056
9.227612056
9.227612056
9.227612056
9.227612056
9.227612056
9.227612056
9.227612056
9.227612056
9.227612056
9.227612056
9.227612056
9.227612057
9.227612057
9.227612057
9.227612057
9.227612057
9.227612057
9.227612057
9.227612057
9.227612057
9.227612057
9.227612057
9.227612057
9.227612057
9.227612057
9.227612057
9.227612057
9.227612057
9.227612057
9.227612058
9.227612058
9.227612058
9.227612058
9.227612058
9.227612058
9.253886033
9.253886033
9.253886033
9.253886033
9.253886033
9.253886033
9.253886033
9.253886033
9.253886033
9.253886033
9.253886033
9.253886033
9.253886033
9.253886033
9.253886033
9.253886033
9.253886033
9.253886033
9.253886033
9.253886033
9.253886033
9.253886033
9.253886033
9.253886033
9.253886033
9.253886033
9.253886033
9.253886033
9.253886033
9.253886034
9.253886034
9.253886034
9.253886034
9.253886034
9.253886034
9.253886034
9.253886034
9.253886034
9.253886034
9.253886034
9.253886034
9.253886034
9.253886034
9.253886034
9.253886034
9.253886034
9.253886034
9.253886034
9.253886034
9.253886034
9.280260001
9.280260001
9.280260001
9.280260001
9.280260001
9.280260001
9.280260001
9.280260001
9.280260001
9.280260001
9.280260001
9.280260001
9.280260001
9.280260001
9.280260001
9.280260001
9.280260001
9.280260001
9.280260001
9.280260001
9.280260001
9.280260001
9.280260001
9.280260001
9.280260001
9.280260001
9.280260001
9.280260001
9.280260001
9.280260001
9.280260001
9.280260001
9.280260001
9.280260001
9.280260001
9.280260001
9.280260001
9.280260001
9.280260001
9.280260001
9.280260001
9.280260001
9.280260001
9.280260001
9.280260001
9.280260001
9.280260001
9.280260001
9.280260001
9.280260001
9.306734531
9.306734531
9.306734531
9.306734531
9.306734531
9.306734531
9.306734531
9.306734531
9.306734531
9.306734531
9.306734531
9.306734531
9.306734531
9.306734531
9.306734531
9.306734531
9.306734531
9.306734531
9.306734531
9.306734531
9.306734531
9.306734531
9.306734531
9.306734531
9.306734531
9.306734531
9.306734531
9.306734531
9.306734531
9.30673453
9.30673453
9.30673453
9.30673453
9.30673453
9.30673453
9.30673453
9.30673453
9.30673453
9.30673453
9.30673453
9.30673453
9.30673453
9.30673453
9.30673453
9.30673453
9.30673453
9.30673453
9.30673453
9.30673453
9.30673453
9.3333102
9.3333102
9.3333102
9.3333102
9.3333102
9.3333102
9.3333102
9.3333102
9.3333102
9.3333102
9.3333102
9.3333102
9.3333102
9.3333102
9.3333102
9.3333102
9.3333102
9.3333102
9.3333102
9.3333102
9.3333102
9.3333102
9.3333102
9.3333102
9.3333102
9.3333102
9.333310199
9.333310199
9.333310199
9.333310199
9.333310199
9.333310199
9.333310199
9.333310199
9.333310199
9.333310199
9.333310199
9.333310199
9.333310199
9.333310199
9.333310199
9.333310199
9.333310199
9.333310199
9.333310198
9.333310198
9.333310198
9.333310198
9.333310198
9.333310198
9.359987589
9.359987589
9.359987589
9.359987589
9.359987589
9.359987589
9.359987589
9.359987589
9.359987589
9.359987589
9.359987589
9.359987589
9.359987589
9.359987589
9.359987589
9.359987589
9.359987589
9.359987589
9.359987589
9.359987589
9.359987589
9.359987589
9.359987589
9.359987589
9.359987589
9.359987589
9.359987589
9.359987589
9.359987589
9.359987589
9.359987588
9.359987588
9.359987588
9.359987588
9.359987588
9.359987588
9.359987588
9.359987588
9.359987588
9.359987588
9.359987588
9.359987587
9.359987587
9.359987587
9.359987587
9.359987587
9.359987586
9.359987586
9.359987586
9.359987586
9.386767283
9.386767283
9.386767283
9.386767283
9.386767283
9.386767283
9.386767283
9.386767283
9.386767283
9.386767283
9.386767283
9.386767283
9.386767283
9.386767283
9.386767283
9.386767283
9.386767283
9.386767283
9.386767283
9.386767283
9.386767283
9.386767283
9.386767283
9.386767283
9.386767283
9.386767283
9.386767283
9.386767284
9.386767284
9.386767284
9.386767284
9.386767284
9.386767284
9.386767284
9.386767284
9.386767284
9.386767284
9.386767284
9.386767284
9.386767284
9.386767285
9.386767285
9.386767285
9.386767285
9.386767285
9.386767285
9.386767286
9.386767286
9.386767286
9.386767286
9.413649871
9.413649871
9.413649871
9.413649871
9.413649871
9.413649871
9.413649871
9.413649871
9.413649871
9.413649871
9.413649871
9.413649871
9.413649871
9.413649871
9.413649871
9.413649871
9.413649871
9.413649871
9.413649871
9.413649871
9.413649871
9.413649871
9.413649871
9.413649871
9.413649871
9.413649871
9.413649871
9.413649872
9.413649872
9.413649872
9.413649872
9.413649872
9.413649872
9.413649872
9.413649872
9.413649872
9.413649872
9.413649872
9.413649872
9.413649872
9.413649872
9.413649872
9.413649872
9.413649872
9.413649872
9.413649873
9.413649873
9.413649873
9.413649873
9.413649873
9.440635947
9.440635947
9.440635947
9.440635947
9.440635947
9.440635947
9.440635947
9.440635947
9.440635947
9.440635947
9.440635947
9.440635947
9.440635947
9.440635947
9.440635947
9.440635947
9.440635947
9.440635947
9.440635947
9.440635947
9.440635947
9.440635947
9.440635947
9.440635947
9.440635947
9.440635947
9.440635947
9.440635947
9.440635947
9.440635947
9.440635947
9.440635947
9.440635947
9.440635947
9.440635947
9.440635947
9.440635947
9.440635947
9.440635947
9.440635947
9.440635947
9.440635947
9.440635947
9.440635947
9.440635947
9.440635947
9.440635947
9.440635947
9.440635948
9.440635948
9.46772611
9.46772611
9.46772611
9.46772611
9.46772611
9.46772611
9.46772611
9.46772611
9.46772611
9.46772611
9.46772611
9.46772611
9.46772611
9.46772611
9.46772611
9.46772611
9.46772611
9.46772611
9.46772611
9.46772611
9.46772611
9.46772611
9.46772611
9.46772611
9.46772611
9.46772611
9.46772611
9.46772611
9.46772611
9.46772611
9.46772611
9.46772611
9.46772611
9.46772611
9.46772611
9.46772611
9.46772611
9.46772611
9.46772611
9.46772611
9.46772611
9.46772611
9.46772611
9.46772611
9.46772611
9.467726109
9.467726109
9.467726109
9.467726109
9.467726109
9.494920964
9.494920964
9.494920964
9.494920964
9.494920964
9.494920964
9.494920964
9.494920964
9.494920964
9.494920964
9.494920964
9.494920964
9.494920964
9.494920964
9.494920964
9.494920964
9.494920964
9.494920964
9.494920964
9.494920964
9.494920964
9.494920964
9.494920964
9.494920964
9.494920963
9.494920963
9.494920963
9.494920963
9.494920963
9.494920963
9.494920963
9.494920963
9.494920963
9.494920963
9.494920963
9.494920963
9.494920963
9.494920963
9.494920963
9.494920963
9.494920963
9.494920962
9.494920962
9.494920962
9.494920962
9.494920962
9.494920962
9.494920962
9.494920962
9.494920962
9.522221116
9.522221116
9.522221116
9.522221116
9.522221116
9.522221116
9.522221116
9.522221116
9.522221116
9.522221116
9.522221116
9.522221116
9.522221116
9.522221116
9.522221116
9.522221116
9.522221115
9.522221115
9.522221115
9.522221115
9.522221115
9.522221115
9.522221115
9.522221115
9.522221115
9.522221115
9.522221115
9.522221115
9.522221115
9.522221115
9.522221115
9.522221115
9.522221115
9.522221115
9.522221115
9.522221115
9.522221115
9.522221115
9.522221114
9.522221114
9.522221114
9.522221114
9.522221114
9.522221114
9.522221114
9.522221113
9.522221113
9.522221113
9.522221113
9.522221113
9.54962718
9.54962718
9.54962718
9.54962718
9.54962718
9.54962718
9.54962718
9.54962718
9.54962718
9.54962718
9.54962718
9.54962718
9.54962718
9.54962718
9.54962718
9.54962718
9.54962718
9.54962718
9.54962718
9.54962718
9.54962718
9.54962718
9.54962718
9.54962718
9.54962718
9.54962718
9.54962718
9.54962718
9.549627181
9.549627181
9.549627181
9.549627181
9.549627181
9.549627181
9.549627181
9.549627181
9.549627181
9.549627181
9.549627181
9.549627181
9.549627182
9.549627182
9.549627182
9.549627182
9.549627182
9.549627182
9.549627183
9.549627183
9.549627183
9.549627183
9.577139773
9.577139773
9.577139773
9.577139773
9.577139773
9.577139773
9.577139773
9.577139773
9.577139773
9.577139773
9.577139773
9.577139773
9.577139773
9.577139773
9.577139773
9.577139773
9.577139773
9.577139773
9.577139773
9.577139773
9.577139773
9.577139773
9.577139773
9.577139773
9.577139773
9.577139773
9.577139773
9.577139773
9.577139773
9.577139773
9.577139773
9.577139774
9.577139774
9.577139774
9.577139774
9.577139774
9.577139774
9.577139774
9.577139774
9.577139774
9.577139774
9.577139774
9.577139774
9.577139774
9.577139774
9.577139774
9.577139774
9.577139774
9.577139774
9.577139775
9.604759515
9.604759515
9.604759515
9.604759515
9.604759515
9.604759515
9.604759515
9.604759515
9.604759515
9.604759515
9.604759515
9.604759515
9.604759515
9.604759515
9.604759515
9.604759515
9.604759515
9.604759515
9.604759515
9.604759515
9.604759515
9.604759516
9.604759516
9.604759516
9.604759516
9.604759516
9.604759516
9.604759516
9.604759516
9.604759516
9.604759516
9.604759516
9.604759516
9.604759516
9.604759516
9.604759516
9.604759516
9.604759516
9.604759516
9.604759516
9.604759516
9.604759516
9.604759516
9.604759516
9.604759516
9.604759516
9.604759516
9.604759516
9.604759516
9.604759517
9.632487037
9.632487037
9.632487037
9.632487037
9.632487037
9.632487037
9.632487037
9.632487037
9.632487037
9.632487037
9.632487037
9.632487037
9.632487037
9.632487037
9.632487037
9.632487037
9.632487037
9.632487037
9.632487037
9.632487037
9.632487037
9.632487037
9.632487037
9.632487037
9.632487037
9.632487037
9.632487037
9.632487037
9.632487037
9.632487037
9.632487037
9.632487037
9.632487037
9.632487037
9.632487037
9.632487037
9.632487037
9.632487037
9.632487037
9.632487037
9.632487037
9.632487037
9.632487037
9.632487037
9.632487037
9.632487037
9.632487037
9.632487037
9.632487037
9.632487037
9.660322969
9.660322969
9.660322969
9.660322969
9.660322969
9.660322969
9.660322969
9.660322969
9.660322969
9.660322969
9.660322969
9.660322969
9.660322969
9.660322969
9.660322969
9.660322969
9.660322969
9.660322969
9.660322969
9.660322969
9.660322969
9.660322969
9.660322969
9.660322969
9.660322969
9.660322969
9.660322969
9.660322969
9.660322969
9.660322969
9.660322968
9.660322968
9.660322968
9.660322968
9.660322968
9.660322968
9.660322968
9.660322968
9.660322968
9.660322968
9.660322968
9.660322968
9.660322968
9.660322968
9.660322968
9.660322968
9.660322968
9.660322968
9.660322968
9.660322968
9.688267948
9.688267948
9.688267948
9.688267948
9.688267948
9.688267948
9.688267948
9.688267947
9.688267947
9.688267947
9.688267947
9.688267947
9.688267947
9.688267947
9.688267947
9.688267947
9.688267947
9.688267947
9.688267947
9.688267947
9.688267947
9.688267947
9.688267947
9.688267947
9.688267947
9.688267947
9.688267947
9.688267947
9.688267947
9.688267947
9.688267947
9.688267947
9.688267947
9.688267947
9.688267947
9.688267947
9.688267947
9.688267947
9.688267947
9.688267946
9.688267946
9.688267946
9.688267946
9.688267946
9.688267946
9.688267946
9.688267946
9.688267946
9.688267946
9.688267946
9.716322617
9.716322617
9.716322617
9.716322617
9.716322617
9.716322617
9.716322617
9.716322617
9.716322617
9.716322617
9.716322617
9.716322617
9.716322617
9.716322617
9.716322617
9.716322617
9.716322617
9.716322617
9.716322617
9.716322617
9.716322617
9.716322617
9.716322617
9.716322617
9.716322617
9.716322617
9.716322617
9.716322617
9.716322617
9.716322617
9.716322617
9.716322617
9.716322617
9.716322617
9.716322616
9.716322616
9.716322616
9.716322616
9.716322616
9.716322616
9.716322616
9.716322616
9.716322615
9.716322615
9.716322615
9.716322615
9.716322615
9.716322614
9.716322614
9.716322614
9.744487624
9.744487624
9.744487624
9.744487624
9.744487624
9.744487624
9.744487624
9.744487624
9.744487624
9.744487624
9.744487624
9.744487624
9.744487624
9.744487624
9.744487624
9.744487624
9.744487624
9.744487624
9.744487624
9.744487624
9.744487624
9.744487624
9.744487624
9.744487624
9.744487624
9.744487624
9.744487625
9.744487625
9.744487625
9.744487625
9.744487625
9.744487625
9.744487625
9.744487625
9.744487625
9.744487625
9.744487625
9.744487625
9.744487625
9.744487625
9.744487626
9.744487626
9.744487626
9.744487626
9.744487626
9.744487626
9.744487627
9.744487627
9.744487627
9.744487627
9.772763618
9.772763618
9.772763618
9.772763618
9.772763618
9.772763618
9.772763618
9.772763618
9.772763618
9.772763618
9.772763618
9.772763618
9.772763618
9.772763618
9.772763618
9.772763618
9.772763618
9.772763618
9.772763619
9.772763619
9.772763619
9.772763619
9.772763619
9.772763619
9.772763619
9.772763619
9.772763619
9.772763619
9.772763619
9.772763619
9.772763619
9.772763619
9.772763619
9.772763619
9.772763619
9.772763619
9.772763619
9.772763619
9.77276362
9.77276362
9.77276362
9.77276362
9.77276362
9.77276362
9.77276362
9.77276362
9.77276362
9.77276362
9.772763621
9.772763621
9.801151259
9.801151259
9.801151259
9.801151259
9.801151259
9.801151259
9.801151259
9.801151259
9.801151259
9.801151259
9.801151259
9.801151259
9.801151259
9.801151259
9.801151259
9.801151259
9.801151259
9.801151259
9.801151259
9.801151259
9.801151259
9.801151259
9.801151259
9.801151259
9.801151259
9.801151259
9.801151259
9.801151259
9.80115126
9.80115126
9.80115126
9.80115126
9.80115126
9.80115126
9.80115126
9.80115126
9.80115126
9.80115126
9.80115126
9.80115126
9.80115126
9.80115126
9.80115126
9.80115126
9.80115126
9.80115126
9.80115126
9.80115126
9.80115126
9.80115126
9.829651209
9.829651209
9.829651209
9.829651209
9.829651209
9.829651209
9.829651209
9.829651209
9.829651209
9.829651209
9.829651209
9.829651209
9.829651209
9.829651209
9.829651209
9.829651209
9.829651209
9.829651209
9.829651209
9.829651209
9.829651209
9.829651209
9.829651209
9.829651209
9.829651209
9.829651209
9.829651209
9.829651209
9.829651209
9.829651209
9.829651208
9.829651208
9.829651208
9.829651208
9.829651208
9.829651208
9.829651208
9.829651208
9.829651208
9.829651208
9.829651208
9.829651208
9.829651208
9.829651208
9.829651208
9.829651208
9.829651208
9.829651208
9.829651208
9.829651208
9.858264133
9.858264133
9.858264133
9.858264133
9.858264133
9.858264133
9.858264133
9.858264133
9.858264133
9.858264133
9.858264133
9.858264133
9.858264133
9.858264133
9.858264133
9.858264133
9.858264133
9.858264133
9.858264133
9.858264133
9.858264133
9.858264133
9.858264133
9.858264133
9.858264133
9.858264133
9.858264133
9.858264133
9.858264133
9.858264133
9.858264133
9.858264133
9.858264133
9.858264133
9.858264133
9.858264133
9.858264133
9.858264133
9.858264133
9.858264133
9.858264133
9.858264133
9.858264133
9.858264133
9.858264133
9.858264133
9.858264133
9.858264133
9.858264133
9.858264133
9.886990709
9.886990709
9.886990709
9.886990709
9.886990709
9.886990709
9.886990709
9.886990709
9.886990709
9.886990709
9.886990709
9.886990709
9.886990709
9.886990709
9.886990709
9.886990709
9.886990709
9.886990709
9.886990709
9.886990709
9.886990709
9.886990709
9.886990709
9.886990709
9.886990709
9.886990709
9.886990709
9.886990708
9.886990708
9.886990708
9.886990708
9.886990708
9.886990708
9.886990708
9.886990708
9.886990708
9.886990708
9.886990708
9.886990708
9.886990708
9.886990708
9.886990708
9.886990708
9.886990708
9.886990708
9.886990707
9.886990707
9.886990707
9.886990707
9.886990707
9.915831613
9.915831613
9.915831613
9.915831613
9.915831613
9.915831613
9.915831613
9.915831613
9.915831613
9.915831613
9.915831613
9.915831613
9.915831613
9.915831613
9.915831613
9.915831613
9.915831613
9.915831613
9.915831613
9.915831613
9.915831613
9.915831613
9.915831613
9.915831613
9.915831613
9.915831613
9.915831613
9.915831613
9.915831613
9.915831613
9.915831613
9.915831613
9.915831613
9.915831612
9.915831612
9.915831612
9.915831612
9.915831612
9.915831612
9.915831612
9.915831612
9.915831612
9.915831611
9.915831611
9.915831611
9.915831611
9.915831611
9.91583161
9.91583161
9.91583161
9.94478753
9.94478753
9.94478753
9.94478753
9.94478753
9.94478753
9.94478753
9.94478753
9.94478753
9.94478753
9.94478753
9.94478753
9.94478753
9.94478753
9.94478753
9.94478753
9.94478753
9.94478753
9.94478753
9.94478753
9.94478753
9.94478753
9.94478753
9.94478753
9.94478753
9.94478753
9.94478753
9.94478753
9.94478753
9.94478753
9.944787531
9.944787531
9.944787531
9.944787531
9.944787531
9.944787531
9.944787531
9.944787531
9.944787531
9.944787531
9.944787531
9.944787532
9.944787532
9.944787532
9.944787532
9.944787532
9.944787532
9.944787533
9.944787533
9.944787533
9.973859148
9.973859148
9.973859148
9.973859148
9.973859148
9.973859148
9.973859148
9.973859148
9.973859148
9.973859148
9.973859148
9.973859148
9.973859148
9.973859148
9.973859148
9.973859148
9.973859148
9.973859148
9.973859148
9.973859148
9.973859148
9.973859148
9.973859148
9.973859148
9.973859148
9.973859148
9.973859148
9.973859148
9.973859148
9.973859148
9.973859148
9.973859148
9.973859148
9.973859148
9.973859148
9.973859148
9.973859149
9.973859149
9.973859149
9.973859149
9.973859149
9.973859149
9.973859149
9.973859149
9.973859149
9.973859149
9.973859149
9.973859149
9.973859149
9.973859149
10.00304716
10.00304716
10.00304716
10.00304716
10.00304716
10.00304716
10.00304716
10.00304716
10.00304716
10.00304716
10.00304716
10.00304716
10.00304716
10.00304716
10.00304716
10.00304716
10.00304716
10.00304716
10.00304716
10.00304716
10.00304716
10.00304716
10.00304716
10.00304716
10.00304716
10.00304716
10.00304716
10.00304716
10.00304716
10.00304716
10.00304716
10.00304716
10.00304716
10.00304716
10.00304716
10.00304716
10.00304716
10.00304716
10.00304716
10.00304716
10.00304716
10.00304716
10.00304716
10.00304716
10.00304716
10.00304716
10.00304716
10.00304716
10.00304716
10.00304716
10.03235227
10.03235227
10.03235227
10.03235227
10.03235227
10.03235227
10.03235227
10.03235227
10.03235227
10.03235227
10.03235227
10.03235227
10.03235227
10.03235227
10.03235227
10.03235227
10.03235227
10.03235227
10.03235227
10.03235227
10.03235227
10.03235227
10.03235227
10.03235227
10.03235227
10.03235227
10.03235227
10.03235227
10.03235227
10.03235227
10.03235227
10.03235227
10.03235227
10.03235227
10.03235227
10.03235227
10.03235227
10.03235227
10.03235227
10.03235227
10.03235227
10.03235227
10.03235227
10.03235227
10.03235227
10.03235227
10.03235227
10.03235227
10.03235227
10.03235227
10.06177518
10.06177518
10.06177518
10.06177518
10.06177518
10.06177518
10.06177518
10.06177518
10.06177518
10.06177518
10.06177518
10.06177518
10.06177518
10.06177518
10.06177518
10.06177518
10.06177518
10.06177518
10.06177518
10.06177518
10.06177518
10.06177518
10.06177518
10.06177518
10.06177518
10.06177518
10.06177518
10.06177518
10.06177518
10.06177518
10.06177518
10.06177518
10.06177518
10.06177518
10.06177518
10.06177518
10.06177518
10.06177518
10.06177518
10.06177518
10.06177518
10.06177518
10.06177518
10.06177518
10.06177518
10.06177518
10.06177518
10.06177518
10.06177518
10.06177518
10.09131661
10.09131661
10.09131661
10.09131661
10.09131661
10.09131661
10.09131661
10.09131661
10.09131661
10.09131661
10.09131661
10.09131661
10.09131661
10.09131661
10.09131661
10.09131661
10.09131661
10.09131661
10.09131661
10.09131661
10.09131661
10.09131661
10.09131661
10.09131661
10.09131661
10.09131661
10.09131661
10.09131661
10.09131661
10.09131661
10.09131661
10.09131661
10.09131661
10.09131661
10.09131661
10.09131661
10.09131661
10.09131661
10.09131661
10.09131661
10.09131661
10.09131661
10.09131661
10.09131661
10.09131661
10.09131661
10.09131661
10.09131661
10.09131661
10.09131661
10.12097727
10.12097727
10.12097727
10.12097727
10.12097727
10.12097727
10.12097727
10.12097727
10.12097727
10.12097727
10.12097727
10.12097727
10.12097727
10.12097727
10.12097727
10.12097727
10.12097727
10.12097727
10.12097727
10.12097727
10.12097727
10.12097727
10.12097727
10.12097727
10.12097727
10.12097727
10.12097727
10.12097727
10.12097727
10.12097727
10.12097727
10.12097727
10.12097727
10.12097727
10.12097727
10.12097727
10.12097727
10.12097727
10.12097727
10.12097727
10.12097727
10.12097727
10.12097727
10.12097727
10.12097727
10.12097727
10.12097727
10.12097727
10.12097727
10.12097727
10.15075789
10.15075789
10.15075789
10.15075789
10.15075789
10.15075789
10.15075789
10.15075789
10.15075789
10.15075789
10.15075789
10.15075789
10.15075789
10.15075789
10.15075789
10.15075789
10.15075789
10.15075789
10.15075789
10.15075789
10.15075789
10.15075789
10.15075789
10.15075789
10.15075789
10.15075789
10.15075789
10.15075789
10.15075789
10.15075789
10.15075789
10.15075789
10.15075789
10.15075789
10.15075789
10.15075789
10.15075789
10.15075789
10.15075789
10.15075789
10.15075789
10.15075789
10.15075789
10.15075789
10.15075789
10.15075789
10.15075789
10.15075789
10.15075789
10.15075789
10.18065918
10.18065918
10.18065918
10.18065918
10.18065918
10.18065918
10.18065918
10.18065918
10.18065918
10.18065918
10.18065918
10.18065918
10.18065918
10.18065918
10.18065918
10.18065918
10.18065918
10.18065918
10.18065918
10.18065918
10.18065918
10.18065918
10.18065918
10.18065918
10.18065918
10.18065918
10.18065918
10.18065918
10.18065918
10.18065918
10.18065918
10.18065918
10.18065918
10.18065918
10.18065918
10.18065918
10.18065918
10.18065918
10.18065918
10.18065918
10.18065918
10.18065918
10.18065918
10.18065918
10.18065918
10.18065918
10.18065918
10.18065918
10.18065918
10.18065918
10.2106819
10.2106819
10.2106819
10.2106819
10.2106819
10.2106819
10.2106819
10.2106819
10.2106819
10.2106819
10.2106819
10.2106819
10.2106819
10.2106819
10.2106819
10.2106819
10.2106819
10.2106819
10.2106819
10.2106819
10.2106819
10.2106819
10.2106819
10.2106819
10.2106819
10.2106819
10.2106819
10.2106819
10.2106819
10.2106819
10.2106819
10.2106819
10.2106819
10.2106819
10.2106819
10.2106819
10.2106819
10.2106819
10.2106819
10.2106819
10.2106819
10.2106819
10.2106819
10.2106819
10.2106819
10.2106819
10.2106819
10.2106819
10.2106819
10.2106819
10.24082678
10.24082678
10.24082678
10.24082678
10.24082678
10.24082678
10.24082678
10.24082678
10.24082678
10.24082678
10.24082678
10.24082678
10.24082678
10.24082678
10.24082678
10.24082678
10.24082678
10.24082678
10.24082678
10.24082678
10.24082678
10.24082678
10.24082678
10.24082678
10.24082678
10.24082678
10.24082678
10.24082678
10.24082678
10.24082678
10.24082678
10.24082678
10.24082678
10.24082678
10.24082678
10.24082678
10.24082678
10.24082678
10.24082678
10.24082678
10.24082678
10.24082678
10.24082678
10.24082678
10.24082678
10.24082678
10.24082678
10.24082678
10.24082678
10.24082678
10.27109457
10.27109457
10.27109457
10.27109457
10.27109457
10.27109457
10.27109457
10.27109457
10.27109457
10.27109457
10.27109457
10.27109457
10.27109457
10.27109457
10.27109457
10.27109457
10.27109457
10.27109456
10.27109456
10.27109456
10.27109456
10.27109456
10.27109456
10.27109456
10.27109456
10.27109456
10.27109456
10.27109456
10.27109456
10.27109456
10.27109456
10.27109456
10.27109456
10.27109456
10.27109456
10.27109456
10.27109456
10.27109456
10.27109456
10.27109456
10.27109456
10.27109456
10.27109456
10.27109456
10.27109456
10.27109456
10.27109456
10.27109456
10.27109456
10.27109456
10.30148601
10.30148601
10.30148601
10.30148601
10.30148601
10.30148601
10.30148601
10.30148601
10.30148601
10.30148601
10.30148601
10.30148601
10.30148601
10.30148601
10.30148601
10.30148601
10.30148601
10.30148601
10.30148601
10.30148601
10.30148601
10.30148601
10.30148601
10.30148601
10.30148601
10.30148601
10.30148601
10.30148601
10.30148601
10.30148601
10.30148601
10.30148601
10.30148601
10.30148601
10.30148601
10.30148601
10.30148601
10.30148601
10.30148601
10.30148601
10.30148601
10.30148601
10.30148601
10.30148601
10.30148601
10.30148601
10.30148601
10.30148601
10.30148601
10.30148601
10.33200188
10.33200188
10.33200188
10.33200188
10.33200188
10.33200188
10.33200188
10.33200188
10.33200188
10.33200188
10.33200188
10.33200188
10.33200188
10.33200188
10.33200188
10.33200188
10.33200188
10.33200188
10.33200188
10.33200188
10.33200188
10.33200188
10.33200188
10.33200188
10.33200188
10.33200188
10.33200188
10.33200188
10.33200188
10.33200188
10.33200188
10.33200188
10.33200188
10.33200188
10.33200188
10.33200188
10.33200188
10.33200188
10.33200188
10.33200188
10.33200188
10.33200188
10.33200188
10.33200188
10.33200188
10.33200188
10.33200189
10.33200189
10.33200189
10.33200189
10.36264294
10.36264294
10.36264294
10.36264294
10.36264294
10.36264294
10.36264294
10.36264294
10.36264294
10.36264294
10.36264294
10.36264294
10.36264294
10.36264294
10.36264294
10.36264294
10.36264294
10.36264294
10.36264294
10.36264294
10.36264294
10.36264294
10.36264294
10.36264294
10.36264294
10.36264294
10.36264294
10.36264294
10.36264294
10.36264294
10.36264294
10.36264294
10.36264294
10.36264294
10.36264294
10.36264294
10.36264294
10.36264294
10.36264294
10.36264294
10.36264294
10.36264294
10.36264294
10.36264294
10.36264294
10.36264294
10.36264294
10.36264294
10.36264294
10.36264294
10.39340995
10.39340995
10.39340995
10.39340995
10.39340995
10.39340995
10.39340995
10.39340995
10.39340995
10.39340995
10.39340995
10.39340995
10.39340995
10.39340995
10.39340995
10.39340995
10.39340995
10.39340995
10.39340995
10.39340995
10.39340995
10.39340995
10.39340995
10.39340995
10.39340995
10.39340995
10.39340995
10.39340995
10.39340995
10.39340995
10.39340995
10.39340995
10.39340995
10.39340995
10.39340995
10.39340995
10.39340995
10.39340995
10.39340995
10.39340995
10.39340995
10.39340995
10.39340995
10.39340995
10.39340995
10.39340995
10.39340995
10.39340995
10.39340995
10.39340995
10.4243037
10.4243037
10.4243037
10.4243037
10.4243037
10.4243037
10.4243037
10.4243037
10.4243037
10.4243037
10.4243037
10.4243037
10.4243037
10.4243037
10.4243037
10.4243037
10.4243037
10.4243037
10.4243037
10.4243037
10.4243037
10.4243037
10.4243037
10.4243037
10.4243037
10.4243037
10.4243037
10.4243037
10.4243037
10.4243037
10.4243037
10.4243037
10.4243037
10.4243037
10.4243037
10.4243037
10.4243037
10.4243037
10.4243037
10.42430369
10.42430369
10.42430369
10.42430369
10.42430369
10.42430369
10.42430369
10.42430369
10.42430369
10.42430369
10.42430369
10.45532496
10.45532496
10.45532496
10.45532496
10.45532496
10.45532496
10.45532496
10.45532496
10.45532496
10.45532496
10.45532496
10.45532496
10.45532496
10.45532496
10.45532496
10.45532496
10.45532496
10.45532496
10.45532496
10.45532496
10.45532496
10.45532496
10.45532496
10.45532496
10.45532496
10.45532496
10.45532496
10.45532496
10.45532496
10.45532496
10.45532496
10.45532496
10.45532496
10.45532496
10.45532496
10.45532496
10.45532496
10.45532496
10.45532496
10.45532496
10.45532496
10.45532496
10.45532496
10.45532496
10.45532496
10.45532496
10.45532496
10.45532496
10.45532496
10.45532496
10.48647455
10.48647455
10.48647455
10.48647455
10.48647455
10.48647455
10.48647455
10.48647455
10.48647455
10.48647455
10.48647455
10.48647455
10.48647455
10.48647455
10.48647455
10.48647455
10.48647455
10.48647455
10.48647455
10.48647455
10.48647455
10.48647455
10.48647455
10.48647455
10.48647455
10.48647455
10.48647455
10.48647454
10.48647454
10.48647454
10.48647454
10.48647454
10.48647454
10.48647454
10.48647454
10.48647454
10.48647454
10.48647454
10.48647454
10.48647454
10.48647454
10.48647454
10.48647454
10.48647454
10.48647454
10.48647454
10.48647454
10.48647454
10.48647454
10.48647454
10.51775324
10.51775324
10.51775324
10.51775324
10.51775324
10.51775324
10.51775324
10.51775324
10.51775324
10.51775324
10.51775324
10.51775324
10.51775324
10.51775324
10.51775324
10.51775324
10.51775324
10.51775324
10.51775324
10.51775324
10.51775324
10.51775324
10.51775324
10.51775324
10.51775324
10.51775324
10.51775324
10.51775324
10.51775324
10.51775324
10.51775324
10.51775324
10.51775324
10.51775324
10.51775324
10.51775324
10.51775324
10.51775324
10.51775324
10.51775324
10.51775324
10.51775324
10.51775324
10.51775324
10.51775324
10.51775324
10.51775324
10.51775324
10.51775324
10.51775324
10.54916184
10.54916184
10.54916184
10.54916184
10.54916184
10.54916184
10.54916184
10.54916184
10.54916184
10.54916184
10.54916184
10.54916184
10.54916184
10.54916184
10.54916184
10.54916184
10.54916184
10.54916184
10.54916184
10.54916184
10.54916184
10.54916184
10.54916184
10.54916184
10.54916184
10.54916184
10.54916184
10.54916184
10.54916184
10.54916184
10.54916184
10.54916184
10.54916184
10.54916184
10.54916184
10.54916184
10.54916184
10.54916184
10.54916184
10.54916184
10.54916184
10.54916184
10.54916184
10.54916184
10.54916184
10.54916184
10.54916184
10.54916184
10.54916184
10.54916184
10.58070117
10.58070117
10.58070117
10.58070117
10.58070117
10.58070117
10.58070117
10.58070117
10.58070117
10.58070117
10.58070117
10.58070117
10.58070117
10.58070117
10.58070117
10.58070117
10.58070117
10.58070117
10.58070117
10.58070117
10.58070117
10.58070117
10.58070117
10.58070117
10.58070117
10.58070117
10.58070117
10.58070117
10.58070117
10.58070117
10.58070117
10.58070117
10.58070117
10.58070117
10.58070117
10.58070117
10.58070117
10.58070117
10.58070117
10.58070117
10.58070117
10.58070117
10.58070117
10.58070117
10.58070117
10.58070117
10.58070117
10.58070117
10.58070117
10.58070117
10.61237204
10.61237204
10.61237204
10.61237204
10.61237204
10.61237204
10.61237204
10.61237204
10.61237204
10.61237204
10.61237204
10.61237204
10.61237204
10.61237204
10.61237204
10.61237204
10.61237204
10.61237204
10.61237204
10.61237204
10.61237204
10.61237204
10.61237204
10.61237204
10.61237204
10.61237204
10.61237204
10.61237204
10.61237204
10.61237204
10.61237204
10.61237204
10.61237204
10.61237204
10.61237204
10.61237204
10.61237204
10.61237204
10.61237204
10.61237204
10.61237204
10.61237204
10.61237204
10.61237204
10.61237204
10.61237204
10.61237204
10.61237204
10.61237204
10.61237204
10.64417528
10.64417528
10.64417528
10.64417528
10.64417528
10.64417528
10.64417528
10.64417528
10.64417528
10.64417528
10.64417528
10.64417528
10.64417528
10.64417528
10.64417528
10.64417528
10.64417528
10.64417528
10.64417528
10.64417528
10.64417528
10.64417528
10.64417528
10.64417528
10.64417528
10.64417528
10.64417528
10.64417528
10.64417528
10.64417528
10.64417528
10.64417528
10.64417528
10.64417528
10.64417528
10.64417528
10.64417528
10.64417528
10.64417528
10.64417528
10.64417528
10.64417528
10.64417528
10.64417528
10.64417528
10.64417528
10.64417528
10.64417528
10.64417528
10.64417528
10.67611172
10.67611172
10.67611172
10.67611172
10.67611172
10.67611172
10.67611172
10.67611172
10.67611172
10.67611172
10.67611172
10.67611172
10.67611172
10.67611172
10.67611172
10.67611172
10.67611172
10.67611172
10.67611172
10.67611172
10.67611172
10.67611172
10.67611172
10.67611172
10.67611172
10.67611172
10.67611172
10.67611172
10.67611172
10.67611172
10.67611172
10.67611172
10.67611172
10.67611172
10.67611172
10.67611172
10.67611172
10.67611172
10.67611172
10.67611172
10.67611172
10.67611172
10.67611172
10.67611172
10.67611172
10.67611172
10.67611172
10.67611172
10.67611172
10.67611172
10.7081822
10.7081822
10.7081822
10.7081822
10.7081822
10.7081822
10.7081822
10.7081822
10.7081822
10.7081822
10.7081822
10.7081822
10.7081822
10.7081822
10.7081822
10.7081822
10.7081822
10.7081822
10.7081822
10.7081822
10.7081822
10.7081822
10.7081822
10.7081822
10.7081822
10.7081822
10.7081822
10.7081822
10.7081822
10.7081822
10.7081822
10.7081822
10.7081822
10.7081822
10.7081822
10.7081822
10.7081822
10.7081822
10.7081822
10.7081822
10.7081822
10.7081822
10.7081822
10.7081822
10.7081822
10.7081822
10.7081822
10.7081822
10.7081822
10.7081822
10.74038756
10.74038756
10.74038756
10.74038756
10.74038756
10.74038756
10.74038756
10.74038756
10.74038756
10.74038756
10.74038756
10.74038756
10.74038756
10.74038756
10.74038756
10.74038756
10.74038756
10.74038756
10.74038756
10.74038756
10.74038756
10.74038756
10.74038756
10.74038756
10.74038756
10.74038756
10.74038756
10.74038756
10.74038756
10.74038756
10.74038756
10.74038756
10.74038756
10.74038756
10.74038756
10.74038756
10.74038756
10.74038756
10.74038756
10.74038756
10.74038756
10.74038756
10.74038756
10.74038756
10.74038756
10.74038756
10.74038757
10.74038757
10.74038757
10.74038757
10.77272866
10.77272866
10.77272866
10.77272866
10.77272866
10.77272866
10.77272866
10.77272866
10.77272866
10.77272866
10.77272866
10.77272866
10.77272866
10.77272866
10.77272866
10.77272866
10.77272866
10.77272866
10.77272866
10.77272866
10.77272866
10.77272866
10.77272866
10.77272866
10.77272866
10.77272866
10.77272866
10.77272866
10.77272866
10.77272866
10.77272866
10.77272866
10.77272866
10.77272866
10.77272866
10.77272866
10.77272866
10.77272866
10.77272866
10.77272866
10.77272866
10.77272866
10.77272866
10.77272866
10.77272866
10.77272866
10.77272866
10.77272866
10.77272866
10.77272866
10.80520635
10.80520635
10.80520635
10.80520635
10.80520635
10.80520635
10.80520635
10.80520635
10.80520635
10.80520635
10.80520635
10.80520635
10.80520635
10.80520635
10.80520635
10.80520635
10.80520635
10.80520635
10.80520635
10.80520635
10.80520635
10.80520635
10.80520635
10.80520635
10.80520635
10.80520635
10.80520635
10.80520635
10.80520635
10.80520635
10.80520635
10.80520635
10.80520635
10.80520635
10.80520635
10.80520635
10.80520635
10.80520635
10.80520635
10.80520635
10.80520635
10.80520635
10.80520635
10.80520635
10.80520635
10.80520635
10.80520635
10.80520635
10.80520635
10.80520635
10.83782151
10.83782151
10.83782151
10.83782151
10.83782151
10.83782151
10.83782151
10.83782151
10.83782151
10.83782151
10.83782151
10.83782151
10.83782151
10.83782151
10.83782151
10.83782151
10.83782151
10.83782151
10.83782151
10.83782151
10.83782151
10.83782151
10.83782151
10.83782151
10.83782151
10.83782151
10.83782151
10.83782151
10.83782151
10.83782151
10.83782151
10.83782151
10.83782151
10.83782151
10.83782151
10.83782151
10.83782151
10.83782151
10.83782151
10.83782151
10.83782151
10.83782151
10.83782151
10.83782151
10.83782151
10.83782151
10.83782151
10.83782151
10.83782151
10.83782151
10.870575
10.870575
10.870575
10.870575
10.870575
10.870575
10.870575
10.870575
10.870575
10.870575
10.870575
10.870575
10.870575
10.870575
10.870575
10.870575
10.870575
10.870575
10.870575
10.870575
10.870575
10.870575
10.870575
10.870575
10.870575
10.870575
10.870575
10.870575
10.870575
10.870575
10.870575
10.870575
10.870575
10.870575
10.870575
10.870575
10.870575
10.870575
10.870575
10.870575
10.870575
10.870575
10.870575
10.870575
10.870575
10.870575
10.870575
10.870575
10.870575
10.870575
10.90346772
10.90346772
10.90346772
10.90346772
10.90346772
10.90346772
10.90346772
10.90346772
10.90346772
10.90346772
10.90346772
10.90346772
10.90346772
10.90346772
10.90346772
10.90346772
10.90346772
10.90346772
10.90346772
10.90346772
10.90346772
10.90346772
10.90346772
10.90346772
10.90346772
10.90346772
10.90346772
10.90346772
10.90346772
10.90346772
10.90346772
10.90346772
10.90346772
10.90346772
10.90346772
10.90346772
10.90346772
10.90346772
10.90346772
10.90346772
10.90346772
10.90346772
10.90346772
10.90346772
10.90346772
10.90346772
10.90346772
10.90346772
10.90346772
10.90346772
10.93650054
10.93650054
10.93650054
10.93650054
10.93650054
10.93650054
10.93650054
10.93650054
10.93650054
10.93650054
10.93650054
10.93650054
10.93650054
10.93650054
10.93650054
10.93650054
10.93650054
10.93650054
10.93650054
10.93650054
10.93650054
10.93650054
10.93650054
10.93650054
10.93650054
10.93650054
10.93650054
10.93650054
10.93650054
10.93650054
10.93650054
10.93650054
10.93650054
10.93650054
10.93650054
10.93650054
10.93650054
10.93650054
10.93650054
10.93650054
10.93650054
10.93650054
10.93650054
10.93650054
10.93650054
10.93650054
10.93650054
10.93650054
10.93650054
10.93650054
10.96967437
10.96967437
10.96967437
10.96967437
10.96967437
10.96967437
10.96967437
10.96967437
10.96967437
10.96967437
10.96967437
10.96967437
10.96967437
10.96967437
10.96967437
10.96967437
10.96967437
10.96967437
10.96967437
10.96967437
10.96967437
10.96967437
10.96967437
10.96967437
10.96967437
10.96967438
10.96967438
10.96967438
10.96967438
10.96967438
10.96967438
10.96967438
10.96967438
10.96967438
10.96967438
10.96967438
10.96967438
10.96967438
10.96967438
10.96967438
10.96967438
10.96967438
10.96967438
10.96967438
10.96967438
10.96967438
10.96967438
10.96967438
10.96967438
10.96967438
11.00299012
11.00299012
11.00299012
11.00299012
11.00299012
11.00299012
11.00299012
11.00299012
11.00299012
11.00299012
11.00299012
11.00299012
11.00299012
11.00299012
11.00299012
11.00299012
11.00299012
11.00299012
11.00299012
11.00299012
11.00299012
11.00299012
11.00299012
11.00299012
11.00299012
11.00299012
11.00299012
11.00299012
11.00299012
11.00299012
11.00299012
11.00299012
11.00299012
11.00299012
11.00299012
11.00299012
11.00299012
11.00299012
11.00299012
11.00299012
11.00299012
11.00299012
11.00299012
11.00299012
11.00299012
11.00299012
11.00299012
11.00299012
11.00299012
11.00299012
11.03644868
11.03644868
11.03644868
11.03644868
11.03644868
11.03644868
11.03644868
11.03644868
11.03644868
11.03644868
11.03644868
11.03644868
11.03644868
11.03644868
11.03644868
11.03644868
11.03644868
11.03644868
11.03644868
11.03644868
11.03644868
11.03644868
11.03644868
11.03644868
11.03644868
11.03644868
11.03644868
11.03644868
11.03644868
11.03644868
11.03644868
11.03644868
11.03644868
11.03644868
11.03644868
11.03644868
11.03644868
11.03644868
11.03644868
11.03644868
11.03644868
11.03644868
11.03644868
11.03644868
11.03644868
11.03644868
11.03644868
11.03644868
11.03644868
11.03644868
11.07005099
11.07005099
11.07005099
11.07005099
11.07005099
11.07005099
11.07005099
11.07005099
11.07005099
11.07005099
11.07005099
11.07005099
11.07005099
11.07005099
11.07005099
11.07005099
11.07005099
11.07005099
11.07005099
11.07005099
11.07005099
11.07005099
11.07005099
11.07005099
11.07005099
11.07005099
11.07005099
11.07005099
11.07005099
11.07005099
11.07005099
11.07005099
11.07005099
11.07005099
11.07005099
11.07005099
11.07005099
11.07005099
11.07005099
11.07005099
11.07005099
11.07005099
11.07005099
11.07005099
11.07005099
11.07005099
11.07005099
11.07005099
11.07005099
11.07005099
11.10379797
11.10379797
11.10379797
11.10379797
11.10379797
11.10379797
11.10379797
11.10379797
11.10379797
11.10379797
11.10379797
11.10379797
11.10379797
11.10379797
11.10379797
11.10379797
11.10379797
11.10379797
11.10379798
11.10379798
11.10379798
11.10379798
11.10379798
11.10379798
11.10379798
11.10379798
11.10379798
11.10379798
11.10379798
11.10379798
11.10379798
11.10379798
11.10379798
11.10379798
11.10379798
11.10379798
11.10379798
11.10379798
11.10379798
11.10379798
11.10379798
11.10379798
11.10379798
11.10379798
11.10379798
11.10379798
11.10379798
11.10379798
11.10379798
11.10379798
11.13769057
11.13769057
11.13769057
11.13769057
11.13769057
11.13769057
11.13769057
11.13769057
11.13769057
11.13769057
11.13769057
11.13769057
11.13769057
11.13769057
11.13769057
11.13769057
11.13769057
11.13769057
11.13769057
11.13769057
11.13769057
11.13769057
11.13769057
11.13769057
11.13769057
11.13769057
11.13769057
11.13769057
11.13769057
11.13769057
11.13769057
11.13769057
11.13769057
11.13769057
11.13769057
11.13769057
11.13769057
11.13769057
11.13769057
11.13769057
11.13769057
11.13769057
11.13769057
11.13769057
11.13769057
11.13769057
11.13769057
11.13769057
11.13769057
11.13769057
11.17172971
11.17172971
11.17172971
11.17172971
11.17172971
11.17172971
11.17172971
11.17172971
11.17172971
11.17172971
11.17172971
11.17172971
11.17172971
11.17172971
11.17172971
11.17172971
11.17172971
11.17172971
11.17172971
11.17172971
11.17172971
11.17172971
11.17172971
11.17172971
11.17172971
11.17172971
11.17172971
11.17172971
11.17172971
11.17172971
11.17172971
11.17172971
11.17172971
11.17172971
11.17172971
11.17172971
11.17172971
11.17172971
11.17172971
11.17172972
11.17172972
11.17172972
11.17172972
11.17172972
11.17172972
11.17172972
11.17172972
11.17172972
11.17172972
11.17172972
11.20591635
11.20591635
11.20591635
11.20591635
11.20591635
11.20591635
11.20591635
11.20591635
11.20591635
11.20591635
11.20591635
11.20591635
11.20591635
11.20591635
11.20591635
11.20591635
11.20591635
11.20591635
11.20591635
11.20591635
11.20591635
11.20591635
11.20591635
11.20591635
11.20591635
11.20591635
11.20591636
11.20591636
11.20591636
11.20591636
11.20591636
11.20591636
11.20591636
11.20591636
11.20591636
11.20591636
11.20591636
11.20591636
11.20591636
11.20591636
11.20591637
11.20591637
11.20591637
11.20591637
11.20591637
11.20591637
11.20591637
11.20591637
11.20591637
11.20591637
11.24025144
11.24025144
11.24025144
11.24025144
11.24025144
11.24025144
11.24025144
11.24025144
11.24025144
11.24025144
11.24025144
11.24025145
11.24025145
11.24025145
11.24025145
11.24025145
11.24025145
11.24025145
11.24025145
11.24025145
11.24025145
11.24025145
11.24025145
11.24025146
11.24025146
11.24025146
11.24025146
11.24025146
11.24025146
11.24025146
11.24025146
11.24025147
11.24025147
11.24025147
11.24025147
11.24025147
11.24025147
11.24025147
11.24025147
11.24025148
11.24025148
11.24025148
11.24025148
11.24025148
11.24025148
11.24025148
11.24025149
11.24025149
11.24025149
11.24025149
11.27473595
11.27473595
11.27473595
11.27473595
11.27473595
11.27473595
11.27473595
11.27473595
11.27473595
11.27473595
11.27473595
11.27473595
11.27473596
11.27473596
11.27473596
11.27473596
11.27473596
11.27473596
11.27473597
11.27473597
11.27473597
11.27473597
11.27473597
11.27473598
11.27473598
11.27473598
11.27473598
11.27473598
11.27473599
11.27473599
11.27473599
11.27473599
11.274736
11.274736
11.274736
11.27473601
11.27473601
11.27473601
11.27473601
11.27473602
11.27473602
11.27473602
11.27473602
11.27473603
11.27473603
11.27473603
11.27473603
11.27473604
11.27473604
11.27473604
11.30937082
11.30937082
11.30937082
11.30937082
11.30937082
11.30937082
11.30937082
11.30937083
11.30937083
11.30937083
11.30937083
11.30937083
11.30937084
11.30937084
11.30937084
11.30937085
11.30937085
11.30937085
11.30937086
11.30937086
11.30937086
11.30937087
11.30937087
11.30937088
11.30937088
11.30937089
11.30937089
11.30937089
11.3093709
11.3093709
11.30937091
11.30937091
11.30937092
11.30937093
11.30937093
11.30937094
11.30937094
11.30937095
11.30937095
11.30937096
11.30937096
11.30937097
11.30937097
11.30937098
11.30937098
11.30937099
11.30937099
11.309371
11.309371
11.30937101
11.34415699
11.34415699
11.344157
11.344157
11.344157
11.344157
11.344157
11.34415701
11.34415701
11.34415701
11.34415702
11.34415702
11.34415703
11.34415703
11.34415704
11.34415705
11.34415705
11.34415706
11.34415707
11.34415707
11.34415708
11.34415709
11.3441571
11.34415711
11.34415712
11.34415713
11.34415714
11.34415715
11.34415715
11.34415716
11.34415718
11.34415719
11.3441572
11.34415721
11.34415722
11.34415723
11.34415724
11.34415725
11.34415726
11.34415727
11.34415728
11.34415729
11.3441573
11.34415731
11.34415732
11.34415733
11.34415734
11.34415735
11.34415736
11.34415737
11.37909536
11.37909536
11.37909537
11.37909537
11.37909537
11.37909538
11.37909538
11.37909539
11.3790954
11.3790954
11.37909541
11.37909542
11.37909543
11.37909544
11.37909546
11.37909547
11.37909548
11.3790955
11.37909551
11.37909553
11.37909554
11.37909556
11.37909558
11.37909559
11.37909561
11.37909563
11.37909565
11.37909567
11.37909569
11.37909571
11.37909573
11.37909575
11.37909577
11.37909579
11.37909581
11.37909584
11.37909586
11.37909588
11.3790959
11.37909592
11.37909595
11.37909597
11.37909599
11.37909601
11.37909603
11.37909605
11.37909607
11.37909609
11.37909611
11.37909613
11.41418673
11.41418673
11.41418674
11.41418674
11.41418675
11.41418676
11.41418677
11.41418678
11.4141868
11.41418681
11.41418683
11.41418685
11.41418687
11.41418689
11.41418692
11.41418694
11.41418697
11.414187
11.41418703
11.41418706
11.41418709
11.41418713
11.41418716
11.4141872
11.41418723
11.41418727
11.41418731
11.41418735
11.41418739
11.41418743
11.41418747
11.41418752
11.41418756
11.4141876
11.41418765
11.41418769
11.41418773
11.41418778
11.41418782
11.41418787
11.41418791
11.41418796
11.414188
11.41418804
11.41418809
11.41418813
11.41418817
11.41418821
11.41418825
11.41418829
11.4494317
11.4494317
11.44943171
11.44943172
11.44943174
11.44943175
11.44943178
11.4494318
11.44943183
11.44943186
11.4494319
11.44943194
11.44943198
11.44943203
11.44943207
11.44943213
11.44943218
11.44943224
11.4494323
11.44943236
11.44943243
11.4494325
11.44943257
11.44943264
11.44943271
11.44943279
11.44943287
11.44943295
11.44943303
11.44943311
11.4494332
11.44943328
11.44943337
11.44943346
11.44943354
11.44943363
11.44943372
11.44943381
11.4494339
11.44943399
11.44943408
11.44943417
11.44943425
11.44943434
11.44943443
11.44943452
11.4494346
11.44943468
11.44943477
11.44943485
11.48483046
11.48483047
11.48483048
11.4848305
11.48483053
11.48483057
11.48483061
11.48483066
11.48483072
11.48483079
11.48483086
11.48483094
11.48483102
11.48483112
11.48483122
11.48483132
11.48483143
11.48483155
11.48483167
11.4848318
11.48483193
11.48483206
11.48483221
11.48483235
11.4848325
11.48483266
11.48483282
11.48483298
11.48483314
11.48483331
11.48483348
11.48483365
11.48483383
11.484834
11.48483418
11.48483436
11.48483454
11.48483472
11.4848349
11.48483508
11.48483526
11.48483544
11.48483562
11.48483579
11.48483597
11.48483614
11.48483631
11.48483648
11.48483665
11.48483681
11.52038237
11.52038239
11.52038242
11.52038246
11.52038252
11.5203826
11.52038269
11.52038279
11.52038291
11.52038304
11.52038318
11.52038334
11.52038352
11.5203837
11.5203839
11.52038411
11.52038434
11.52038457
11.52038482
11.52038507
11.52038534
11.52038562
11.5203859
11.5203862
11.5203865
11.52038681
11.52038713
11.52038746
11.52038779
11.52038813
11.52038847
11.52038882
11.52038917
11.52038953
11.52038989
11.52039025
11.52039061
11.52039097
11.52039134
11.5203917
11.52039206
11.52039242
11.52039278
11.52039314
11.52039349
11.52039384
11.52039419
11.52039453
11.52039487
11.5203952
11.55608511
11.55608514
11.5560852
11.55608529
11.55608541
11.55608556
11.55608574
11.55608595
11.55608619
11.55608645
11.55608675
11.55608707
11.55608742
11.5560878
11.5560882
11.55608862
11.55608907
11.55608955
11.55609004
11.55609056
11.5560911
11.55609166
11.55609224
11.55609283
11.55609345
11.55609408
11.55609472
11.55609538
11.55609605
11.55609673
11.55609743
11.55609813
11.55609884
11.55609956
11.55610028
11.55610101
11.55610174
11.55610247
11.55610321
11.55610394
11.55610467
11.5561054
11.55610613
11.55610685
11.55610756
11.55610827
11.55610897
11.55610966
11.55611034
11.55611101
11.59193292
11.59193298
11.5919331
11.59193328
11.59193352
11.59193382
11.59193419
11.59193461
11.59193509
11.59193563
11.59193622
11.59193687
11.59193758
11.59193833
11.59193914
11.59194
11.59194091
11.59194187
11.59194287
11.59194392
11.591945
11.59194613
11.5919473
11.5919485
11.59194974
11.59195101
11.59195231
11.59195364
11.591955
11.59195638
11.59195778
11.59195919
11.59196063
11.59196208
11.59196354
11.59196501
11.59196648
11.59196796
11.59196944
11.59197093
11.5919724
11.59197388
11.59197534
11.5919768
11.59197824
11.59197967
11.59198108
11.59198248
11.59198385
11.5919852
11.62791313
11.62791324
11.62791348
11.62791384
11.62791433
11.62791494
11.62791568
11.62791653
11.6279175
11.62791858
11.62791978
11.62792109
11.62792252
11.62792404
11.62792568
11.62792741
11.62792925
11.62793118
11.6279332
11.62793531
11.62793751
11.62793979
11.62794215
11.62794458
11.62794708
11.62794964
11.62795227
11.62795495
11.62795769
11.62796047
11.62796329
11.62796615
11.62796905
11.62797198
11.62797492
11.62797789
11.62798087
11.62798386
11.62798685
11.62798984
11.62799283
11.6279958
11.62799876
11.6280017
11.62800462
11.6280075
11.62801035
11.62801317
11.62801593
11.62801866
11.66399908
11.6639993
11.66399979
11.66400053
11.66400151
11.66400275
11.66400422
11.66400594
11.6640079
11.66401009
11.66401251
11.66401515
11.66401802
11.66402111
11.6640244
11.6640279
11.66403161
11.6640355
11.66403958
11.66404384
11.66404828
11.66405288
11.66405763
11.66406254
11.66406758
11.66407276
11.66407806
11.66408347
11.66408899
11.66409461
11.66410031
11.66410609
11.66411194
11.66411784
11.6641238
11.66412979
11.6641358
11.66414184
11.66414788
11.66415392
11.66415995
11.66416596
11.66417194
11.66417788
11.66418376
11.66418959
11.66419535
11.66420103
11.66420662
11.66421212
11.70013599
11.70013644
11.70013742
11.70013891
11.7001409
11.70014338
11.70014636
11.70014982
11.70015376
11.70015817
11.70016305
11.70016838
11.70017416
11.70018038
11.70018702
11.70019408
11.70020154
11.7002094
11.70021763
11.70022622
11.70023516
11.70024443
11.70025403
11.70026392
11.7002741
11.70028454
11.70029524
11.70030616
11.7003173
11.70032864
11.70034014
11.70035181
11.70036361
11.70037553
11.70038755
11.70039964
11.70041179
11.70042398
11.70043618
11.70044839
11.70046056
11.7004727
11.70048477
11.70049677
11.70050866
11.70052043
11.70053206
11.70054353
11.70055483
11.70056594
11.73621253
11.73621343
11.7362154
11.73621839
11.73622239
11.73622738
11.73623336
11.73624032
11.73624824
11.73625711
11.73626692
11.73627764
11.73628927
11.73630177
11.73631513
11.73632934
11.73634435
11.73636015
11.73637672
11.73639402
11.73641202
11.7364307
11.73645002
11.73646995
11.73649046
11.73651151
11.73653307
11.73655509
11.73657756
11.73660042
11.73662363
11.73664717
11.73667099
11.73669505
11.7367193
11.73674372
11.73676826
11.73679287
11.73681753
11.73684218
11.73686679
11.73689131
11.73691571
11.73693995
11.73696398
11.73698778
11.73701129
11.73703449
11.73705734
11.7370798
11.77200445
11.77200625
11.77201018
11.77201616
11.77202415
11.77203414
11.77204609
11.77206
11.77207584
11.77209358
11.7721132
11.77213466
11.77215793
11.77218296
11.77220973
11.77223818
11.77226827
11.77229995
11.77233317
11.77236787
11.772404
11.7724415
11.7724803
11.77252035
11.77256157
11.7726039
11.77264727
11.77269161
11.77273684
11.77278288
11.77282967
11.77287712
11.77292515
11.77297369
11.77302265
11.77307195
11.77312151
11.77317124
11.77322107
11.77327091
11.77332068
11.77337028
11.77341966
11.77346871
11.77351736
11.77356553
11.77361315
11.77366013
11.7737064
11.77375188
11.80706508
11.80706862
11.8070764
11.80708821
11.80710399
11.80712371
11.80714734
11.80717484
11.80720617
11.80724127
11.8072801
11.80732259
11.80736869
11.80741833
11.80747142
11.80752789
11.80758766
11.80765062
11.8077167
11.80778578
11.80785776
11.80793252
11.80800996
11.80808994
11.80817235
11.80825704
11.80834389
11.80843276
11.8085235
11.80861597
11.80871001
11.80880546
11.80890218
11.809
11.80909875
11.80919828
11.80929841
11.80939897
11.8094998
11.80960071
11.80970155
11.80980213
11.80990229
11.81000185
11.81010064
11.8101985
11.81029526
11.81039075
11.81048481
11.81057728
11.84052206
11.84052887
11.84054386
11.8405666
11.84059702
11.84063505
11.84068064
11.84073372
11.84079422
11.84086208
11.8409372
11.8410195
11.84110887
11.84120519
11.84130836
11.84141823
11.84153467
11.84165752
11.84178663
11.84192182
11.84206291
11.84220971
11.84236202
11.84251962
11.8426823
11.84284981
11.84302191
11.84319835
11.84337886
11.84356317
11.84375099
11.84394202
11.84413596
11.84433249
11.84453129
11.84473202
11.84493435
11.84513793
11.84534239
11.84554738
11.84575253
11.84595747
11.84616182
11.84636521
11.84656726
11.84676759
11.84696583
11.84716159
11.84735453
11.84754426
11.87073835
11.87075082
11.87077826
11.87081993
11.87087567
11.87094542
11.87102911
11.87112665
11.87123798
11.87136301
11.87150165
11.87165378
11.87181931
11.87199808
11.87218998
11.87239483
11.87261248
11.87284273
11.87308538
11.87334023
11.87360703
11.87388554
11.87417547
11.87447654
11.87478844
11.87511082
11.87544333
11.87578559
11.87613717
11.87649765
11.87686656
11.87724339
11.87762764
11.87801873
11.87841608
11.87881907
11.87922703
11.87963929
11.88005511
11.88047372
11.88089435
11.88131615
11.88173827
11.88215982
11.88257987
11.88299749
11.88341171
11.88382154
11.88422602
11.88462414
11.89488712
11.89490778
11.89495324
11.89502232
11.89511483
11.89523071
11.89536993
11.89553248
11.89571836
11.89592758
11.89616013
11.89641603
11.89669528
11.89699789
11.89732386
11.89767318
11.89804584
11.89844183
11.89886112
11.89930369
11.89976947
11.90025842
11.90077045
11.90130547
11.90186335
11.90244396
11.9030471
11.90367257
11.90432013
11.90498947
11.90568026
11.9063921
11.90712452
11.90787698
11.90864887
11.90943948
11.910248
11.9110735
11.91191493
11.91277109
11.91364062
11.91452197
11.91541338
11.9163129
11.91721828
11.91812701
11.91903625
11.9199428
11.92084309
11.92173306
11.90888263
11.90891101
11.90897346
11.90906842
11.90919572
11.90935537
11.90954748
11.9097722
11.91002974
11.91032033
11.91064424
11.91100179
11.91139333
11.91181923
11.91227994
11.91277591
11.91330766
11.91387574
11.91448076
11.91512336
11.91580425
11.91652418
11.91728398
11.91808452
11.91892673
11.91981165
11.92074034
11.92171397
11.9227338
11.92380116
11.92491749
11.92608433
11.92730333
11.92857626
11.92990503
11.93129167
11.93273837
11.9342475
11.93582157
11.9374633
11.93917563
11.94096171
11.94282491
11.9447689
11.94679763
11.94891534
11.95112664
11.95343648
11.95585024
11.95837372
)
;

boundaryField
{
    axis
    {
        type            empty;
    }
    inlet
    {
        type            zeroGradient;
    }
    wall
    {
        type            zeroGradient;
    }
    outlet
    {
        type            zeroGradient;
    }
    front
    {
        type            wedge;
    }
    back
    {
        type            wedge;
    }
}


// ************************************************************************* //
