/*--------------------------------*- C++ -*----------------------------------*\
| =========                 |                                                 |
| \\      /  F ield         | OpenFOAM: The Open Source CFD Toolbox           |
|  \\    /   O peration     | Version:  5.x                                   |
|   \\  /    A nd           | Web:      www.OpenFOAM.org                      |
|    \\/     M anipulation  |                                                 |
\*---------------------------------------------------------------------------*/
FoamFile
{
    version     2.0;
    format      ascii;
    class       volScalarField;
    location    "0.01";
    object      cp;
}
// * * * * * * * * * * * * * * * * * * * * * * * * * * * * * * * * * * * * * //

dimensions      [0 2 -2 -1 0 0 0];

internalField   nonuniform List<scalar> 
7950
(
14655.63549
14655.72604
14655.92624
14656.23307
14656.64898
14657.17821
14657.8265
14658.60113
14659.51108
14660.56722
14661.78259
14663.17271
14664.756
14666.55421
14668.59304
14670.90281
14673.51926
14676.48454
14679.84839
14683.66949
14688.01712
14692.97314
14698.63424
14705.11473
14712.54972
14721.09888
14730.95088
14742.3285
14755.49452
14770.75851
14788.48451
14809.09955
14833.10311
14861.07716
14893.69657
14931.7392
14976.09488
15027.77156
15087.89658
15157.82489
15238.11312
15331.44075
15438.53299
15560.00733
15696.3397
15847.82683
16014.54545
16196.30947
16392.62755
16602.66521
15254.36917
15255.09362
15256.68993
15259.12238
15262.39255
15266.50925
15271.48542
15277.33732
15284.08423
15291.74832
15300.3545
15309.93039
15320.5062
15332.11464
15344.79079
15358.572
15373.49773
15389.60933
15406.94988
15425.56388
15445.49699
15466.7957
15489.50687
15513.67737
15539.35348
15566.58036
15595.40137
15625.85735
15657.98576
15691.8198
15727.38736
15764.70995
15803.80145
15844.66679
15887.3005
15931.68517
15977.78978
16025.56789
16074.95573
16125.87017
16178.20657
16231.83642
16286.60493
16342.32836
16398.7912
16455.74303
16512.89509
16569.91638
16626.42923
16682.00398
15927.54552
15928.16769
15929.53658
15931.61693
15934.40322
15937.89381
15942.08827
15946.98669
15952.58937
15958.89673
15965.90917
15973.62701
15982.05037
15991.17916
16001.01293
16011.55081
16022.79141
16034.73271
16047.37198
16060.70562
16074.72908
16089.4367
16104.82159
16120.87548
16137.58858
16154.94943
16172.94473
16191.55919
16210.77535
16230.57345
16250.93122
16271.82377
16293.22339
16315.09942
16337.4181
16360.14245
16383.23217
16406.64353
16430.32931
16454.23879
16478.31775
16502.50851
16526.75008
16550.97832
16575.1262
16599.12418
16622.90068
16646.38273
16669.49669
16692.16929
16307.0433
16307.40565
16308.2025
16309.41245
16311.03101
16313.05549
16315.48351
16318.31256
16321.5399
16325.16243
16329.1767
16333.57883
16338.36455
16343.52912
16349.06733
16354.97347
16361.24133
16367.86414
16374.8346
16382.14478
16389.78619
16397.74968
16406.02547
16414.60308
16423.47137
16432.61846
16442.03176
16451.69795
16461.60292
16471.73183
16482.06906
16492.59823
16503.30217
16514.16299
16525.16204
16536.27996
16547.49668
16558.79151
16570.14312
16581.52965
16592.92874
16604.31759
16615.67311
16626.97194
16638.19058
16649.30554
16660.29339
16671.13098
16681.79553
16692.26477
16497.08235
16497.27367
16497.69434
16498.33285
16499.18652
16500.25354
16501.53217
16503.0205
16504.71639
16506.61749
16508.72112
16511.02437
16513.52402
16516.21655
16519.09818
16522.16481
16525.41205
16528.8352
16532.42929
16536.18904
16540.10886
16544.18288
16548.40493
16552.76856
16557.26701
16561.89325
16566.63999
16571.49963
16576.46435
16581.52604
16586.67636
16591.90676
16597.20843
16602.57239
16607.98944
16613.45025
16618.94531
16624.46499
16629.99956
16635.53918
16641.074
16646.59412
16652.08962
16657.55065
16662.96739
16668.33013
16673.6293
16678.85546
16683.99939
16689.05208
16588.94336
16589.04093
16589.25542
16589.58093
16590.01602
16590.55968
16591.21089
16591.96856
16592.83143
16593.79812
16594.8671
16596.03667
16597.30496
16598.66997
16600.12952
16601.6813
16603.32282
16605.05146
16606.86444
16608.75883
16610.73158
16612.77949
16614.89921
16617.08728
16619.34012
16621.65402
16624.02514
16626.44956
16628.92325
16631.44208
16634.00182
16636.59818
16639.2268
16641.88322
16644.56296
16647.26149
16649.97421
16652.69654
16655.42384
16658.15149
16660.87486
16663.58933
16666.29031
16668.97326
16671.63366
16674.26707
16676.8691
16679.43546
16681.96194
16684.44441
16631.67117
16631.72023
16631.8281
16631.99179
16632.21055
16632.48386
16632.81118
16633.19192
16633.62543
16634.11096
16634.6477
16635.23476
16635.87114
16636.55578
16637.28755
16638.06521
16638.88748
16639.75298
16640.66026
16641.6078
16642.59403
16643.61728
16644.67584
16645.76794
16646.89175
16648.04537
16649.22687
16650.43427
16651.66553
16652.91858
16654.19133
16655.48162
16656.78729
16658.10615
16659.43599
16660.77457
16662.11967
16663.46902
16664.82039
16666.17153
16667.52019
16668.86415
16670.2012
16671.52914
16672.84581
16674.14908
16675.43683
16676.70702
16677.95761
16679.18665
16649.96188
16649.98641
16650.04035
16650.1222
16650.23158
16650.36822
16650.53186
16650.72218
16650.93886
16651.18151
16651.44971
16651.74301
16652.06091
16652.40285
16652.76826
16653.15652
16653.56696
16653.99889
16654.45157
16654.92423
16655.41608
16655.92627
16656.45394
16656.99821
16657.55813
16658.13278
16658.72117
16659.32232
16659.9352
16660.5588
16661.19204
16661.83389
16662.48325
16663.13904
16663.80016
16664.46552
16665.134
16665.80451
16666.47593
16667.14715
16667.81708
16668.48462
16669.14868
16669.8082
16670.4621
16671.10935
16671.74891
16672.37977
16673.00095
16673.61147
16656.10224
16656.11448
16656.14139
16656.18222
16656.23678
16656.30495
16656.38657
16656.4815
16656.58958
16656.7106
16656.84436
16656.99062
16657.14913
16657.31963
16657.50181
16657.69537
16657.89996
16658.11525
16658.34086
16658.57641
16658.82149
16659.07568
16659.33856
16659.60967
16659.88856
16660.17475
16660.46776
16660.76709
16661.07223
16661.38267
16661.69789
16662.01736
16662.34055
16662.6669
16662.99589
16663.32696
16663.65956
16663.99315
16664.32718
16664.6611
16664.99436
16665.32642
16665.65674
16665.9848
16666.31007
16666.63203
16666.95017
16667.26399
16667.57301
16667.87674
16656.19607
16656.20217
16656.21558
16656.23593
16656.26312
16656.29709
16656.33777
16656.38509
16656.43894
16656.49925
16656.56591
16656.63879
16656.71778
16656.80274
16656.89351
16656.98995
16657.09188
16657.19914
16657.31153
16657.42887
16657.55096
16657.67758
16657.80852
16657.94355
16658.08245
16658.22498
16658.3709
16658.51996
16658.67192
16658.8265
16658.98346
16659.14252
16659.30343
16659.46592
16659.6297
16659.79452
16659.9601
16660.12617
16660.29245
16660.45868
16660.62457
16660.78987
16660.9543
16661.1176
16661.27952
16661.43979
16661.59815
16661.75438
16661.90821
16662.05941
16653.27736
16653.2804
16653.28708
16653.29722
16653.31077
16653.3277
16653.34796
16653.37153
16653.39836
16653.42841
16653.46161
16653.49792
16653.53727
16653.57959
16653.62481
16653.67285
16653.72363
16653.77706
16653.83304
16653.89149
16653.9523
16654.01537
16654.08058
16654.14784
16654.21702
16654.28801
16654.36068
16654.43492
16654.51059
16654.58758
16654.66574
16654.74496
16654.82509
16654.90601
16654.98757
16655.06964
16655.1521
16655.23479
16655.31759
16655.40037
16655.48297
16655.56528
16655.64716
16655.72848
16655.80911
16655.88891
16655.96777
16656.04557
16656.12217
16656.19747
16648.85536
16648.85687
16648.8602
16648.86525
16648.872
16648.88043
16648.89053
16648.90227
16648.91563
16648.9306
16648.94714
16648.96523
16648.98483
16649.00591
16649.02843
16649.05236
16649.07765
16649.10426
16649.13215
16649.16126
16649.19155
16649.22296
16649.25545
16649.28894
16649.3234
16649.35876
16649.39495
16649.43193
16649.46962
16649.50796
16649.54689
16649.58634
16649.62625
16649.66655
16649.70717
16649.74805
16649.78911
16649.8303
16649.87154
16649.91276
16649.9539
16649.99489
16650.03567
16650.07617
16650.11632
16650.15607
16650.19534
16650.23409
16650.27224
16650.30974
16643.68122
16643.68197
16643.68363
16643.68615
16643.68951
16643.69371
16643.69873
16643.70458
16643.71124
16643.71869
16643.72693
16643.73594
16643.74571
16643.75621
16643.76742
16643.77934
16643.79194
16643.8052
16643.81909
16643.83359
16643.84867
16643.86432
16643.8805
16643.89718
16643.91435
16643.93196
16643.94998
16643.9684
16643.98717
16644.00627
16644.02566
16644.04531
16644.06519
16644.08526
16644.10549
16644.12585
16644.1463
16644.16682
16644.18735
16644.20789
16644.22838
16644.24879
16644.2691
16644.28927
16644.30927
16644.32907
16644.34863
16644.36793
16644.38693
16644.40561
16638.12894
16638.12931
16638.13014
16638.13139
16638.13307
16638.13516
16638.13766
16638.14058
16638.14389
16638.14761
16638.15171
16638.1562
16638.16106
16638.16629
16638.17188
16638.17781
16638.18409
16638.19069
16638.19761
16638.20483
16638.21235
16638.22014
16638.2282
16638.23651
16638.24506
16638.25383
16638.26281
16638.27198
16638.28133
16638.29084
16638.3005
16638.31029
16638.32019
16638.33019
16638.34026
16638.3504
16638.36059
16638.37081
16638.38104
16638.39126
16638.40147
16638.41164
16638.42176
16638.4318
16638.44176
16638.45162
16638.46137
16638.47098
16638.48044
16638.48975
16632.38478
16632.38496
16632.38538
16632.386
16632.38683
16632.38787
16632.38912
16632.39057
16632.39223
16632.39407
16632.39612
16632.39835
16632.40078
16632.40338
16632.40616
16632.40912
16632.41225
16632.41553
16632.41898
16632.42258
16632.42632
16632.4302
16632.43422
16632.43836
16632.44261
16632.44698
16632.45146
16632.45602
16632.46068
16632.46542
16632.47023
16632.4751
16632.48004
16632.48502
16632.49003
16632.49509
16632.50016
16632.50525
16632.51034
16632.51544
16632.52052
16632.52559
16632.53062
16632.53563
16632.54059
16632.5455
16632.55035
16632.55514
16632.55986
16632.56449
16626.5415
16626.54159
16626.5418
16626.54211
16626.54252
16626.54304
16626.54366
16626.54439
16626.54521
16626.54613
16626.54715
16626.54826
16626.54947
16626.55077
16626.55215
16626.55362
16626.55518
16626.55682
16626.55854
16626.56033
16626.56219
16626.56413
16626.56612
16626.56819
16626.57031
16626.57248
16626.57471
16626.57699
16626.57931
16626.58167
16626.58406
16626.58649
16626.58895
16626.59143
16626.59393
16626.59644
16626.59897
16626.6015
16626.60404
16626.60658
16626.60911
16626.61163
16626.61414
16626.61664
16626.61911
16626.62155
16626.62397
16626.62636
16626.6287
16626.63101
16620.64532
16620.64537
16620.64547
16620.64563
16620.64583
16620.64609
16620.6464
16620.64676
16620.64717
16620.64763
16620.64814
16620.64869
16620.64929
16620.64994
16620.65063
16620.65136
16620.65214
16620.65295
16620.65381
16620.6547
16620.65563
16620.65659
16620.65759
16620.65861
16620.65967
16620.66075
16620.66186
16620.663
16620.66415
16620.66533
16620.66652
16620.66773
16620.66896
16620.67019
16620.67144
16620.67269
16620.67395
16620.67521
16620.67647
16620.67774
16620.679
16620.68026
16620.68151
16620.68275
16620.68398
16620.6852
16620.6864
16620.68759
16620.68876
16620.68991
16614.71927
16614.7193
16614.71935
16614.71943
16614.71953
16614.71966
16614.71981
16614.71999
16614.72019
16614.72042
16614.72068
16614.72095
16614.72125
16614.72157
16614.72192
16614.72228
16614.72267
16614.72307
16614.7235
16614.72395
16614.72441
16614.72489
16614.72538
16614.72589
16614.72642
16614.72696
16614.72751
16614.72808
16614.72865
16614.72924
16614.72983
16614.73044
16614.73105
16614.73166
16614.73228
16614.7329
16614.73353
16614.73416
16614.73479
16614.73542
16614.73605
16614.73667
16614.7373
16614.73791
16614.73853
16614.73913
16614.73973
16614.74033
16614.74091
16614.74148
16608.77484
16608.77485
16608.77487
16608.77491
16608.77496
16608.77503
16608.7751
16608.77519
16608.77529
16608.77541
16608.77553
16608.77567
16608.77582
16608.77598
16608.77615
16608.77633
16608.77653
16608.77673
16608.77694
16608.77716
16608.77739
16608.77763
16608.77788
16608.77813
16608.7784
16608.77866
16608.77894
16608.77922
16608.77951
16608.7798
16608.78009
16608.78039
16608.7807
16608.781
16608.78131
16608.78162
16608.78194
16608.78225
16608.78256
16608.78288
16608.78319
16608.7835
16608.78381
16608.78412
16608.78443
16608.78473
16608.78503
16608.78532
16608.78561
16608.7859
16602.81773
16602.81774
16602.81775
16602.81777
16602.8178
16602.81783
16602.81787
16602.81791
16602.81796
16602.81802
16602.81808
16602.81815
16602.81822
16602.8183
16602.81839
16602.81848
16602.81858
16602.81868
16602.81878
16602.81889
16602.81901
16602.81913
16602.81925
16602.81938
16602.81951
16602.81964
16602.81978
16602.81992
16602.82006
16602.82021
16602.82035
16602.8205
16602.82065
16602.82081
16602.82096
16602.82112
16602.82127
16602.82143
16602.82158
16602.82174
16602.8219
16602.82205
16602.82221
16602.82236
16602.82251
16602.82266
16602.82281
16602.82296
16602.8231
16602.82324
16596.85083
16596.85084
16596.85084
16596.85085
16596.85087
16596.85088
16596.8509
16596.85092
16596.85095
16596.85098
16596.85101
16596.85104
16596.85108
16596.85112
16596.85116
16596.85121
16596.85125
16596.8513
16596.85136
16596.85141
16596.85147
16596.85153
16596.85159
16596.85165
16596.85172
16596.85178
16596.85185
16596.85192
16596.85199
16596.85207
16596.85214
16596.85221
16596.85229
16596.85237
16596.85244
16596.85252
16596.8526
16596.85267
16596.85275
16596.85283
16596.85291
16596.85298
16596.85306
16596.85314
16596.85321
16596.85329
16596.85336
16596.85344
16596.85351
16596.85358
16590.87557
16590.87557
16590.87558
16590.87558
16590.87559
16590.8756
16590.87561
16590.87562
16590.87563
16590.87564
16590.87566
16590.87568
16590.8757
16590.87571
16590.87574
16590.87576
16590.87578
16590.87581
16590.87583
16590.87586
16590.87589
16590.87592
16590.87595
16590.87598
16590.87601
16590.87605
16590.87608
16590.87612
16590.87615
16590.87619
16590.87622
16590.87626
16590.8763
16590.87634
16590.87637
16590.87641
16590.87645
16590.87649
16590.87653
16590.87657
16590.87661
16590.87664
16590.87668
16590.87672
16590.87676
16590.8768
16590.87683
16590.87687
16590.87691
16590.87694
16584.89268
16584.89268
16584.89268
16584.89268
16584.89268
16584.89269
16584.89269
16584.8927
16584.8927
16584.89271
16584.89272
16584.89273
16584.89274
16584.89275
16584.89276
16584.89277
16584.89278
16584.89279
16584.89281
16584.89282
16584.89283
16584.89285
16584.89286
16584.89288
16584.8929
16584.89291
16584.89293
16584.89295
16584.89296
16584.89298
16584.893
16584.89302
16584.89304
16584.89306
16584.89308
16584.89309
16584.89311
16584.89313
16584.89315
16584.89317
16584.89319
16584.89321
16584.89323
16584.89325
16584.89327
16584.89329
16584.8933
16584.89332
16584.89334
16584.89336
16578.90252
16578.90252
16578.90252
16578.90252
16578.90252
16578.90252
16578.90252
16578.90253
16578.90253
16578.90253
16578.90254
16578.90254
16578.90255
16578.90255
16578.90256
16578.90256
16578.90257
16578.90257
16578.90258
16578.90259
16578.90259
16578.9026
16578.90261
16578.90262
16578.90263
16578.90263
16578.90264
16578.90265
16578.90266
16578.90267
16578.90268
16578.90269
16578.9027
16578.90271
16578.90272
16578.90272
16578.90273
16578.90274
16578.90275
16578.90276
16578.90277
16578.90278
16578.90279
16578.9028
16578.90281
16578.90282
16578.90283
16578.90284
16578.90285
16578.90286
16572.90529
16572.90529
16572.90529
16572.90529
16572.90529
16572.90529
16572.90529
16572.9053
16572.9053
16572.9053
16572.9053
16572.9053
16572.90531
16572.90531
16572.90531
16572.90531
16572.90532
16572.90532
16572.90532
16572.90533
16572.90533
16572.90533
16572.90534
16572.90534
16572.90534
16572.90535
16572.90535
16572.90536
16572.90536
16572.90537
16572.90537
16572.90538
16572.90538
16572.90538
16572.90539
16572.90539
16572.9054
16572.9054
16572.90541
16572.90541
16572.90542
16572.90542
16572.90543
16572.90543
16572.90544
16572.90544
16572.90545
16572.90545
16572.90545
16572.90546
16566.90111
16566.90111
16566.90111
16566.90111
16566.90111
16566.90111
16566.90111
16566.90111
16566.90111
16566.90111
16566.90111
16566.90111
16566.90112
16566.90112
16566.90112
16566.90112
16566.90112
16566.90112
16566.90112
16566.90113
16566.90113
16566.90113
16566.90113
16566.90113
16566.90113
16566.90114
16566.90114
16566.90114
16566.90114
16566.90115
16566.90115
16566.90115
16566.90115
16566.90115
16566.90116
16566.90116
16566.90116
16566.90116
16566.90117
16566.90117
16566.90117
16566.90117
16566.90118
16566.90118
16566.90118
16566.90118
16566.90118
16566.90119
16566.90119
16566.90119
16560.89003
16560.89003
16560.89003
16560.89003
16560.89003
16560.89004
16560.89004
16560.89004
16560.89004
16560.89004
16560.89004
16560.89004
16560.89004
16560.89004
16560.89004
16560.89004
16560.89004
16560.89004
16560.89004
16560.89004
16560.89004
16560.89004
16560.89005
16560.89005
16560.89005
16560.89005
16560.89005
16560.89005
16560.89005
16560.89005
16560.89005
16560.89006
16560.89006
16560.89006
16560.89006
16560.89006
16560.89006
16560.89006
16560.89006
16560.89006
16560.89007
16560.89007
16560.89007
16560.89007
16560.89007
16560.89007
16560.89007
16560.89007
16560.89008
16560.89008
16554.87211
16554.87211
16554.87211
16554.87211
16554.87211
16554.87211
16554.87212
16554.87212
16554.87212
16554.87212
16554.87212
16554.87212
16554.87212
16554.87212
16554.87212
16554.87212
16554.87212
16554.87212
16554.87212
16554.87212
16554.87212
16554.87212
16554.87212
16554.87212
16554.87212
16554.87212
16554.87212
16554.87212
16554.87212
16554.87212
16554.87212
16554.87213
16554.87213
16554.87213
16554.87213
16554.87213
16554.87213
16554.87213
16554.87213
16554.87213
16554.87213
16554.87213
16554.87213
16554.87213
16554.87213
16554.87213
16554.87213
16554.87213
16554.87213
16554.87214
16548.84738
16548.84738
16548.84738
16548.84738
16548.84738
16548.84738
16548.84738
16548.84738
16548.84738
16548.84738
16548.84738
16548.84738
16548.84738
16548.84738
16548.84738
16548.84738
16548.84738
16548.84738
16548.84738
16548.84738
16548.84738
16548.84738
16548.84739
16548.84739
16548.84739
16548.84739
16548.84739
16548.84739
16548.84739
16548.84739
16548.84739
16548.84739
16548.84739
16548.84739
16548.84739
16548.84739
16548.84739
16548.84739
16548.84739
16548.84739
16548.84739
16548.84739
16548.84739
16548.84739
16548.84739
16548.84739
16548.84739
16548.84739
16548.84739
16548.84739
16542.81587
16542.81587
16542.81587
16542.81587
16542.81587
16542.81587
16542.81587
16542.81587
16542.81587
16542.81587
16542.81587
16542.81587
16542.81587
16542.81587
16542.81587
16542.81587
16542.81587
16542.81587
16542.81587
16542.81587
16542.81587
16542.81587
16542.81587
16542.81587
16542.81587
16542.81587
16542.81587
16542.81587
16542.81587
16542.81587
16542.81587
16542.81587
16542.81587
16542.81587
16542.81587
16542.81587
16542.81587
16542.81587
16542.81587
16542.81587
16542.81587
16542.81587
16542.81587
16542.81587
16542.81587
16542.81587
16542.81587
16542.81587
16542.81587
16542.81587
16536.77759
16536.77759
16536.77759
16536.77759
16536.77759
16536.77759
16536.77759
16536.77759
16536.77759
16536.77759
16536.77759
16536.77759
16536.77759
16536.77759
16536.77759
16536.77759
16536.77759
16536.77759
16536.77759
16536.77759
16536.77759
16536.77759
16536.77759
16536.77759
16536.77759
16536.7776
16536.7776
16536.7776
16536.7776
16536.7776
16536.7776
16536.7776
16536.7776
16536.7776
16536.7776
16536.7776
16536.7776
16536.7776
16536.7776
16536.7776
16536.7776
16536.7776
16536.7776
16536.7776
16536.7776
16536.7776
16536.7776
16536.7776
16536.7776
16536.7776
16530.73259
16530.73259
16530.73259
16530.73259
16530.73259
16530.73259
16530.73259
16530.73259
16530.73259
16530.73259
16530.73259
16530.73259
16530.73259
16530.73259
16530.73259
16530.73259
16530.73259
16530.73259
16530.73259
16530.73259
16530.73259
16530.73259
16530.73259
16530.73259
16530.73259
16530.73259
16530.73259
16530.73259
16530.73259
16530.73259
16530.73259
16530.73259
16530.73259
16530.73259
16530.73259
16530.73259
16530.73259
16530.73259
16530.73259
16530.73259
16530.73259
16530.73259
16530.73259
16530.73259
16530.73259
16530.73259
16530.73259
16530.73259
16530.73259
16530.73259
16524.68088
16524.68088
16524.68088
16524.68088
16524.68088
16524.68088
16524.68088
16524.68088
16524.68088
16524.68088
16524.68088
16524.68088
16524.68088
16524.68088
16524.68088
16524.68088
16524.68088
16524.68088
16524.68088
16524.68088
16524.68088
16524.68088
16524.68088
16524.68088
16524.68088
16524.68088
16524.68088
16524.68088
16524.68088
16524.68088
16524.68088
16524.68088
16524.68088
16524.68088
16524.68088
16524.68088
16524.68088
16524.68088
16524.68088
16524.68088
16524.68088
16524.68088
16524.68088
16524.68088
16524.68088
16524.68088
16524.68088
16524.68088
16524.68088
16524.68088
16518.62249
16518.62249
16518.62249
16518.62249
16518.62249
16518.62249
16518.62249
16518.62249
16518.62249
16518.62249
16518.62249
16518.62249
16518.62249
16518.62249
16518.62249
16518.62249
16518.62249
16518.62249
16518.62249
16518.62249
16518.62249
16518.62249
16518.62249
16518.62249
16518.62249
16518.62249
16518.62249
16518.62249
16518.62249
16518.62249
16518.62249
16518.62249
16518.62249
16518.62249
16518.62249
16518.62249
16518.62249
16518.62249
16518.62249
16518.62249
16518.62249
16518.62249
16518.62249
16518.62249
16518.62249
16518.62249
16518.62249
16518.62249
16518.62249
16518.62249
16512.55745
16512.55745
16512.55745
16512.55745
16512.55745
16512.55745
16512.55745
16512.55745
16512.55745
16512.55745
16512.55745
16512.55745
16512.55745
16512.55745
16512.55745
16512.55745
16512.55745
16512.55745
16512.55745
16512.55745
16512.55745
16512.55745
16512.55745
16512.55745
16512.55745
16512.55745
16512.55745
16512.55745
16512.55745
16512.55745
16512.55745
16512.55745
16512.55745
16512.55745
16512.55745
16512.55745
16512.55745
16512.55745
16512.55745
16512.55745
16512.55745
16512.55745
16512.55745
16512.55745
16512.55745
16512.55745
16512.55745
16512.55745
16512.55745
16512.55745
16506.48578
16506.48578
16506.48578
16506.48578
16506.48578
16506.48578
16506.48578
16506.48578
16506.48578
16506.48578
16506.48578
16506.48578
16506.48578
16506.48578
16506.48578
16506.48578
16506.48578
16506.48578
16506.48578
16506.48578
16506.48578
16506.48578
16506.48578
16506.48578
16506.48578
16506.48578
16506.48578
16506.48578
16506.48578
16506.48578
16506.48578
16506.48578
16506.48578
16506.48578
16506.48578
16506.48578
16506.48578
16506.48578
16506.48578
16506.48578
16506.48578
16506.48578
16506.48578
16506.48578
16506.48578
16506.48578
16506.48578
16506.48578
16506.48578
16506.48578
16500.40751
16500.40751
16500.40751
16500.40751
16500.40751
16500.40751
16500.40751
16500.40751
16500.40751
16500.40751
16500.40751
16500.40751
16500.40751
16500.40751
16500.40751
16500.40751
16500.40751
16500.40751
16500.40751
16500.40751
16500.40751
16500.40751
16500.40751
16500.40751
16500.40751
16500.40751
16500.40751
16500.40751
16500.40751
16500.40751
16500.40751
16500.40751
16500.40751
16500.40751
16500.40751
16500.40751
16500.40751
16500.40751
16500.40751
16500.40751
16500.40751
16500.40751
16500.40751
16500.40751
16500.40751
16500.40751
16500.40751
16500.40751
16500.40751
16500.40751
16494.32266
16494.32266
16494.32266
16494.32266
16494.32266
16494.32266
16494.32266
16494.32266
16494.32266
16494.32266
16494.32266
16494.32266
16494.32266
16494.32266
16494.32266
16494.32266
16494.32266
16494.32266
16494.32266
16494.32266
16494.32266
16494.32266
16494.32266
16494.32266
16494.32266
16494.32266
16494.32266
16494.32266
16494.32266
16494.32266
16494.32266
16494.32266
16494.32266
16494.32266
16494.32266
16494.32266
16494.32266
16494.32266
16494.32266
16494.32266
16494.32266
16494.32266
16494.32266
16494.32266
16494.32266
16494.32266
16494.32266
16494.32266
16494.32266
16494.32266
16488.23127
16488.23127
16488.23127
16488.23127
16488.23127
16488.23127
16488.23127
16488.23127
16488.23127
16488.23127
16488.23127
16488.23127
16488.23127
16488.23127
16488.23127
16488.23127
16488.23127
16488.23127
16488.23127
16488.23127
16488.23127
16488.23127
16488.23127
16488.23127
16488.23127
16488.23127
16488.23127
16488.23127
16488.23127
16488.23127
16488.23127
16488.23127
16488.23127
16488.23127
16488.23127
16488.23127
16488.23127
16488.23127
16488.23127
16488.23127
16488.23127
16488.23127
16488.23127
16488.23127
16488.23127
16488.23127
16488.23127
16488.23127
16488.23127
16488.23127
16482.13336
16482.13336
16482.13336
16482.13336
16482.13336
16482.13336
16482.13336
16482.13336
16482.13336
16482.13336
16482.13336
16482.13336
16482.13336
16482.13336
16482.13336
16482.13336
16482.13336
16482.13336
16482.13336
16482.13336
16482.13336
16482.13336
16482.13336
16482.13336
16482.13336
16482.13336
16482.13336
16482.13336
16482.13336
16482.13336
16482.13336
16482.13336
16482.13336
16482.13336
16482.13336
16482.13336
16482.13336
16482.13336
16482.13336
16482.13336
16482.13336
16482.13336
16482.13336
16482.13336
16482.13336
16482.13336
16482.13336
16482.13336
16482.13336
16482.13336
16476.02895
16476.02895
16476.02895
16476.02895
16476.02895
16476.02895
16476.02895
16476.02895
16476.02895
16476.02895
16476.02895
16476.02895
16476.02895
16476.02895
16476.02895
16476.02895
16476.02895
16476.02895
16476.02895
16476.02895
16476.02895
16476.02895
16476.02895
16476.02895
16476.02895
16476.02895
16476.02895
16476.02895
16476.02895
16476.02895
16476.02895
16476.02895
16476.02895
16476.02895
16476.02895
16476.02895
16476.02895
16476.02895
16476.02895
16476.02895
16476.02895
16476.02895
16476.02895
16476.02895
16476.02895
16476.02895
16476.02895
16476.02895
16476.02895
16476.02895
16469.91809
16469.91809
16469.91809
16469.91809
16469.91809
16469.91809
16469.91809
16469.91809
16469.91809
16469.91809
16469.91809
16469.91809
16469.91809
16469.91809
16469.91809
16469.91809
16469.91809
16469.91809
16469.91809
16469.91809
16469.91809
16469.91809
16469.91809
16469.91809
16469.91809
16469.91809
16469.91809
16469.91809
16469.91809
16469.91809
16469.91809
16469.91809
16469.91809
16469.91809
16469.91809
16469.91809
16469.91809
16469.91809
16469.91809
16469.91809
16469.91809
16469.91809
16469.91809
16469.91809
16469.91809
16469.91809
16469.91809
16469.91809
16469.91809
16469.91809
16463.80079
16463.80079
16463.80079
16463.80079
16463.80079
16463.80079
16463.80079
16463.80079
16463.80079
16463.80079
16463.80079
16463.80079
16463.80079
16463.80079
16463.80079
16463.80079
16463.80079
16463.80079
16463.80079
16463.80079
16463.80079
16463.80079
16463.80079
16463.80079
16463.80079
16463.80079
16463.80079
16463.80079
16463.80079
16463.80079
16463.80079
16463.80079
16463.80079
16463.80079
16463.80079
16463.80079
16463.80079
16463.80079
16463.80079
16463.80079
16463.80079
16463.80079
16463.80079
16463.80079
16463.80079
16463.80079
16463.80079
16463.80079
16463.80079
16463.80079
16457.67708
16457.67708
16457.67708
16457.67708
16457.67708
16457.67708
16457.67708
16457.67708
16457.67708
16457.67708
16457.67708
16457.67708
16457.67708
16457.67708
16457.67708
16457.67708
16457.67708
16457.67708
16457.67708
16457.67708
16457.67708
16457.67708
16457.67708
16457.67708
16457.67708
16457.67708
16457.67708
16457.67708
16457.67708
16457.67708
16457.67708
16457.67708
16457.67708
16457.67708
16457.67708
16457.67708
16457.67708
16457.67708
16457.67708
16457.67708
16457.67708
16457.67708
16457.67708
16457.67708
16457.67708
16457.67708
16457.67708
16457.67708
16457.67708
16457.67708
16451.547
16451.547
16451.547
16451.547
16451.547
16451.547
16451.547
16451.547
16451.547
16451.547
16451.547
16451.547
16451.547
16451.547
16451.547
16451.547
16451.547
16451.547
16451.547
16451.547
16451.547
16451.547
16451.547
16451.547
16451.547
16451.547
16451.547
16451.547
16451.547
16451.547
16451.547
16451.547
16451.547
16451.547
16451.547
16451.547
16451.547
16451.547
16451.547
16451.547
16451.547
16451.547
16451.547
16451.547
16451.547
16451.547
16451.547
16451.547
16451.547
16451.547
16445.41058
16445.41058
16445.41058
16445.41058
16445.41058
16445.41058
16445.41058
16445.41058
16445.41058
16445.41058
16445.41058
16445.41058
16445.41058
16445.41058
16445.41058
16445.41058
16445.41058
16445.41058
16445.41058
16445.41058
16445.41058
16445.41058
16445.41058
16445.41058
16445.41058
16445.41058
16445.41058
16445.41058
16445.41058
16445.41058
16445.41058
16445.41058
16445.41058
16445.41058
16445.41058
16445.41058
16445.41058
16445.41058
16445.41058
16445.41058
16445.41058
16445.41058
16445.41058
16445.41058
16445.41058
16445.41058
16445.41058
16445.41058
16445.41058
16445.41058
16439.26785
16439.26785
16439.26785
16439.26785
16439.26785
16439.26785
16439.26785
16439.26785
16439.26785
16439.26785
16439.26785
16439.26785
16439.26785
16439.26785
16439.26785
16439.26785
16439.26785
16439.26785
16439.26785
16439.26785
16439.26785
16439.26785
16439.26785
16439.26785
16439.26785
16439.26785
16439.26785
16439.26785
16439.26785
16439.26785
16439.26785
16439.26785
16439.26785
16439.26785
16439.26785
16439.26785
16439.26785
16439.26785
16439.26785
16439.26785
16439.26785
16439.26785
16439.26785
16439.26785
16439.26785
16439.26785
16439.26785
16439.26785
16439.26785
16439.26785
16433.11883
16433.11883
16433.11883
16433.11883
16433.11883
16433.11883
16433.11883
16433.11883
16433.11883
16433.11883
16433.11883
16433.11883
16433.11883
16433.11883
16433.11883
16433.11883
16433.11883
16433.11883
16433.11883
16433.11883
16433.11883
16433.11883
16433.11883
16433.11883
16433.11883
16433.11883
16433.11883
16433.11883
16433.11883
16433.11883
16433.11883
16433.11883
16433.11883
16433.11883
16433.11883
16433.11883
16433.11883
16433.11883
16433.11883
16433.11883
16433.11883
16433.11883
16433.11883
16433.11883
16433.11883
16433.11883
16433.11883
16433.11883
16433.11883
16433.11883
16426.96356
16426.96356
16426.96356
16426.96356
16426.96356
16426.96356
16426.96356
16426.96356
16426.96356
16426.96356
16426.96356
16426.96356
16426.96356
16426.96356
16426.96356
16426.96356
16426.96356
16426.96356
16426.96356
16426.96356
16426.96356
16426.96356
16426.96356
16426.96356
16426.96356
16426.96356
16426.96356
16426.96356
16426.96356
16426.96356
16426.96356
16426.96356
16426.96356
16426.96356
16426.96356
16426.96356
16426.96356
16426.96356
16426.96356
16426.96356
16426.96356
16426.96356
16426.96356
16426.96356
16426.96356
16426.96356
16426.96356
16426.96356
16426.96356
16426.96356
16420.80208
16420.80208
16420.80208
16420.80208
16420.80208
16420.80208
16420.80208
16420.80208
16420.80208
16420.80208
16420.80208
16420.80208
16420.80208
16420.80208
16420.80208
16420.80208
16420.80208
16420.80208
16420.80208
16420.80208
16420.80208
16420.80208
16420.80208
16420.80208
16420.80208
16420.80208
16420.80208
16420.80208
16420.80208
16420.80208
16420.80208
16420.80208
16420.80208
16420.80208
16420.80208
16420.80208
16420.80208
16420.80208
16420.80208
16420.80208
16420.80208
16420.80208
16420.80208
16420.80208
16420.80208
16420.80208
16420.80208
16420.80208
16420.80208
16420.80208
16414.63441
16414.63441
16414.63441
16414.63441
16414.63441
16414.63441
16414.63441
16414.63441
16414.63441
16414.63441
16414.63441
16414.63441
16414.63441
16414.63441
16414.63441
16414.63441
16414.63441
16414.63441
16414.63441
16414.63441
16414.63441
16414.63441
16414.63441
16414.63441
16414.63441
16414.63441
16414.63441
16414.63441
16414.63441
16414.63441
16414.63441
16414.63441
16414.63441
16414.63441
16414.63441
16414.63441
16414.63441
16414.63441
16414.63441
16414.63441
16414.63441
16414.63441
16414.63441
16414.63441
16414.63441
16414.63441
16414.63441
16414.63441
16414.63441
16414.63441
16408.4606
16408.4606
16408.4606
16408.4606
16408.4606
16408.4606
16408.4606
16408.4606
16408.4606
16408.4606
16408.4606
16408.4606
16408.4606
16408.4606
16408.4606
16408.4606
16408.4606
16408.4606
16408.4606
16408.4606
16408.4606
16408.4606
16408.4606
16408.4606
16408.4606
16408.4606
16408.4606
16408.4606
16408.4606
16408.4606
16408.4606
16408.4606
16408.4606
16408.4606
16408.4606
16408.4606
16408.4606
16408.4606
16408.4606
16408.4606
16408.4606
16408.4606
16408.4606
16408.4606
16408.4606
16408.4606
16408.4606
16408.4606
16408.4606
16408.4606
16402.28066
16402.28066
16402.28066
16402.28066
16402.28066
16402.28066
16402.28066
16402.28066
16402.28066
16402.28066
16402.28066
16402.28066
16402.28066
16402.28066
16402.28066
16402.28066
16402.28066
16402.28066
16402.28066
16402.28066
16402.28066
16402.28066
16402.28066
16402.28066
16402.28066
16402.28066
16402.28066
16402.28066
16402.28066
16402.28066
16402.28066
16402.28066
16402.28066
16402.28066
16402.28066
16402.28066
16402.28066
16402.28066
16402.28066
16402.28066
16402.28066
16402.28066
16402.28066
16402.28066
16402.28066
16402.28066
16402.28066
16402.28066
16402.28066
16402.28066
16396.09464
16396.09464
16396.09464
16396.09464
16396.09464
16396.09464
16396.09464
16396.09464
16396.09464
16396.09464
16396.09464
16396.09464
16396.09464
16396.09464
16396.09464
16396.09464
16396.09464
16396.09464
16396.09464
16396.09464
16396.09464
16396.09464
16396.09464
16396.09464
16396.09464
16396.09464
16396.09464
16396.09464
16396.09464
16396.09464
16396.09464
16396.09464
16396.09464
16396.09464
16396.09464
16396.09464
16396.09464
16396.09464
16396.09464
16396.09464
16396.09464
16396.09464
16396.09464
16396.09464
16396.09464
16396.09464
16396.09464
16396.09464
16396.09464
16396.09464
16389.90258
16389.90258
16389.90258
16389.90258
16389.90258
16389.90258
16389.90258
16389.90258
16389.90258
16389.90258
16389.90258
16389.90258
16389.90258
16389.90258
16389.90258
16389.90258
16389.90258
16389.90258
16389.90258
16389.90258
16389.90258
16389.90258
16389.90258
16389.90258
16389.90258
16389.90258
16389.90258
16389.90258
16389.90258
16389.90258
16389.90258
16389.90258
16389.90258
16389.90258
16389.90258
16389.90258
16389.90258
16389.90258
16389.90258
16389.90258
16389.90258
16389.90258
16389.90258
16389.90258
16389.90258
16389.90258
16389.90258
16389.90258
16389.90258
16389.90258
16383.7045
16383.7045
16383.7045
16383.7045
16383.7045
16383.7045
16383.7045
16383.7045
16383.7045
16383.7045
16383.7045
16383.7045
16383.7045
16383.7045
16383.7045
16383.7045
16383.7045
16383.7045
16383.7045
16383.7045
16383.7045
16383.7045
16383.7045
16383.7045
16383.7045
16383.7045
16383.7045
16383.7045
16383.7045
16383.7045
16383.7045
16383.7045
16383.7045
16383.7045
16383.7045
16383.7045
16383.7045
16383.7045
16383.7045
16383.7045
16383.7045
16383.7045
16383.7045
16383.7045
16383.7045
16383.7045
16383.7045
16383.7045
16383.7045
16383.7045
16377.50044
16377.50044
16377.50044
16377.50044
16377.50044
16377.50044
16377.50044
16377.50044
16377.50044
16377.50044
16377.50044
16377.50044
16377.50044
16377.50044
16377.50044
16377.50044
16377.50044
16377.50044
16377.50044
16377.50044
16377.50044
16377.50044
16377.50044
16377.50044
16377.50044
16377.50044
16377.50044
16377.50044
16377.50044
16377.50044
16377.50044
16377.50044
16377.50044
16377.50044
16377.50044
16377.50044
16377.50044
16377.50044
16377.50044
16377.50044
16377.50044
16377.50044
16377.50044
16377.50044
16377.50044
16377.50044
16377.50044
16377.50044
16377.50044
16377.50044
16371.29045
16371.29045
16371.29045
16371.29045
16371.29045
16371.29045
16371.29045
16371.29045
16371.29045
16371.29045
16371.29045
16371.29045
16371.29045
16371.29045
16371.29045
16371.29045
16371.29045
16371.29045
16371.29045
16371.29045
16371.29045
16371.29045
16371.29045
16371.29045
16371.29045
16371.29045
16371.29045
16371.29045
16371.29045
16371.29045
16371.29045
16371.29045
16371.29045
16371.29045
16371.29045
16371.29045
16371.29045
16371.29045
16371.29045
16371.29045
16371.29045
16371.29045
16371.29045
16371.29045
16371.29045
16371.29045
16371.29045
16371.29045
16371.29045
16371.29045
16365.07455
16365.07455
16365.07455
16365.07455
16365.07455
16365.07455
16365.07455
16365.07455
16365.07455
16365.07455
16365.07455
16365.07455
16365.07455
16365.07455
16365.07455
16365.07455
16365.07455
16365.07455
16365.07455
16365.07455
16365.07455
16365.07455
16365.07455
16365.07455
16365.07455
16365.07455
16365.07455
16365.07455
16365.07455
16365.07455
16365.07455
16365.07455
16365.07455
16365.07455
16365.07455
16365.07455
16365.07455
16365.07455
16365.07455
16365.07455
16365.07455
16365.07455
16365.07455
16365.07455
16365.07455
16365.07455
16365.07455
16365.07455
16365.07455
16365.07455
16358.85278
16358.85278
16358.85278
16358.85278
16358.85278
16358.85278
16358.85278
16358.85278
16358.85278
16358.85278
16358.85278
16358.85278
16358.85278
16358.85278
16358.85278
16358.85278
16358.85278
16358.85278
16358.85278
16358.85278
16358.85278
16358.85278
16358.85278
16358.85278
16358.85278
16358.85278
16358.85278
16358.85278
16358.85278
16358.85278
16358.85278
16358.85278
16358.85278
16358.85278
16358.85278
16358.85278
16358.85278
16358.85278
16358.85278
16358.85278
16358.85278
16358.85278
16358.85278
16358.85278
16358.85278
16358.85278
16358.85278
16358.85278
16358.85278
16358.85278
16352.62518
16352.62518
16352.62518
16352.62518
16352.62518
16352.62518
16352.62518
16352.62518
16352.62518
16352.62518
16352.62518
16352.62518
16352.62518
16352.62518
16352.62518
16352.62518
16352.62518
16352.62518
16352.62518
16352.62518
16352.62518
16352.62518
16352.62518
16352.62518
16352.62518
16352.62518
16352.62518
16352.62518
16352.62518
16352.62518
16352.62518
16352.62518
16352.62518
16352.62518
16352.62518
16352.62518
16352.62518
16352.62518
16352.62518
16352.62518
16352.62518
16352.62518
16352.62518
16352.62518
16352.62518
16352.62518
16352.62518
16352.62518
16352.62518
16352.62518
16346.3918
16346.3918
16346.3918
16346.3918
16346.3918
16346.3918
16346.3918
16346.3918
16346.3918
16346.3918
16346.3918
16346.3918
16346.3918
16346.3918
16346.3918
16346.3918
16346.3918
16346.3918
16346.3918
16346.3918
16346.3918
16346.3918
16346.3918
16346.3918
16346.3918
16346.3918
16346.3918
16346.3918
16346.3918
16346.3918
16346.3918
16346.3918
16346.3918
16346.3918
16346.3918
16346.3918
16346.3918
16346.3918
16346.3918
16346.3918
16346.3918
16346.3918
16346.3918
16346.3918
16346.3918
16346.3918
16346.3918
16346.3918
16346.3918
16346.3918
16340.15267
16340.15267
16340.15267
16340.15267
16340.15267
16340.15267
16340.15267
16340.15267
16340.15267
16340.15267
16340.15267
16340.15267
16340.15267
16340.15267
16340.15267
16340.15267
16340.15267
16340.15267
16340.15267
16340.15267
16340.15267
16340.15267
16340.15267
16340.15267
16340.15267
16340.15267
16340.15267
16340.15267
16340.15267
16340.15267
16340.15267
16340.15267
16340.15267
16340.15267
16340.15267
16340.15267
16340.15267
16340.15267
16340.15267
16340.15267
16340.15267
16340.15267
16340.15267
16340.15267
16340.15267
16340.15267
16340.15267
16340.15267
16340.15267
16340.15267
16333.90782
16333.90782
16333.90782
16333.90782
16333.90782
16333.90782
16333.90782
16333.90782
16333.90782
16333.90782
16333.90782
16333.90782
16333.90782
16333.90782
16333.90782
16333.90782
16333.90782
16333.90782
16333.90782
16333.90782
16333.90782
16333.90782
16333.90782
16333.90782
16333.90782
16333.90782
16333.90782
16333.90782
16333.90782
16333.90782
16333.90782
16333.90782
16333.90782
16333.90782
16333.90782
16333.90782
16333.90782
16333.90782
16333.90782
16333.90782
16333.90782
16333.90782
16333.90782
16333.90782
16333.90782
16333.90782
16333.90782
16333.90782
16333.90782
16333.90782
16327.6573
16327.6573
16327.6573
16327.6573
16327.6573
16327.6573
16327.6573
16327.6573
16327.6573
16327.6573
16327.6573
16327.6573
16327.6573
16327.6573
16327.6573
16327.6573
16327.6573
16327.6573
16327.6573
16327.6573
16327.6573
16327.6573
16327.6573
16327.6573
16327.6573
16327.6573
16327.6573
16327.6573
16327.6573
16327.6573
16327.6573
16327.6573
16327.6573
16327.6573
16327.6573
16327.6573
16327.6573
16327.6573
16327.6573
16327.6573
16327.6573
16327.6573
16327.6573
16327.6573
16327.6573
16327.6573
16327.6573
16327.6573
16327.6573
16327.6573
16321.40116
16321.40116
16321.40116
16321.40116
16321.40116
16321.40116
16321.40116
16321.40116
16321.40116
16321.40116
16321.40116
16321.40116
16321.40116
16321.40116
16321.40116
16321.40116
16321.40116
16321.40116
16321.40116
16321.40116
16321.40116
16321.40116
16321.40116
16321.40116
16321.40116
16321.40116
16321.40116
16321.40116
16321.40116
16321.40116
16321.40116
16321.40116
16321.40116
16321.40116
16321.40116
16321.40116
16321.40116
16321.40116
16321.40116
16321.40116
16321.40116
16321.40116
16321.40116
16321.40116
16321.40116
16321.40116
16321.40116
16321.40116
16321.40116
16321.40116
16315.13942
16315.13942
16315.13942
16315.13942
16315.13942
16315.13942
16315.13942
16315.13942
16315.13942
16315.13942
16315.13942
16315.13942
16315.13942
16315.13942
16315.13942
16315.13942
16315.13942
16315.13942
16315.13942
16315.13942
16315.13942
16315.13942
16315.13942
16315.13942
16315.13942
16315.13942
16315.13942
16315.13942
16315.13942
16315.13942
16315.13942
16315.13942
16315.13942
16315.13942
16315.13942
16315.13942
16315.13942
16315.13942
16315.13942
16315.13942
16315.13942
16315.13942
16315.13942
16315.13942
16315.13942
16315.13942
16315.13942
16315.13942
16315.13942
16315.13942
16308.87214
16308.87214
16308.87214
16308.87214
16308.87214
16308.87214
16308.87214
16308.87214
16308.87214
16308.87214
16308.87214
16308.87214
16308.87214
16308.87214
16308.87214
16308.87214
16308.87214
16308.87214
16308.87214
16308.87214
16308.87214
16308.87214
16308.87214
16308.87214
16308.87214
16308.87214
16308.87214
16308.87214
16308.87214
16308.87214
16308.87214
16308.87214
16308.87214
16308.87214
16308.87214
16308.87214
16308.87214
16308.87214
16308.87214
16308.87214
16308.87214
16308.87214
16308.87214
16308.87214
16308.87214
16308.87214
16308.87214
16308.87214
16308.87214
16308.87214
16302.59935
16302.59935
16302.59935
16302.59935
16302.59935
16302.59935
16302.59935
16302.59935
16302.59935
16302.59935
16302.59935
16302.59935
16302.59935
16302.59935
16302.59935
16302.59935
16302.59935
16302.59935
16302.59935
16302.59935
16302.59935
16302.59935
16302.59935
16302.59935
16302.59935
16302.59935
16302.59935
16302.59935
16302.59935
16302.59935
16302.59935
16302.59935
16302.59935
16302.59935
16302.59935
16302.59935
16302.59935
16302.59935
16302.59935
16302.59935
16302.59935
16302.59935
16302.59935
16302.59935
16302.59935
16302.59935
16302.59935
16302.59935
16302.59935
16302.59935
16296.3211
16296.3211
16296.3211
16296.3211
16296.3211
16296.3211
16296.3211
16296.3211
16296.3211
16296.3211
16296.3211
16296.3211
16296.3211
16296.3211
16296.3211
16296.3211
16296.3211
16296.3211
16296.3211
16296.3211
16296.3211
16296.3211
16296.3211
16296.3211
16296.3211
16296.3211
16296.3211
16296.3211
16296.3211
16296.3211
16296.3211
16296.3211
16296.3211
16296.3211
16296.3211
16296.3211
16296.3211
16296.3211
16296.3211
16296.3211
16296.3211
16296.3211
16296.3211
16296.3211
16296.3211
16296.3211
16296.3211
16296.3211
16296.32111
16296.32111
16290.03744
16290.03744
16290.03744
16290.03744
16290.03744
16290.03744
16290.03744
16290.03744
16290.03744
16290.03744
16290.03744
16290.03744
16290.03744
16290.03744
16290.03744
16290.03744
16290.03744
16290.03744
16290.03744
16290.03744
16290.03744
16290.03744
16290.03744
16290.03744
16290.03744
16290.03744
16290.03744
16290.03744
16290.03744
16290.03744
16290.03744
16290.03744
16290.03744
16290.03744
16290.03744
16290.03744
16290.03744
16290.03744
16290.03744
16290.03744
16290.03744
16290.03744
16290.03744
16290.03744
16290.03744
16290.03744
16290.03744
16290.03744
16290.03744
16290.03744
16283.7484
16283.7484
16283.7484
16283.7484
16283.7484
16283.7484
16283.7484
16283.7484
16283.7484
16283.7484
16283.7484
16283.7484
16283.7484
16283.7484
16283.7484
16283.7484
16283.7484
16283.7484
16283.7484
16283.7484
16283.7484
16283.7484
16283.7484
16283.7484
16283.7484
16283.7484
16283.7484
16283.7484
16283.7484
16283.7484
16283.7484
16283.7484
16283.7484
16283.7484
16283.7484
16283.7484
16283.7484
16283.7484
16283.7484
16283.7484
16283.7484
16283.7484
16283.7484
16283.7484
16283.7484
16283.7484
16283.7484
16283.7484
16283.7484
16283.7484
16277.45404
16277.45404
16277.45404
16277.45404
16277.45404
16277.45404
16277.45404
16277.45404
16277.45404
16277.45404
16277.45404
16277.45404
16277.45404
16277.45404
16277.45404
16277.45404
16277.45404
16277.45404
16277.45404
16277.45404
16277.45404
16277.45404
16277.45404
16277.45404
16277.45404
16277.45404
16277.45404
16277.45404
16277.45404
16277.45404
16277.45404
16277.45404
16277.45404
16277.45404
16277.45404
16277.45404
16277.45404
16277.45404
16277.45404
16277.45404
16277.45404
16277.45404
16277.45404
16277.45404
16277.45404
16277.45404
16277.45404
16277.45404
16277.45404
16277.45404
16271.15439
16271.15439
16271.15439
16271.15439
16271.15439
16271.15439
16271.15439
16271.15439
16271.15439
16271.15439
16271.15439
16271.15439
16271.15439
16271.15439
16271.15439
16271.15439
16271.15439
16271.15439
16271.15439
16271.15439
16271.15439
16271.15439
16271.15439
16271.15439
16271.15439
16271.15439
16271.15439
16271.15439
16271.15439
16271.15439
16271.15439
16271.15439
16271.15439
16271.15439
16271.15439
16271.15439
16271.15439
16271.15439
16271.15439
16271.15439
16271.15439
16271.15439
16271.15439
16271.15439
16271.15439
16271.15439
16271.15439
16271.15439
16271.15439
16271.15439
16264.8495
16264.8495
16264.8495
16264.8495
16264.8495
16264.8495
16264.8495
16264.8495
16264.8495
16264.8495
16264.8495
16264.8495
16264.8495
16264.8495
16264.8495
16264.8495
16264.8495
16264.8495
16264.8495
16264.8495
16264.8495
16264.8495
16264.8495
16264.8495
16264.8495
16264.8495
16264.8495
16264.8495
16264.8495
16264.8495
16264.8495
16264.8495
16264.8495
16264.84951
16264.84951
16264.84951
16264.84951
16264.84951
16264.84951
16264.84951
16264.84951
16264.84951
16264.84951
16264.84951
16264.84951
16264.84951
16264.84951
16264.84951
16264.84951
16264.84951
16258.53943
16258.53943
16258.53943
16258.53943
16258.53943
16258.53943
16258.53943
16258.53943
16258.53943
16258.53943
16258.53943
16258.53943
16258.53943
16258.53943
16258.53943
16258.53943
16258.53943
16258.53943
16258.53943
16258.53943
16258.53943
16258.53943
16258.53943
16258.53943
16258.53943
16258.53943
16258.53943
16258.53943
16258.53943
16258.53943
16258.53943
16258.53943
16258.53943
16258.53943
16258.53943
16258.53943
16258.53943
16258.53943
16258.53943
16258.53943
16258.53943
16258.53943
16258.53943
16258.53943
16258.53943
16258.53943
16258.53943
16258.53943
16258.53943
16258.53943
16252.22422
16252.22422
16252.22422
16252.22422
16252.22422
16252.22422
16252.22422
16252.22422
16252.22422
16252.22422
16252.22422
16252.22422
16252.22422
16252.22422
16252.22422
16252.22422
16252.22422
16252.22422
16252.22422
16252.22422
16252.22422
16252.22422
16252.22422
16252.22422
16252.22422
16252.22422
16252.22422
16252.22422
16252.22422
16252.22422
16252.22422
16252.22422
16252.22422
16252.22422
16252.22422
16252.22422
16252.22422
16252.22422
16252.22422
16252.22422
16252.22422
16252.22422
16252.22422
16252.22422
16252.22422
16252.22422
16252.22422
16252.22422
16252.22422
16252.22422
16245.90391
16245.90391
16245.90391
16245.90391
16245.90391
16245.90391
16245.90391
16245.90391
16245.90391
16245.90391
16245.90391
16245.90391
16245.90391
16245.90391
16245.90391
16245.90391
16245.90391
16245.90391
16245.90391
16245.90391
16245.90391
16245.90391
16245.90391
16245.90391
16245.90391
16245.90391
16245.90391
16245.90391
16245.90391
16245.90391
16245.90391
16245.90391
16245.90391
16245.90391
16245.90391
16245.90391
16245.90391
16245.90391
16245.90391
16245.90391
16245.90391
16245.90391
16245.90391
16245.90391
16245.90391
16245.90391
16245.90391
16245.90391
16245.90391
16245.90391
16239.57856
16239.57856
16239.57856
16239.57856
16239.57856
16239.57856
16239.57856
16239.57856
16239.57856
16239.57856
16239.57856
16239.57856
16239.57856
16239.57856
16239.57856
16239.57856
16239.57856
16239.57856
16239.57856
16239.57856
16239.57856
16239.57856
16239.57856
16239.57856
16239.57856
16239.57856
16239.57856
16239.57856
16239.57856
16239.57856
16239.57856
16239.57856
16239.57856
16239.57856
16239.57856
16239.57856
16239.57856
16239.57856
16239.57856
16239.57856
16239.57856
16239.57856
16239.57856
16239.57856
16239.57856
16239.57856
16239.57856
16239.57856
16239.57856
16239.57856
16233.24821
16233.24821
16233.24821
16233.24821
16233.24821
16233.24821
16233.24821
16233.24821
16233.24821
16233.24821
16233.24821
16233.24821
16233.24821
16233.24821
16233.24821
16233.24821
16233.24821
16233.24821
16233.24821
16233.24821
16233.24821
16233.24821
16233.24821
16233.24821
16233.24821
16233.24821
16233.24821
16233.24821
16233.24821
16233.24821
16233.24821
16233.24821
16233.24821
16233.24821
16233.24821
16233.24821
16233.24821
16233.24821
16233.24821
16233.24821
16233.24821
16233.24821
16233.24821
16233.24821
16233.24821
16233.24821
16233.24821
16233.24821
16233.24821
16233.24821
16226.91291
16226.91291
16226.91291
16226.91291
16226.91291
16226.91291
16226.91291
16226.91291
16226.91291
16226.91291
16226.91291
16226.91291
16226.91291
16226.91291
16226.91291
16226.91291
16226.91291
16226.91291
16226.91291
16226.91291
16226.91291
16226.91291
16226.91291
16226.91291
16226.91291
16226.91291
16226.91291
16226.91291
16226.91291
16226.91291
16226.91291
16226.91291
16226.91291
16226.91291
16226.91291
16226.91291
16226.91291
16226.91291
16226.91291
16226.91291
16226.91291
16226.91291
16226.91291
16226.91291
16226.91291
16226.91291
16226.91291
16226.91291
16226.91291
16226.91291
16220.57273
16220.57273
16220.57273
16220.57273
16220.57273
16220.57273
16220.57273
16220.57273
16220.57273
16220.57273
16220.57273
16220.57273
16220.57273
16220.57273
16220.57273
16220.57273
16220.57273
16220.57273
16220.57273
16220.57273
16220.57273
16220.57273
16220.57273
16220.57273
16220.57273
16220.57273
16220.57273
16220.57273
16220.57273
16220.57273
16220.57273
16220.57273
16220.57273
16220.57273
16220.57273
16220.57273
16220.57273
16220.57273
16220.57273
16220.57273
16220.57273
16220.57273
16220.57273
16220.57273
16220.57273
16220.57273
16220.57273
16220.57273
16220.57273
16220.57273
16214.2277
16214.2277
16214.2277
16214.2277
16214.2277
16214.2277
16214.2277
16214.2277
16214.2277
16214.2277
16214.2277
16214.2277
16214.2277
16214.2277
16214.2277
16214.2277
16214.2277
16214.2277
16214.2277
16214.2277
16214.2277
16214.2277
16214.2277
16214.2277
16214.2277
16214.2277
16214.2277
16214.2277
16214.2277
16214.2277
16214.2277
16214.2277
16214.2277
16214.2277
16214.2277
16214.2277
16214.2277
16214.2277
16214.2277
16214.2277
16214.2277
16214.2277
16214.2277
16214.2277
16214.2277
16214.2277
16214.2277
16214.2277
16214.2277
16214.2277
16207.87788
16207.87788
16207.87788
16207.87788
16207.87788
16207.87788
16207.87788
16207.87788
16207.87788
16207.87788
16207.87788
16207.87788
16207.87788
16207.87788
16207.87788
16207.87788
16207.87788
16207.87788
16207.87788
16207.87788
16207.87788
16207.87788
16207.87788
16207.87788
16207.87788
16207.87788
16207.87788
16207.87788
16207.87788
16207.87788
16207.87788
16207.87788
16207.87788
16207.87788
16207.87788
16207.87788
16207.87788
16207.87788
16207.87788
16207.87788
16207.87788
16207.87788
16207.87788
16207.87788
16207.87788
16207.87788
16207.87788
16207.87788
16207.87788
16207.87788
16201.52332
16201.52332
16201.52332
16201.52332
16201.52332
16201.52332
16201.52332
16201.52332
16201.52332
16201.52332
16201.52332
16201.52332
16201.52332
16201.52332
16201.52332
16201.52332
16201.52332
16201.52332
16201.52332
16201.52332
16201.52332
16201.52332
16201.52332
16201.52332
16201.52332
16201.52332
16201.52332
16201.52332
16201.52332
16201.52332
16201.52332
16201.52332
16201.52332
16201.52332
16201.52332
16201.52332
16201.52332
16201.52332
16201.52332
16201.52332
16201.52332
16201.52332
16201.52332
16201.52332
16201.52332
16201.52332
16201.52332
16201.52332
16201.52332
16201.52332
16195.16408
16195.16408
16195.16408
16195.16408
16195.16408
16195.16408
16195.16408
16195.16408
16195.16408
16195.16408
16195.16408
16195.16408
16195.16408
16195.16408
16195.16408
16195.16408
16195.16408
16195.16408
16195.16408
16195.16408
16195.16408
16195.16408
16195.16408
16195.16408
16195.16408
16195.16408
16195.16408
16195.16408
16195.16408
16195.16408
16195.16408
16195.16408
16195.16408
16195.16408
16195.16408
16195.16408
16195.16408
16195.16408
16195.16408
16195.16408
16195.16408
16195.16408
16195.16408
16195.16408
16195.16408
16195.16408
16195.16408
16195.16408
16195.16408
16195.16408
16188.80021
16188.80021
16188.80021
16188.80021
16188.80021
16188.80021
16188.80021
16188.80021
16188.80021
16188.80021
16188.80021
16188.80021
16188.80021
16188.80021
16188.80021
16188.80021
16188.80021
16188.80021
16188.80021
16188.80021
16188.80021
16188.80021
16188.80021
16188.80021
16188.80021
16188.80021
16188.80021
16188.80021
16188.80021
16188.80021
16188.80021
16188.80021
16188.80021
16188.80021
16188.80021
16188.80021
16188.80021
16188.80021
16188.80021
16188.80021
16188.80021
16188.80021
16188.80021
16188.80021
16188.80021
16188.80021
16188.80021
16188.80021
16188.80021
16188.80021
16182.43177
16182.43177
16182.43177
16182.43177
16182.43177
16182.43177
16182.43177
16182.43177
16182.43177
16182.43177
16182.43177
16182.43177
16182.43177
16182.43177
16182.43177
16182.43177
16182.43177
16182.43177
16182.43177
16182.43177
16182.43177
16182.43177
16182.43177
16182.43177
16182.43177
16182.43177
16182.43177
16182.43177
16182.43177
16182.43177
16182.43177
16182.43177
16182.43177
16182.43177
16182.43177
16182.43177
16182.43177
16182.43177
16182.43177
16182.43177
16182.43177
16182.43177
16182.43177
16182.43177
16182.43177
16182.43177
16182.43177
16182.43177
16182.43177
16182.43177
16176.05881
16176.05881
16176.05881
16176.05881
16176.05881
16176.05881
16176.05881
16176.05881
16176.05881
16176.05881
16176.05881
16176.05881
16176.05881
16176.05881
16176.05881
16176.05881
16176.05881
16176.05881
16176.05881
16176.05881
16176.05881
16176.05881
16176.05881
16176.05881
16176.05881
16176.05881
16176.05881
16176.05881
16176.05881
16176.05881
16176.05881
16176.05881
16176.05881
16176.05881
16176.05881
16176.05881
16176.05881
16176.05881
16176.05881
16176.05881
16176.05881
16176.05881
16176.05881
16176.05881
16176.05881
16176.05881
16176.05881
16176.05881
16176.05881
16176.05881
16169.68139
16169.68139
16169.68139
16169.68139
16169.68139
16169.68139
16169.68139
16169.68139
16169.68139
16169.68139
16169.68139
16169.68139
16169.68139
16169.68139
16169.68139
16169.68139
16169.68139
16169.68139
16169.68139
16169.68139
16169.68139
16169.68139
16169.68139
16169.68139
16169.68139
16169.68139
16169.68139
16169.68139
16169.68139
16169.68139
16169.68139
16169.68139
16169.68139
16169.68139
16169.68139
16169.68139
16169.68139
16169.68139
16169.68139
16169.68139
16169.68139
16169.68139
16169.68139
16169.68139
16169.68139
16169.68139
16169.68139
16169.68139
16169.68139
16169.68139
16163.29957
16163.29957
16163.29957
16163.29957
16163.29957
16163.29957
16163.29957
16163.29957
16163.29957
16163.29957
16163.29957
16163.29957
16163.29957
16163.29957
16163.29957
16163.29957
16163.29957
16163.29957
16163.29957
16163.29957
16163.29957
16163.29957
16163.29957
16163.29957
16163.29957
16163.29957
16163.29957
16163.29957
16163.29957
16163.29957
16163.29957
16163.29957
16163.29957
16163.29957
16163.29957
16163.29957
16163.29957
16163.29957
16163.29957
16163.29957
16163.29957
16163.29957
16163.29957
16163.29956
16163.29956
16163.29956
16163.29956
16163.29956
16163.29956
16163.29956
16156.9134
16156.9134
16156.9134
16156.9134
16156.9134
16156.9134
16156.9134
16156.9134
16156.9134
16156.9134
16156.9134
16156.9134
16156.9134
16156.9134
16156.9134
16156.9134
16156.9134
16156.9134
16156.9134
16156.9134
16156.9134
16156.9134
16156.9134
16156.9134
16156.9134
16156.9134
16156.9134
16156.9134
16156.9134
16156.9134
16156.9134
16156.9134
16156.9134
16156.9134
16156.9134
16156.9134
16156.91339
16156.91339
16156.91339
16156.91339
16156.91339
16156.91339
16156.91339
16156.91339
16156.91339
16156.91339
16156.91339
16156.91339
16156.91339
16156.91339
16150.52294
16150.52294
16150.52294
16150.52294
16150.52294
16150.52294
16150.52294
16150.52294
16150.52294
16150.52294
16150.52294
16150.52294
16150.52294
16150.52294
16150.52294
16150.52294
16150.52294
16150.52294
16150.52294
16150.52294
16150.52294
16150.52294
16150.52294
16150.52294
16150.52294
16150.52294
16150.52294
16150.52294
16150.52294
16150.52294
16150.52294
16150.52294
16150.52294
16150.52294
16150.52294
16150.52294
16150.52294
16150.52294
16150.52294
16150.52294
16150.52294
16150.52294
16150.52294
16150.52294
16150.52294
16150.52294
16150.52294
16150.52294
16150.52294
16150.52294
16144.12826
16144.12826
16144.12826
16144.12826
16144.12826
16144.12826
16144.12826
16144.12826
16144.12826
16144.12826
16144.12826
16144.12826
16144.12826
16144.12826
16144.12826
16144.12826
16144.12826
16144.12826
16144.12826
16144.12826
16144.12826
16144.12826
16144.12826
16144.12826
16144.12826
16144.12826
16144.12826
16144.12826
16144.12826
16144.12826
16144.12826
16144.12826
16144.12826
16144.12826
16144.12826
16144.12826
16144.12826
16144.12826
16144.12826
16144.12826
16144.12826
16144.12826
16144.12826
16144.12826
16144.12826
16144.12826
16144.12826
16144.12826
16144.12826
16144.12826
16137.72941
16137.72941
16137.72941
16137.72941
16137.72941
16137.72941
16137.72941
16137.72941
16137.72941
16137.72941
16137.72941
16137.72941
16137.72941
16137.72941
16137.72941
16137.72941
16137.72941
16137.72941
16137.72941
16137.72941
16137.72941
16137.72941
16137.72941
16137.72941
16137.72941
16137.72941
16137.72941
16137.72941
16137.72941
16137.72941
16137.72941
16137.72941
16137.72941
16137.72941
16137.72941
16137.72941
16137.72941
16137.72941
16137.72941
16137.72941
16137.72941
16137.72941
16137.72941
16137.72941
16137.72941
16137.72941
16137.72941
16137.72941
16137.72941
16137.72941
16131.32645
16131.32645
16131.32645
16131.32645
16131.32645
16131.32645
16131.32645
16131.32645
16131.32645
16131.32645
16131.32645
16131.32645
16131.32645
16131.32645
16131.32645
16131.32645
16131.32645
16131.32645
16131.32645
16131.32645
16131.32645
16131.32645
16131.32645
16131.32645
16131.32645
16131.32645
16131.32645
16131.32645
16131.32645
16131.32645
16131.32645
16131.32645
16131.32645
16131.32645
16131.32645
16131.32645
16131.32645
16131.32645
16131.32645
16131.32645
16131.32645
16131.32645
16131.32645
16131.32645
16131.32645
16131.32645
16131.32645
16131.32645
16131.32645
16131.32645
16124.91946
16124.91946
16124.91946
16124.91946
16124.91946
16124.91946
16124.91946
16124.91946
16124.91946
16124.91946
16124.91946
16124.91946
16124.91946
16124.91946
16124.91946
16124.91946
16124.91946
16124.91946
16124.91946
16124.91946
16124.91946
16124.91946
16124.91946
16124.91946
16124.91946
16124.91946
16124.91946
16124.91946
16124.91946
16124.91946
16124.91946
16124.91946
16124.91946
16124.91946
16124.91946
16124.91946
16124.91946
16124.91946
16124.91946
16124.91946
16124.91946
16124.91946
16124.91946
16124.91946
16124.91946
16124.91946
16124.91946
16124.91946
16124.91946
16124.91946
16118.50848
16118.50848
16118.50848
16118.50848
16118.50848
16118.50848
16118.50848
16118.50848
16118.50848
16118.50848
16118.50848
16118.50848
16118.50848
16118.50848
16118.50848
16118.50848
16118.50848
16118.50848
16118.50848
16118.50848
16118.50848
16118.50848
16118.50848
16118.50848
16118.50848
16118.50848
16118.50848
16118.50848
16118.50848
16118.50848
16118.50848
16118.50848
16118.50848
16118.50848
16118.50848
16118.50848
16118.50848
16118.50848
16118.50848
16118.50848
16118.50848
16118.50848
16118.50848
16118.50848
16118.50848
16118.50848
16118.50848
16118.50848
16118.50848
16118.50848
16112.09359
16112.09359
16112.09359
16112.09359
16112.09359
16112.09359
16112.09359
16112.09359
16112.09359
16112.09359
16112.09359
16112.09359
16112.09359
16112.09359
16112.09359
16112.09359
16112.09359
16112.09359
16112.09359
16112.09359
16112.09359
16112.09359
16112.09359
16112.09359
16112.09359
16112.09359
16112.09359
16112.09359
16112.09359
16112.09359
16112.09359
16112.09359
16112.09359
16112.09359
16112.09359
16112.09359
16112.09359
16112.09359
16112.09359
16112.09359
16112.09359
16112.09359
16112.09359
16112.09359
16112.09359
16112.09359
16112.09359
16112.09359
16112.09359
16112.09359
16105.67485
16105.67485
16105.67485
16105.67485
16105.67485
16105.67485
16105.67485
16105.67485
16105.67485
16105.67485
16105.67485
16105.67485
16105.67485
16105.67485
16105.67485
16105.67485
16105.67485
16105.67485
16105.67485
16105.67485
16105.67485
16105.67485
16105.67485
16105.67485
16105.67485
16105.67485
16105.67485
16105.67485
16105.67485
16105.67485
16105.67485
16105.67485
16105.67485
16105.67485
16105.67485
16105.67485
16105.67485
16105.67485
16105.67485
16105.67485
16105.67485
16105.67485
16105.67485
16105.67485
16105.67485
16105.67485
16105.67485
16105.67485
16105.67485
16105.67485
16099.25232
16099.25232
16099.25232
16099.25232
16099.25232
16099.25232
16099.25232
16099.25232
16099.25232
16099.25232
16099.25232
16099.25232
16099.25232
16099.25232
16099.25232
16099.25232
16099.25232
16099.25232
16099.25232
16099.25232
16099.25232
16099.25232
16099.25232
16099.25232
16099.25232
16099.25232
16099.25232
16099.25232
16099.25232
16099.25232
16099.25232
16099.25232
16099.25232
16099.25232
16099.25232
16099.25232
16099.25232
16099.25232
16099.25232
16099.25232
16099.25232
16099.25232
16099.25232
16099.25232
16099.25232
16099.25232
16099.25232
16099.25232
16099.25232
16099.25232
16092.82608
16092.82608
16092.82608
16092.82608
16092.82608
16092.82608
16092.82608
16092.82608
16092.82608
16092.82608
16092.82608
16092.82608
16092.82608
16092.82608
16092.82608
16092.82608
16092.82608
16092.82608
16092.82608
16092.82608
16092.82608
16092.82608
16092.82608
16092.82608
16092.82608
16092.82608
16092.82608
16092.82608
16092.82608
16092.82608
16092.82608
16092.82608
16092.82608
16092.82608
16092.82608
16092.82608
16092.82608
16092.82608
16092.82608
16092.82608
16092.82608
16092.82608
16092.82608
16092.82608
16092.82608
16092.82608
16092.82608
16092.82608
16092.82608
16092.82608
16086.39618
16086.39618
16086.39618
16086.39618
16086.39618
16086.39618
16086.39618
16086.39618
16086.39618
16086.39618
16086.39618
16086.39618
16086.39618
16086.39618
16086.39618
16086.39618
16086.39618
16086.39618
16086.39618
16086.39618
16086.39618
16086.39618
16086.39618
16086.39618
16086.39618
16086.39618
16086.39618
16086.39618
16086.39618
16086.39618
16086.39618
16086.39618
16086.39618
16086.39618
16086.39618
16086.39618
16086.39618
16086.39618
16086.39618
16086.39618
16086.39618
16086.39618
16086.39618
16086.39618
16086.39618
16086.39618
16086.39618
16086.39618
16086.39618
16086.39618
16079.9627
16079.9627
16079.9627
16079.9627
16079.9627
16079.9627
16079.9627
16079.9627
16079.9627
16079.9627
16079.9627
16079.9627
16079.9627
16079.9627
16079.9627
16079.9627
16079.9627
16079.9627
16079.9627
16079.9627
16079.9627
16079.9627
16079.9627
16079.9627
16079.9627
16079.9627
16079.9627
16079.9627
16079.9627
16079.9627
16079.9627
16079.9627
16079.9627
16079.9627
16079.9627
16079.9627
16079.9627
16079.9627
16079.9627
16079.9627
16079.9627
16079.9627
16079.9627
16079.9627
16079.9627
16079.9627
16079.9627
16079.9627
16079.9627
16079.9627
16073.52571
16073.52571
16073.52571
16073.52571
16073.52571
16073.52571
16073.52571
16073.52571
16073.52571
16073.52571
16073.52571
16073.52571
16073.52571
16073.52571
16073.52571
16073.52571
16073.52571
16073.52571
16073.52571
16073.52571
16073.52571
16073.52571
16073.52571
16073.52571
16073.52571
16073.52571
16073.52571
16073.52571
16073.52571
16073.52571
16073.52571
16073.52571
16073.52571
16073.52571
16073.52571
16073.52571
16073.52571
16073.52571
16073.52571
16073.52571
16073.52571
16073.52571
16073.52571
16073.52571
16073.52571
16073.52571
16073.52571
16073.52571
16073.52571
16073.52571
16067.08528
16067.08528
16067.08528
16067.08528
16067.08528
16067.08528
16067.08528
16067.08528
16067.08528
16067.08528
16067.08528
16067.08528
16067.08528
16067.08528
16067.08528
16067.08528
16067.08528
16067.08528
16067.08528
16067.08528
16067.08528
16067.08528
16067.08528
16067.08528
16067.08528
16067.08528
16067.08528
16067.08528
16067.08528
16067.08528
16067.08528
16067.08528
16067.08528
16067.08528
16067.08528
16067.08528
16067.08528
16067.08528
16067.08528
16067.08528
16067.08528
16067.08528
16067.08528
16067.08528
16067.08528
16067.08528
16067.08528
16067.08528
16067.08528
16067.08528
16060.64147
16060.64147
16060.64147
16060.64147
16060.64147
16060.64147
16060.64147
16060.64147
16060.64147
16060.64147
16060.64147
16060.64147
16060.64147
16060.64147
16060.64147
16060.64147
16060.64147
16060.64147
16060.64147
16060.64147
16060.64147
16060.64147
16060.64147
16060.64147
16060.64147
16060.64147
16060.64147
16060.64147
16060.64147
16060.64147
16060.64147
16060.64147
16060.64147
16060.64147
16060.64147
16060.64147
16060.64147
16060.64147
16060.64147
16060.64147
16060.64147
16060.64147
16060.64147
16060.64147
16060.64147
16060.64147
16060.64147
16060.64147
16060.64147
16060.64147
16054.19436
16054.19436
16054.19436
16054.19436
16054.19436
16054.19436
16054.19436
16054.19436
16054.19436
16054.19436
16054.19436
16054.19436
16054.19436
16054.19436
16054.19436
16054.19436
16054.19436
16054.19436
16054.19436
16054.19436
16054.19436
16054.19436
16054.19436
16054.19436
16054.19436
16054.19436
16054.19436
16054.19436
16054.19436
16054.19436
16054.19436
16054.19436
16054.19436
16054.19436
16054.19436
16054.19436
16054.19436
16054.19436
16054.19436
16054.19436
16054.19436
16054.19436
16054.19436
16054.19436
16054.19436
16054.19436
16054.19436
16054.19436
16054.19436
16054.19436
16047.74402
16047.74402
16047.74402
16047.74402
16047.74402
16047.74402
16047.74402
16047.74402
16047.74402
16047.74402
16047.74402
16047.74402
16047.74402
16047.74402
16047.74402
16047.74402
16047.74402
16047.74402
16047.74402
16047.74402
16047.74402
16047.74402
16047.74402
16047.74402
16047.74402
16047.74402
16047.74402
16047.74402
16047.74402
16047.74402
16047.74402
16047.74402
16047.74402
16047.74402
16047.74402
16047.74402
16047.74402
16047.74402
16047.74402
16047.74402
16047.74402
16047.74402
16047.74402
16047.74402
16047.74402
16047.74402
16047.74402
16047.74402
16047.74402
16047.74402
16041.29053
16041.29053
16041.29053
16041.29053
16041.29053
16041.29053
16041.29053
16041.29053
16041.29053
16041.29053
16041.29053
16041.29053
16041.29053
16041.29053
16041.29053
16041.29053
16041.29053
16041.29053
16041.29053
16041.29053
16041.29053
16041.29053
16041.29053
16041.29053
16041.29053
16041.29053
16041.29053
16041.29053
16041.29053
16041.29053
16041.29053
16041.29053
16041.29053
16041.29053
16041.29053
16041.29053
16041.29053
16041.29053
16041.29053
16041.29053
16041.29053
16041.29053
16041.29053
16041.29053
16041.29053
16041.29053
16041.29053
16041.29053
16041.29053
16041.29053
16034.83396
16034.83396
16034.83396
16034.83396
16034.83396
16034.83396
16034.83396
16034.83396
16034.83396
16034.83396
16034.83396
16034.83396
16034.83396
16034.83396
16034.83396
16034.83396
16034.83396
16034.83396
16034.83396
16034.83396
16034.83396
16034.83396
16034.83396
16034.83396
16034.83396
16034.83396
16034.83396
16034.83396
16034.83396
16034.83396
16034.83396
16034.83396
16034.83396
16034.83396
16034.83396
16034.83396
16034.83396
16034.83396
16034.83396
16034.83396
16034.83396
16034.83396
16034.83396
16034.83396
16034.83396
16034.83396
16034.83396
16034.83396
16034.83396
16034.83396
16028.37439
16028.37439
16028.37439
16028.37439
16028.37439
16028.37439
16028.37439
16028.37439
16028.37439
16028.37439
16028.37439
16028.37439
16028.37439
16028.37439
16028.37439
16028.37439
16028.37439
16028.37439
16028.37439
16028.37439
16028.37439
16028.37439
16028.37439
16028.37439
16028.37439
16028.37439
16028.37439
16028.37439
16028.37439
16028.37439
16028.37439
16028.37439
16028.37439
16028.37439
16028.37439
16028.37439
16028.37439
16028.37439
16028.37439
16028.37439
16028.37439
16028.37439
16028.37439
16028.37439
16028.37439
16028.37439
16028.37439
16028.37439
16028.37439
16028.37439
16021.91189
16021.91189
16021.91189
16021.91189
16021.91189
16021.91189
16021.91189
16021.91189
16021.91189
16021.91189
16021.91189
16021.91189
16021.91189
16021.91189
16021.91189
16021.91189
16021.91189
16021.91189
16021.91189
16021.91189
16021.91189
16021.91189
16021.91189
16021.91189
16021.91189
16021.91189
16021.91189
16021.91189
16021.91189
16021.91189
16021.91189
16021.91189
16021.91189
16021.91189
16021.91189
16021.91189
16021.91189
16021.91189
16021.91189
16021.91189
16021.91189
16021.91189
16021.91189
16021.91189
16021.91189
16021.91189
16021.91189
16021.91189
16021.91189
16021.91189
16015.44654
16015.44654
16015.44654
16015.44654
16015.44654
16015.44654
16015.44654
16015.44654
16015.44654
16015.44654
16015.44654
16015.44654
16015.44654
16015.44654
16015.44654
16015.44654
16015.44654
16015.44654
16015.44654
16015.44654
16015.44654
16015.44654
16015.44654
16015.44654
16015.44654
16015.44654
16015.44654
16015.44654
16015.44654
16015.44654
16015.44654
16015.44654
16015.44654
16015.44654
16015.44654
16015.44654
16015.44654
16015.44654
16015.44654
16015.44654
16015.44654
16015.44654
16015.44654
16015.44654
16015.44654
16015.44654
16015.44654
16015.44654
16015.44654
16015.44654
16008.97842
16008.97842
16008.97842
16008.97842
16008.97842
16008.97842
16008.97842
16008.97842
16008.97842
16008.97842
16008.97842
16008.97842
16008.97842
16008.97842
16008.97842
16008.97842
16008.97842
16008.97842
16008.97842
16008.97842
16008.97842
16008.97842
16008.97842
16008.97842
16008.97842
16008.97842
16008.97842
16008.97842
16008.97842
16008.97842
16008.97842
16008.97842
16008.97842
16008.97842
16008.97842
16008.97842
16008.97842
16008.97842
16008.97842
16008.97842
16008.97842
16008.97842
16008.97842
16008.97842
16008.97842
16008.97842
16008.97842
16008.97842
16008.97842
16008.97842
16002.50761
16002.50761
16002.50761
16002.50761
16002.50761
16002.50761
16002.50761
16002.50761
16002.50761
16002.50761
16002.50761
16002.50761
16002.50761
16002.50761
16002.50761
16002.50761
16002.50761
16002.50761
16002.50761
16002.50761
16002.50761
16002.50761
16002.50761
16002.50761
16002.50761
16002.50761
16002.50761
16002.50761
16002.50762
16002.50762
16002.50762
16002.50762
16002.50762
16002.50762
16002.50762
16002.50762
16002.50762
16002.50762
16002.50762
16002.50762
16002.50762
16002.50762
16002.50762
16002.50762
16002.50762
16002.50762
16002.50762
16002.50762
16002.50762
16002.50762
15996.0342
15996.0342
15996.0342
15996.0342
15996.0342
15996.0342
15996.0342
15996.0342
15996.0342
15996.0342
15996.0342
15996.0342
15996.0342
15996.0342
15996.0342
15996.0342
15996.0342
15996.0342
15996.0342
15996.0342
15996.0342
15996.0342
15996.0342
15996.0342
15996.0342
15996.0342
15996.0342
15996.0342
15996.0342
15996.0342
15996.0342
15996.0342
15996.0342
15996.0342
15996.0342
15996.0342
15996.0342
15996.0342
15996.0342
15996.0342
15996.0342
15996.0342
15996.0342
15996.0342
15996.0342
15996.0342
15996.0342
15996.0342
15996.0342
15996.0342
15989.55825
15989.55825
15989.55825
15989.55825
15989.55825
15989.55825
15989.55825
15989.55825
15989.55825
15989.55825
15989.55825
15989.55825
15989.55825
15989.55825
15989.55825
15989.55825
15989.55825
15989.55825
15989.55825
15989.55825
15989.55825
15989.55825
15989.55825
15989.55825
15989.55825
15989.55825
15989.55825
15989.55825
15989.55825
15989.55825
15989.55825
15989.55825
15989.55825
15989.55825
15989.55825
15989.55825
15989.55825
15989.55825
15989.55825
15989.55825
15989.55825
15989.55825
15989.55825
15989.55825
15989.55825
15989.55825
15989.55825
15989.55825
15989.55825
15989.55825
15983.07986
15983.07986
15983.07986
15983.07986
15983.07986
15983.07986
15983.07986
15983.07986
15983.07986
15983.07986
15983.07986
15983.07986
15983.07986
15983.07986
15983.07986
15983.07986
15983.07986
15983.07986
15983.07986
15983.07986
15983.07986
15983.07986
15983.07986
15983.07986
15983.07986
15983.07986
15983.07986
15983.07986
15983.07986
15983.07986
15983.07986
15983.07986
15983.07986
15983.07986
15983.07986
15983.07986
15983.07986
15983.07986
15983.07986
15983.07986
15983.07986
15983.07986
15983.07986
15983.07986
15983.07986
15983.07986
15983.07986
15983.07986
15983.07986
15983.07986
15976.59912
15976.59912
15976.59912
15976.59912
15976.59912
15976.59912
15976.59912
15976.59912
15976.59912
15976.59912
15976.59912
15976.59912
15976.59912
15976.59912
15976.59912
15976.59912
15976.59912
15976.59912
15976.59912
15976.59912
15976.59912
15976.59912
15976.59912
15976.59912
15976.59912
15976.59912
15976.59912
15976.59912
15976.59912
15976.59912
15976.59912
15976.59912
15976.59912
15976.59912
15976.59912
15976.59912
15976.59912
15976.59912
15976.59912
15976.59912
15976.59912
15976.59912
15976.59912
15976.59912
15976.59912
15976.59912
15976.59912
15976.59911
15976.59911
15976.59911
15970.11609
15970.11609
15970.11609
15970.11609
15970.11609
15970.11609
15970.11609
15970.11609
15970.11609
15970.11609
15970.11609
15970.11609
15970.11609
15970.11609
15970.11609
15970.11609
15970.11609
15970.11609
15970.11609
15970.11609
15970.11609
15970.11609
15970.11609
15970.11609
15970.11609
15970.11609
15970.11609
15970.11609
15970.11609
15970.11609
15970.11609
15970.11609
15970.11609
15970.11609
15970.11609
15970.11609
15970.11609
15970.11609
15970.11609
15970.11609
15970.11609
15970.11609
15970.11609
15970.11609
15970.11609
15970.11609
15970.11609
15970.11609
15970.11609
15970.11609
15963.63088
15963.63088
15963.63088
15963.63088
15963.63088
15963.63088
15963.63088
15963.63088
15963.63088
15963.63088
15963.63088
15963.63088
15963.63088
15963.63088
15963.63088
15963.63088
15963.63088
15963.63088
15963.63088
15963.63088
15963.63088
15963.63088
15963.63088
15963.63088
15963.63088
15963.63088
15963.63088
15963.63088
15963.63088
15963.63088
15963.63088
15963.63088
15963.63088
15963.63088
15963.63088
15963.63088
15963.63088
15963.63088
15963.63088
15963.63088
15963.63088
15963.63088
15963.63088
15963.63088
15963.63088
15963.63088
15963.63088
15963.63088
15963.63088
15963.63088
15957.14357
15957.14357
15957.14357
15957.14357
15957.14357
15957.14357
15957.14357
15957.14357
15957.14357
15957.14357
15957.14357
15957.14357
15957.14357
15957.14357
15957.14357
15957.14357
15957.14357
15957.14357
15957.14357
15957.14357
15957.14357
15957.14357
15957.14357
15957.14357
15957.14357
15957.14357
15957.14357
15957.14357
15957.14357
15957.14357
15957.14357
15957.14357
15957.14357
15957.14357
15957.14357
15957.14357
15957.14357
15957.14357
15957.14357
15957.14357
15957.14357
15957.14357
15957.14357
15957.14357
15957.14357
15957.14357
15957.14357
15957.14357
15957.14357
15957.14357
15950.65424
15950.65424
15950.65424
15950.65424
15950.65424
15950.65424
15950.65424
15950.65424
15950.65424
15950.65424
15950.65424
15950.65424
15950.65424
15950.65424
15950.65424
15950.65424
15950.65424
15950.65424
15950.65424
15950.65424
15950.65424
15950.65424
15950.65424
15950.65424
15950.65424
15950.65424
15950.65424
15950.65424
15950.65424
15950.65424
15950.65424
15950.65424
15950.65424
15950.65424
15950.65424
15950.65424
15950.65424
15950.65424
15950.65424
15950.65424
15950.65424
15950.65424
15950.65424
15950.65424
15950.65424
15950.65424
15950.65424
15950.65424
15950.65424
15950.65424
15944.16299
15944.16299
15944.16299
15944.16299
15944.16299
15944.16299
15944.16299
15944.16299
15944.16299
15944.16299
15944.16299
15944.16299
15944.16299
15944.16299
15944.16299
15944.16299
15944.16299
15944.16299
15944.16299
15944.16299
15944.16299
15944.16299
15944.16299
15944.16299
15944.16299
15944.16299
15944.16299
15944.16299
15944.16299
15944.16299
15944.16299
15944.16299
15944.16299
15944.16299
15944.16299
15944.16299
15944.16299
15944.16299
15944.16299
15944.16299
15944.16299
15944.16299
15944.16299
15944.16299
15944.16299
15944.16299
15944.16299
15944.16299
15944.16299
15944.16299
15937.66991
15937.66991
15937.66991
15937.66991
15937.66991
15937.66991
15937.66991
15937.66991
15937.66991
15937.66991
15937.66991
15937.66991
15937.66991
15937.66991
15937.66991
15937.66991
15937.66991
15937.66991
15937.66991
15937.66991
15937.66991
15937.66991
15937.66991
15937.66991
15937.66991
15937.66991
15937.66991
15937.66991
15937.66991
15937.66991
15937.66991
15937.66991
15937.66991
15937.66991
15937.66991
15937.66991
15937.66991
15937.66991
15937.66991
15937.66991
15937.66991
15937.66991
15937.66991
15937.66991
15937.66991
15937.66991
15937.66991
15937.66991
15937.66991
15937.66991
15931.17509
15931.17509
15931.17509
15931.17509
15931.17509
15931.17509
15931.17509
15931.17509
15931.17509
15931.17509
15931.17509
15931.17509
15931.17509
15931.17509
15931.17509
15931.17509
15931.17509
15931.17509
15931.17509
15931.17509
15931.17509
15931.17509
15931.17509
15931.17509
15931.17509
15931.17509
15931.17509
15931.17509
15931.17509
15931.17509
15931.17509
15931.17509
15931.17509
15931.17509
15931.17509
15931.17509
15931.17509
15931.17509
15931.17509
15931.17509
15931.17509
15931.17509
15931.17509
15931.17509
15931.17509
15931.17509
15931.17509
15931.17509
15931.17509
15931.17509
15924.67862
15924.67862
15924.67862
15924.67862
15924.67862
15924.67862
15924.67862
15924.67862
15924.67862
15924.67862
15924.67862
15924.67862
15924.67862
15924.67862
15924.67862
15924.67862
15924.67862
15924.67862
15924.67862
15924.67862
15924.67862
15924.67862
15924.67862
15924.67862
15924.67862
15924.67862
15924.67862
15924.67862
15924.67862
15924.67862
15924.67862
15924.67862
15924.67862
15924.67862
15924.67862
15924.67862
15924.67862
15924.67862
15924.67862
15924.67862
15924.67862
15924.67862
15924.67862
15924.67862
15924.67862
15924.67862
15924.67862
15924.67862
15924.67862
15924.67862
15918.18061
15918.18061
15918.18061
15918.18061
15918.18061
15918.18061
15918.18061
15918.18061
15918.18061
15918.18061
15918.18061
15918.18061
15918.18061
15918.18061
15918.18061
15918.18061
15918.18061
15918.18061
15918.18061
15918.18061
15918.18061
15918.18061
15918.18061
15918.18061
15918.18061
15918.18061
15918.18061
15918.18061
15918.18061
15918.18061
15918.18061
15918.18061
15918.18061
15918.18061
15918.18061
15918.18061
15918.18061
15918.18061
15918.18061
15918.18061
15918.18061
15918.18061
15918.18061
15918.18061
15918.18061
15918.18061
15918.18061
15918.18061
15918.18061
15918.18061
15911.68113
15911.68113
15911.68113
15911.68113
15911.68113
15911.68113
15911.68113
15911.68113
15911.68113
15911.68113
15911.68113
15911.68113
15911.68113
15911.68113
15911.68113
15911.68113
15911.68113
15911.68113
15911.68113
15911.68113
15911.68113
15911.68113
15911.68113
15911.68113
15911.68113
15911.68113
15911.68113
15911.68113
15911.68113
15911.68113
15911.68113
15911.68113
15911.68113
15911.68113
15911.68113
15911.68113
15911.68113
15911.68113
15911.68113
15911.68113
15911.68113
15911.68113
15911.68113
15911.68113
15911.68113
15911.68113
15911.68113
15911.68113
15911.68113
15911.68113
15905.1803
15905.1803
15905.1803
15905.1803
15905.1803
15905.1803
15905.1803
15905.1803
15905.1803
15905.1803
15905.1803
15905.1803
15905.1803
15905.1803
15905.1803
15905.1803
15905.1803
15905.1803
15905.1803
15905.1803
15905.1803
15905.1803
15905.1803
15905.1803
15905.1803
15905.1803
15905.1803
15905.1803
15905.1803
15905.1803
15905.1803
15905.1803
15905.1803
15905.1803
15905.1803
15905.1803
15905.1803
15905.1803
15905.1803
15905.1803
15905.1803
15905.1803
15905.1803
15905.1803
15905.1803
15905.1803
15905.1803
15905.1803
15905.1803
15905.1803
15898.6782
15898.6782
15898.6782
15898.6782
15898.6782
15898.6782
15898.6782
15898.6782
15898.6782
15898.6782
15898.6782
15898.6782
15898.6782
15898.6782
15898.6782
15898.6782
15898.6782
15898.6782
15898.6782
15898.6782
15898.6782
15898.6782
15898.6782
15898.6782
15898.6782
15898.6782
15898.6782
15898.6782
15898.6782
15898.6782
15898.6782
15898.6782
15898.6782
15898.6782
15898.6782
15898.6782
15898.6782
15898.6782
15898.6782
15898.6782
15898.6782
15898.6782
15898.6782
15898.6782
15898.6782
15898.6782
15898.6782
15898.6782
15898.6782
15898.6782
15892.17495
15892.17495
15892.17495
15892.17495
15892.17495
15892.17495
15892.17495
15892.17495
15892.17495
15892.17495
15892.17495
15892.17495
15892.17495
15892.17495
15892.17495
15892.17495
15892.17495
15892.17495
15892.17495
15892.17495
15892.17495
15892.17495
15892.17495
15892.17495
15892.17495
15892.17495
15892.17495
15892.17495
15892.17495
15892.17495
15892.17495
15892.17495
15892.17495
15892.17495
15892.17495
15892.17494
15892.17494
15892.17494
15892.17494
15892.17494
15892.17494
15892.17494
15892.17494
15892.17494
15892.17494
15892.17494
15892.17494
15892.17494
15892.17494
15892.17494
15885.67063
15885.67063
15885.67063
15885.67063
15885.67063
15885.67063
15885.67063
15885.67063
15885.67063
15885.67063
15885.67063
15885.67063
15885.67063
15885.67063
15885.67063
15885.67063
15885.67063
15885.67063
15885.67063
15885.67063
15885.67063
15885.67063
15885.67063
15885.67063
15885.67063
15885.67063
15885.67063
15885.67063
15885.67063
15885.67063
15885.67063
15885.67063
15885.67063
15885.67063
15885.67063
15885.67063
15885.67063
15885.67063
15885.67063
15885.67063
15885.67063
15885.67063
15885.67063
15885.67063
15885.67063
15885.67063
15885.67063
15885.67063
15885.67063
15885.67063
15879.16535
15879.16535
15879.16535
15879.16535
15879.16535
15879.16535
15879.16535
15879.16535
15879.16535
15879.16535
15879.16535
15879.16535
15879.16535
15879.16535
15879.16535
15879.16535
15879.16535
15879.16535
15879.16535
15879.16535
15879.16535
15879.16535
15879.16535
15879.16535
15879.16535
15879.16535
15879.16535
15879.16535
15879.16535
15879.16535
15879.16535
15879.16535
15879.16535
15879.16535
15879.16535
15879.16535
15879.16535
15879.16535
15879.16535
15879.16535
15879.16535
15879.16535
15879.16535
15879.16535
15879.16535
15879.16535
15879.16535
15879.16535
15879.16535
15879.16535
15872.65922
15872.65922
15872.65922
15872.65922
15872.65922
15872.65922
15872.65922
15872.65922
15872.65922
15872.65922
15872.65922
15872.65922
15872.65922
15872.65922
15872.65922
15872.65922
15872.65922
15872.65922
15872.65922
15872.65922
15872.65922
15872.65922
15872.65922
15872.65922
15872.65922
15872.65922
15872.65922
15872.65922
15872.65922
15872.65922
15872.65922
15872.65922
15872.65922
15872.65922
15872.65922
15872.65922
15872.65922
15872.65922
15872.65922
15872.65922
15872.65922
15872.65922
15872.65922
15872.65922
15872.65922
15872.65922
15872.65922
15872.65922
15872.65922
15872.65922
15866.15234
15866.15234
15866.15234
15866.15234
15866.15234
15866.15234
15866.15234
15866.15234
15866.15234
15866.15234
15866.15234
15866.15234
15866.15234
15866.15234
15866.15234
15866.15234
15866.15234
15866.15234
15866.15234
15866.15234
15866.15234
15866.15234
15866.15234
15866.15234
15866.15234
15866.15234
15866.15234
15866.15234
15866.15234
15866.15234
15866.15234
15866.15234
15866.15234
15866.15234
15866.15234
15866.15234
15866.15234
15866.15234
15866.15234
15866.15234
15866.15234
15866.15234
15866.15234
15866.15234
15866.15234
15866.15234
15866.15234
15866.15234
15866.15234
15866.15234
15859.64482
15859.64482
15859.64482
15859.64482
15859.64482
15859.64482
15859.64482
15859.64482
15859.64482
15859.64482
15859.64482
15859.64482
15859.64482
15859.64482
15859.64482
15859.64482
15859.64482
15859.64482
15859.64482
15859.64482
15859.64482
15859.64482
15859.64482
15859.64482
15859.64482
15859.64482
15859.64482
15859.64482
15859.64482
15859.64482
15859.64482
15859.64482
15859.64482
15859.64482
15859.64482
15859.64482
15859.64482
15859.64482
15859.64482
15859.64482
15859.64482
15859.64482
15859.64482
15859.64482
15859.64482
15859.64482
15859.64482
15859.64482
15859.64482
15859.64482
15853.13677
15853.13677
15853.13677
15853.13677
15853.13677
15853.13677
15853.13677
15853.13677
15853.13676
15853.13676
15853.13676
15853.13676
15853.13676
15853.13676
15853.13676
15853.13676
15853.13676
15853.13676
15853.13676
15853.13676
15853.13676
15853.13676
15853.13676
15853.13676
15853.13676
15853.13676
15853.13676
15853.13676
15853.13676
15853.13676
15853.13676
15853.13676
15853.13676
15853.13676
15853.13676
15853.13676
15853.13676
15853.13676
15853.13676
15853.13676
15853.13676
15853.13676
15853.13676
15853.13676
15853.13676
15853.13676
15853.13676
15853.13676
15853.13676
15853.13676
15846.62829
15846.62829
15846.62829
15846.62829
15846.62829
15846.62829
15846.62829
15846.62829
15846.62829
15846.62829
15846.62829
15846.62828
15846.62828
15846.62828
15846.62828
15846.62828
15846.62828
15846.62828
15846.62828
15846.62828
15846.62828
15846.62828
15846.62828
15846.62828
15846.62828
15846.62828
15846.62828
15846.62828
15846.62828
15846.62828
15846.62828
15846.62828
15846.62828
15846.62828
15846.62828
15846.62828
15846.62827
15846.62827
15846.62827
15846.62827
15846.62827
15846.62827
15846.62827
15846.62827
15846.62827
15846.62827
15846.62827
15846.62827
15846.62827
15846.62827
15840.1195
15840.1195
15840.1195
15840.1195
15840.1195
15840.1195
15840.1195
15840.1195
15840.1195
15840.1195
15840.1195
15840.1195
15840.1195
15840.1195
15840.11949
15840.11949
15840.11949
15840.11949
15840.11949
15840.11949
15840.11949
15840.11949
15840.11949
15840.11949
15840.11949
15840.11949
15840.11949
15840.11948
15840.11948
15840.11948
15840.11948
15840.11948
15840.11948
15840.11948
15840.11948
15840.11948
15840.11948
15840.11948
15840.11947
15840.11947
15840.11947
15840.11947
15840.11947
15840.11947
15840.11947
15840.11947
15840.11947
15840.11947
15840.11946
15840.11946
15833.61052
15833.61052
15833.61052
15833.61052
15833.61052
15833.61052
15833.61052
15833.61052
15833.61052
15833.61052
15833.61052
15833.61052
15833.61052
15833.61052
15833.61052
15833.61051
15833.61051
15833.61051
15833.61051
15833.61051
15833.61051
15833.61051
15833.6105
15833.6105
15833.6105
15833.6105
15833.6105
15833.6105
15833.61049
15833.61049
15833.61049
15833.61049
15833.61049
15833.61048
15833.61048
15833.61048
15833.61048
15833.61048
15833.61047
15833.61047
15833.61047
15833.61047
15833.61047
15833.61046
15833.61046
15833.61046
15833.61046
15833.61046
15833.61046
15833.61045
15827.10149
15827.10149
15827.10149
15827.10149
15827.10149
15827.10149
15827.10149
15827.10149
15827.10149
15827.10149
15827.10149
15827.10148
15827.10148
15827.10148
15827.10148
15827.10148
15827.10147
15827.10147
15827.10147
15827.10146
15827.10146
15827.10146
15827.10146
15827.10145
15827.10145
15827.10145
15827.10144
15827.10144
15827.10143
15827.10143
15827.10143
15827.10142
15827.10142
15827.10141
15827.10141
15827.10141
15827.1014
15827.1014
15827.10139
15827.10139
15827.10139
15827.10138
15827.10138
15827.10137
15827.10137
15827.10137
15827.10136
15827.10136
15827.10136
15827.10135
15820.59256
15820.59256
15820.59256
15820.59256
15820.59256
15820.59256
15820.59255
15820.59255
15820.59255
15820.59255
15820.59254
15820.59254
15820.59254
15820.59253
15820.59253
15820.59252
15820.59252
15820.59251
15820.59251
15820.5925
15820.59249
15820.59249
15820.59248
15820.59248
15820.59247
15820.59246
15820.59245
15820.59245
15820.59244
15820.59243
15820.59242
15820.59242
15820.59241
15820.5924
15820.59239
15820.59238
15820.59238
15820.59237
15820.59236
15820.59235
15820.59234
15820.59233
15820.59233
15820.59232
15820.59231
15820.5923
15820.59229
15820.59229
15820.59228
15820.59227
15814.08392
15814.08391
15814.08391
15814.08391
15814.08391
15814.08391
15814.0839
15814.0839
15814.08389
15814.08389
15814.08388
15814.08387
15814.08386
15814.08386
15814.08385
15814.08384
15814.08383
15814.08382
15814.0838
15814.08379
15814.08378
15814.08377
15814.08376
15814.08374
15814.08373
15814.08371
15814.0837
15814.08369
15814.08367
15814.08365
15814.08364
15814.08362
15814.08361
15814.08359
15814.08358
15814.08356
15814.08354
15814.08353
15814.08351
15814.08349
15814.08348
15814.08346
15814.08344
15814.08343
15814.08341
15814.0834
15814.08338
15814.08337
15814.08335
15814.08334
15807.57582
15807.57582
15807.57582
15807.57582
15807.57581
15807.5758
15807.5758
15807.57579
15807.57578
15807.57576
15807.57575
15807.57574
15807.57572
15807.5757
15807.57569
15807.57567
15807.57565
15807.57562
15807.5756
15807.57558
15807.57555
15807.57553
15807.5755
15807.57548
15807.57545
15807.57542
15807.57539
15807.57536
15807.57533
15807.5753
15807.57527
15807.57524
15807.57521
15807.57517
15807.57514
15807.57511
15807.57508
15807.57504
15807.57501
15807.57498
15807.57494
15807.57491
15807.57488
15807.57485
15807.57481
15807.57478
15807.57475
15807.57472
15807.57469
15807.57466
15801.06871
15801.0687
15801.0687
15801.06869
15801.06868
15801.06867
15801.06865
15801.06863
15801.06861
15801.06859
15801.06856
15801.06853
15801.0685
15801.06846
15801.06843
15801.06839
15801.06835
15801.06831
15801.06826
15801.06821
15801.06817
15801.06812
15801.06806
15801.06801
15801.06795
15801.0679
15801.06784
15801.06778
15801.06772
15801.06766
15801.06759
15801.06753
15801.06747
15801.0674
15801.06734
15801.06727
15801.0672
15801.06714
15801.06707
15801.067
15801.06694
15801.06687
15801.06681
15801.06674
15801.06668
15801.06661
15801.06655
15801.06649
15801.06643
15801.06637
15794.56329
15794.56329
15794.56328
15794.56326
15794.56324
15794.56321
15794.56318
15794.56314
15794.5631
15794.56305
15794.56299
15794.56294
15794.56287
15794.5628
15794.56273
15794.56265
15794.56257
15794.56249
15794.56239
15794.5623
15794.5622
15794.5621
15794.562
15794.56189
15794.56178
15794.56166
15794.56154
15794.56142
15794.5613
15794.56118
15794.56105
15794.56093
15794.5608
15794.56067
15794.56053
15794.5604
15794.56027
15794.56014
15794.56
15794.55987
15794.55974
15794.5596
15794.55947
15794.55934
15794.55921
15794.55908
15794.55895
15794.55883
15794.55871
15794.55858
15788.06091
15788.0609
15788.06088
15788.06085
15788.0608
15788.06075
15788.06068
15788.06061
15788.06052
15788.06042
15788.06032
15788.0602
15788.06007
15788.05993
15788.05979
15788.05963
15788.05947
15788.05929
15788.05911
15788.05892
15788.05873
15788.05852
15788.05831
15788.05809
15788.05787
15788.05764
15788.0574
15788.05716
15788.05692
15788.05667
15788.05641
15788.05616
15788.0559
15788.05564
15788.05537
15788.05511
15788.05484
15788.05457
15788.0543
15788.05403
15788.05377
15788.0535
15788.05323
15788.05297
15788.05271
15788.05245
15788.0522
15788.05194
15788.0517
15788.05145
15781.56414
15781.56412
15781.56407
15781.56401
15781.56392
15781.56381
15781.56368
15781.56352
15781.56335
15781.56315
15781.56294
15781.5627
15781.56244
15781.56217
15781.56187
15781.56156
15781.56123
15781.56088
15781.56052
15781.56014
15781.55974
15781.55933
15781.55891
15781.55847
15781.55802
15781.55756
15781.55708
15781.5566
15781.55611
15781.55561
15781.5551
15781.55458
15781.55406
15781.55353
15781.553
15781.55247
15781.55193
15781.55139
15781.55085
15781.55031
15781.54978
15781.54924
15781.54871
15781.54818
15781.54765
15781.54713
15781.54662
15781.54611
15781.54561
15781.54512
15775.07799
15775.07795
15775.07786
15775.07773
15775.07755
15775.07733
15775.07707
15775.07676
15775.07641
15775.07601
15775.07558
15775.07511
15775.07459
15775.07404
15775.07345
15775.07282
15775.07215
15775.07146
15775.07072
15775.06996
15775.06917
15775.06834
15775.06749
15775.06661
15775.0657
15775.06477
15775.06382
15775.06285
15775.06186
15775.06086
15775.05983
15775.0588
15775.05775
15775.05669
15775.05562
15775.05455
15775.05347
15775.05239
15775.0513
15775.05022
15775.04914
15775.04806
15775.04699
15775.04592
15775.04487
15775.04382
15775.04279
15775.04177
15775.04077
15775.03978
15768.61243
15768.61235
15768.61218
15768.61191
15768.61156
15768.61111
15768.61058
15768.60997
15768.60926
15768.60847
15768.6076
15768.60665
15768.60562
15768.60451
15768.60332
15768.60206
15768.60073
15768.59933
15768.59786
15768.59633
15768.59473
15768.59308
15768.59136
15768.5896
15768.58778
15768.58592
15768.58401
15768.58206
15768.58007
15768.57805
15768.57599
15768.57391
15768.5718
15768.56968
15768.56753
15768.56537
15768.5632
15768.56103
15768.55885
15768.55667
15768.5545
15768.55233
15768.55018
15768.54803
15768.54591
15768.54381
15768.54174
15768.53969
15768.53767
15768.53569
15762.1873
15762.18714
15762.18679
15762.18626
15762.18555
15762.18466
15762.1836
15762.18237
15762.18096
15762.17938
15762.17764
15762.17573
15762.17367
15762.17145
15762.16907
15762.16655
15762.16388
15762.16107
15762.15813
15762.15506
15762.15186
15762.14854
15762.14511
15762.14156
15762.13792
15762.13418
15762.13035
15762.12644
15762.12244
15762.11838
15762.11426
15762.11008
15762.10584
15762.10157
15762.09726
15762.09292
15762.08856
15762.08419
15762.07981
15762.07543
15762.07106
15762.0667
15762.06236
15762.05806
15762.05379
15762.04956
15762.04538
15762.04126
15762.0372
15762.03321
15755.84203
15755.84172
15755.84102
15755.83996
15755.83855
15755.83678
15755.83467
15755.83221
15755.82941
15755.82627
15755.8228
15755.819
15755.81489
15755.81046
15755.80573
15755.80069
15755.79537
15755.78977
15755.78389
15755.77775
15755.77136
15755.76473
15755.75787
15755.75079
15755.7435
15755.73601
15755.72834
15755.7205
15755.7125
15755.70435
15755.69608
15755.68769
15755.67919
15755.67061
15755.66195
15755.65323
15755.64447
15755.63567
15755.62686
15755.61804
15755.60924
15755.60047
15755.59174
15755.58306
15755.57446
15755.56594
15755.55752
15755.54921
15755.54103
15755.53299
15749.65451
15749.65388
15749.65251
15749.65043
15749.64766
15749.64418
15749.64002
15749.63518
15749.62966
15749.62348
15749.61665
15749.60916
15749.60105
15749.59231
15749.58296
15749.57302
15749.56249
15749.55141
15749.53977
15749.52761
15749.51494
15749.50177
15749.48814
15749.47406
15749.45955
15749.44464
15749.42935
15749.4137
15749.39772
15749.38145
15749.36489
15749.34809
15749.33106
15749.31384
15749.29645
15749.27893
15749.26131
15749.24361
15749.22586
15749.20809
15749.19034
15749.17264
15749.15501
15749.13748
15749.12009
15749.10287
15749.08584
15749.06903
15749.05248
15749.0362
15743.77586
15743.77466
15743.77203
15743.76805
15743.76271
15743.75604
15743.74805
15743.73875
15743.72814
15743.71624
15743.70307
15743.68864
15743.67297
15743.65609
15743.638
15743.61874
15743.59833
15743.57679
15743.55416
15743.53046
15743.50572
15743.47999
15743.45329
15743.42567
15743.39715
15743.36779
15743.33763
15743.3067
15743.27506
15743.24276
15743.20984
15743.17636
15743.14238
15743.10793
15743.0731
15743.03792
15743.00246
15742.96679
15742.93096
15742.89505
15742.8591
15742.82319
15742.78739
15742.75175
15742.71636
15742.68126
15742.64653
15742.61224
15742.57844
15742.5452
15738.48827
15738.4861
15738.4813
15738.47403
15738.46429
15738.45211
15738.43749
15738.42046
15738.40102
15738.37918
15738.35497
15738.3284
15738.2995
15738.26828
15738.23477
15738.199
15738.16099
15738.12079
15738.07842
15738.03393
15737.98735
15737.93872
15737.88811
15737.83555
15737.7811
15737.72483
15737.66679
15737.60705
15737.54569
15737.48278
15737.4184
15737.35263
15737.28558
15737.21734
15737.14801
15737.0777
15737.00652
15736.9346
15736.86206
15736.78904
15736.71567
15736.6421
15736.56848
15736.49496
15736.42171
15736.34888
15736.27666
15736.2052
15736.13467
15736.06526
15734.2772
15734.2736
15734.26569
15734.25366
15734.23755
15734.21738
15734.19314
15734.16484
15734.13248
15734.09606
15734.05557
15734.01103
15733.96242
15733.90974
15733.85301
15733.79221
15733.72735
15733.65843
15733.58546
15733.50845
15733.4274
15733.34233
15733.25324
15733.16016
15733.06311
15732.96212
15732.85721
15732.74843
15732.63582
15732.51942
15732.39931
15732.27555
15732.14823
15732.01743
15731.88327
15731.74586
15731.60536
15731.46193
15731.31574
15731.16701
15731.01597
15730.8629
15730.7081
15730.55191
15730.39471
15730.23696
15730.07914
15729.92179
15729.76556
15729.61113
15731.84264
15731.83771
15731.82685
15731.81035
15731.78823
15731.76048
15731.7271
15731.68804
15731.64329
15731.5928
15731.53651
15731.47439
15731.40636
15731.33237
15731.25233
15731.16617
15731.07381
15730.97514
15730.87006
15730.75846
15730.64023
15730.51522
15730.38331
15730.24434
15730.09814
15729.94456
15729.78339
15729.61445
15729.43751
15729.25235
15729.05872
15728.85636
15728.64499
15728.4243
15728.19398
15727.95366
15727.70297
15727.44153
15727.16888
15726.88457
15726.5881
15726.27894
15725.95649
15725.62015
15725.26924
15724.90304
15724.52076
15724.12156
15723.70453
15723.26868
)
;

boundaryField
{
    axis
    {
        type            empty;
    }
    inlet
    {
        type            zeroGradient;
    }
    wall
    {
        type            zeroGradient;
    }
    outlet
    {
        type            zeroGradient;
    }
    front
    {
        type            wedge;
    }
    back
    {
        type            wedge;
    }
}


// ************************************************************************* //
