/*--------------------------------*- C++ -*----------------------------------*\
| =========                 |                                                 |
| \\      /  F ield         | OpenFOAM: The Open Source CFD Toolbox           |
|  \\    /   O peration     | Version:  5.x                                   |
|   \\  /    A nd           | Web:      www.OpenFOAM.org                      |
|    \\/     M anipulation  |                                                 |
\*---------------------------------------------------------------------------*/
FoamFile
{
    version     2.0;
    format      ascii;
    class       volScalarField;
    location    "0.01";
    object      Jk;
}
// * * * * * * * * * * * * * * * * * * * * * * * * * * * * * * * * * * * * * //

dimensions      [0 -3 -1 0 0 0 0];

internalField   nonuniform List<scalar> 
7950
(
3.300256339e+10
7.09995718e+13
7.411748335e+11
5.175736744e+11
4.277471721e+12
13981120.62
2.676519188e+11
4049529.984
1.108384845e+13
3095350.144
4764468.508
2.740084259e+10
1139270136
5.42628354e+13
3.241879779e+10
526123097.7
3.037186053e+13
1.179064624e+15
4.158465747e+13
60458.4531
1.895343811e+16
2.658279576e+12
4.885897849e+11
4.00445143e+19
5.253530404e+14
3.069987631e+11
1.013294074e+20
9.587800607e+14
0.02862442381
2.241813888e+20
2.676789886e-12
28449.90145
2.945429389e+16
5.56799043e+20
0.009490153514
6.958070162e+14
2.003427118e-16
4.712903165e-94
4.322820447e-07
8.657183787e+19
1.192925109e-49
2.934440614e+25
8.598850589e+24
170.6909093
2.907895495e+24
2.608574093e-282
6.016182218e-21
1.007531088e+14
3.790205512e+14
1.929369548e-46
1311330.706
4.002145415e-146
84573.81958
7663194.065
10159559.81
29045.44358
3343088.225
74893.0654
27288442.59
9534.242994
60172.35173
1324614.997
5803258.189
11132608.98
254865.3786
32377111.9
1.209520069e+10
751137854.1
5.005546799e+10
100707.4458
2.657681393e+10
858185252
1065768563
94.28458534
4565866528
18254455.84
7.061494091e+14
1.694182239e+10
2410118232
3.637678713e+15
8372840653
550485990.5
2986246919
1.364640098e+15
783825118.5
1.530432117e+11
2118604140
2656612300
1.47313552e+11
7.039264667e+12
5.652127817e+10
2.631019465e+15
1.275504909e+15
9.861569605e+15
1.832787704e+14
4.863520494e+14
4.453273708e+14
2.383353269e+10
9.418493231e+13
0
1069836698
3.86015141e+14
23405771.67
4.099379157e+11
31617287.61
3048103.156
4.005411371e+13
2196986777
119978523.8
38004444.84
1114968769
128748263.3
689638015.8
9556813.003
4615061.424
2302601531
2.497334368e+12
71593376.05
1.085917085e+13
287421.9651
3155989593
6461838410
717349550.6
1.579571007e+18
24240809.63
3331757157
1.778699978e+16
24626632.45
3.81017825e+10
2.902072674e+12
3.877590896e+10
1068703.988
217930012.2
1.249642402e+15
899883.2913
6670352.586
510234.5114
417026.0016
6530297.983
9169148.828
636592.7153
5.301298096e+10
1906464356
1.871896922e+13
164070539
8.339992225e+10
3.647834488e+10
5204518861
2750430437
0
1029962745
2.596346609e+13
936637760.8
2.505482557e+12
46049.87672
1013365415
9.173058005e+13
2.467436542e+10
93563.07828
322037454.9
9707400960
116259.1182
5095244.942
33010.96887
12720.2514
14620174.15
7144233907
19727453.74
6259397675
9865.188001
15554612.93
324963.8978
1812798965
1.53459659e+19
489968.8078
101504115.9
3.013242693e+10
1.319949448e+10
1.029888488e+11
4827601.131
1.615919034e+10
1.822873204e+10
2.163442322e+12
2.123356626e+15
429765.9407
5239.791816
1807.326823
947.7431487
12922.72449
47549.98826
1549.24787
16747923.21
65057891.18
2.042575302e+12
34261.49822
1.204888079e+10
7600258908
1794610211
8.018532266e+13
0
62631679.1
2.620706579e+10
3.821984511e+10
6.187447593e+12
105072.434
1.84529502e+11
2.311361107e+13
5.632306684e+10
6609.200663
512061732
1805366431
1038.070834
4091.52497
1423.042261
540.8908255
2191084.507
2893766.876
271125.7739
161720.3985
148.7978908
48330.2532
489231.2663
1.151940662e+10
3.764663556e+19
25288.59008
417404.2196
1674275.113
2694819715
3.044289108e+10
30174.10219
4582223651
6.432513287e+11
2.865988424e+14
3.425614348e+15
565133.3496
275.7435404
1373.802042
57.92179099
389.6902314
324.2637947
40151.58931
738926.4678
8620683425
1.193085083e+12
5356.591787
1744147187
2110726552
80425.77852
4507596999
0
30986803.26
5740620.883
3.384601428e+10
7.386287413e+12
565234.9301
1.129119829e+12
3.545754498e+13
7.849006206e+10
10554.07357
479643784.7
187472544
76.70309381
238.7223318
2026.717577
12979.31433
2461890.237
1932.158069
2675.186408
2330.931474
484.3519622
3739.81342
239668.1183
3.238090671e+11
5.072550213e+19
4441.971585
3104.70194
3391.913445
5782061.528
306457666.2
9391.851662
983489602
6.886287688e+11
4.135290782e+14
3.930219183e+15
633355.1979
3017.929583
29.94001892
39.04426547
421.5878869
8955.241802
30619021.25
377587747.2
3.479480805e+10
4.960988809e+11
2128.934264
245353169.1
644064379.6
828406945.9
5.1745352e+13
0
38972060.44
9540.596796
1553316614
1.975110374e+12
68207.04562
4.814543979e+11
4.586057557e+13
9.265971815e+10
4382.225833
585865975.8
107143071.7
24.5946556
277.2415133
3690.428564
69680.23632
2676739.243
43.20893471
83.99984492
2306.787388
228.4889146
3206.776401
99894.5797
1.956907694e+11
5.25764759e+19
4788.744841
418.4856571
129.1750914
100359.7066
438353.7818
3782.114425
188027443.7
1.407464025e+11
2.035168991e+14
4.099487178e+15
654820.3622
3041.964009
11.45326132
23.17549629
448.771141
7855.213294
894974.4156
27764480.68
1037194082
5.252906312e+10
340.0903955
32649822.39
193430871.4
34764.27149
2318735714
0
41392505.84
246.333312
6068698.347
8706524572
52210.85968
4.229884553e+11
5.054933622e+13
9.462241076e+10
3846.893262
624952744.6
69622923.35
20.28846002
279.7006451
3019.438102
58386.54137
2654575.084
10.31953559
17.93716441
1825.932139
18.14899387
74.53774378
68905.69937
1.341632961e+11
5.154361351e+19
4873.245049
55.99226432
105.0770925
3617.045201
649.147591
1262.373269
41443602.54
6.428183853e+10
1.378269405e+14
4.039004215e+15
641698.0274
2934.424756
10.32403109
10.7500992
211.9346464
2322.418691
88274.04667
3052944.856
111598976.5
5100493724
279.0154702
4661923.469
65187201.72
481121239
3.271933255e+13
0
40603654.83
148.9497248
80552.7599
69059731.01
23049.82574
1.876164185e+11
5.173082631e+13
9.131983682e+10
2285.273939
627637650.4
60835031.98
24.78487233
265.1547885
2183.885434
31031.75241
2548435.861
4.048504809
23.4883453
1085.638931
6.365939283
37.29179439
40255.3242
7.85600673e+10
5.000226124e+19
4693.686499
6.383742527
65.97968764
316.5487645
24.39541659
494.1224772
10802737.78
2.313337907e+10
8.046337069e+13
3.893860936e+15
615910.302
2796.657056
9.67972274
6.152444521
134.9673101
67.30841714
4250.116623
272242.4294
24421346.62
2771836695
36.31250696
628385.1445
20518247.07
16609.06903
2501988606
0
38255140.71
105.074846
11033.51948
986556.3923
14337.61892
9.70967199e+10
5.104888995e+13
8.702664402e+10
1392.868793
610974840.9
57854321.94
23.41514676
244.1516805
1882.050503
14685.16022
2441690.769
1.8573964
38.31773044
571.9696231
7.622923459
15.63095771
19855.78422
3.909831788e+10
4.820814871e+19
4464.931171
4.241878234
166.7717608
84.27496835
9.215478763
523.5845134
2949739.144
5999095239
3.971176579e+13
3.722392667e+15
585673.6803
2657.106897
9.183741716
4.768330678
127.7547326
23.20538949
2283.583693
173336.9948
18728173.17
2082400794
28.21702778
100658.9866
7397198.961
65076987.75
2.081539382e+13
0
35410141.22
2839.667907
1825.811426
92964.10344
6836.670026
4.207634759e+10
4.947208578e+13
8.141475079e+10
931.9247001
585108346.1
55352390.91
12.83021827
221.5867254
1764.988391
8151.63777
2331995.438
1.034224478
22.66993929
320.1185181
2.927881239
16.14690098
11913.57304
2.384980123e+10
4.61639798e+19
4242.795129
3.73549147
197.3646335
36.72146744
14.15449587
1327.008364
833013.7033
2280459774
2.336018225e+13
3.539539299e+15
553817.4394
2521.275491
8.726558061
3.911948721
121.3651334
4.554932133
665.7132452
14105.78445
4457738.946
1929559173
23.79336173
48797.51117
2758692.616
2648.051163
208697371.9
0
32493406.29
2722.120226
316.0543026
6784.838924
4603.79451
2.567450897e+10
4.750484724e+13
7.445086078e+10
543.0250371
556124393.3
53034968.19
6.139291324
212.0361831
214.2042376
94.93128074
1967288.312
8.671465394
10.23393876
181.1982946
1.651184775
12.06294038
2354.314029
466398.4827
1.983881529e+16
1.590562069e+12
27769673.99
177.372125
25.61459365
9.472758997
12509.61853
59266.34579
31213990.57
2.833652464e+12
3.368994271e+15
523626.0215
2402.076663
8.301860365
3.184484691
115.5229731
2.371979361
592.3480476
6857.370482
3645800.257
1769853158
8.017942838
34232.92517
1168937.27
56447768.18
1.304192045e+13
0
29730933.31
2599.94141
57.49988975
690.6321318
4357.221497
2.987779283e+10
4.537465847e+13
5.915715098e+10
621.1376359
526055793.4
50482024.27
2.357754725
202.4161677
29.13347853
1681.679838
1765850.263
2.881585433
4.901359396
104.848671
1.013664289
3.058440816
85.27499911
118899.9214
9.052350643e+12
1.510920079e+12
26379313.39
61.13496142
17.88611771
16.90095397
9403.895108
4401.024671
90803570.62
4.288034813e+12
3.202376018e+15
494114.4835
2285.696838
7.900591624
2.909560742
109.8374624
1.853885379
552.0740257
126.6343515
275197.5584
1676591120
17205.80974
21801.90451
468617.9241
2470.221388
7102744.274
0
27179878.45
2472.797058
11.57301778
393.0572898
598.7305828
421252579.1
4.324977769e+13
4.896822929e+10
1926.219946
496418997.4
48137089.5
8544.987091
192.8621604
4.599127571
112.6697035
1465582.954
460.1016988
9.290735543
61.94237122
0.7401994954
9.29854915
14.80174322
93477.89679
861130360.2
9.99852523e+11
677810753.6
271093.0823
15.18124128
4.255026509
8869.669918
132.6770016
18510396.98
86547532.62
3.04647389e+15
8.403350963e+11
131538145.4
2715.205417
2.651515384
104.3932746
1.581979525
525.5331595
1478.327173
1655404.388
1592352261
13255.0286
15337.32477
249879.3321
59760287.19
8.833930346e+12
2.940487822e-247
24860218.74
2344.405981
3.028878119
127.1266124
1812.612025
1.161173228e+10
4.116136459e+13
3.975789188e+10
370.9714939
468388998
45775693.84
2804.197589
183.5636604
2.171969316
280.0715431
1229513.655
398.688002
8.893102829
37.49662535
0.5407840374
8.799256575
3.42745983
88947.83073
67259.06036
7.389640718e+11
858911591.7
420841.6117
11.73834468
1.638248561
8238.829634
9.176693436
4852384.87
1.83089451e+11
2.897799866e+15
7.961791214e+11
125112016.5
2580.328569
2.491593227
99.1649409
1.396361687
498.2898501
43.49238913
176706.905
1513953516
43994.97761
10579.06799
94488.54454
2551.638005
1251830623
4.512339607e-203
22756635.63
2223.017289
1.346909872
36.5036099
2284.970918
1.71808759e+10
3.912545368e+13
2.951496338e+10
456.1394179
441630676.6
43408286.88
474.1187258
174.4981593
3.15137618
614.8437899
1041259.13
371.6791222
7.264971489
23.25169583
0.445552396
8.33588887
4.32792954
84605.31826
216.2969321
6.068558936e+11
997731355.9
750224.1676
16.21947954
0.8679268276
7653.550442
2.899382704
21694393.96
5057041.694
2.752602616e+15
3.640591478e+12
4088636363
4556326.846
5061.716961
99.70323149
1.19674296
472.9005421
5.62035738
1356.648769
1438364075
724047.4479
7658.58976
47238.25143
29410765.98
4.91132355e+12
4.480769435e-167
20858192.92
2103.591267
1.048262387
15.97649607
1203.478773
6978448301
3.717845364e+13
2.740167297e+10
3615.763362
416100174.9
41338342.94
19323.3629
165.7622062
9.293933973
49.15365899
887964.4696
1685.954624
10.21917566
14.68094571
0.4648470101
7.632635136
2.886116385
80217.52522
318.8864812
8.190053864e+10
1146653020
3797937.502
106.6887105
0.7572963817
7099.858106
20.03339695
6349448.613
4067.176272
2.607524857e+15
1.008951292e+13
2.881122813e+10
72798358.94
168664.2078
458.4744057
1.554195481
448.2827654
1.902412528
20.03357698
1364977374
2609304.902
8160.52187
21392.59628
2545.420832
5661965
5.524772069e-140
19141063.61
1992.147218
0.9359158909
7.210393263
1626.39432
1.100035479e+10
3.531564404e+13
2.245270338e+10
226.7719634
392448615.9
39271015.73
9166.549771
157.4972428
4.050485157
5.958326065
761480.3894
2027.018122
10.87543739
9.498305755
0.4188356983
6.889242095
1.3569195
76153.20891
376.0026833
1.874601691e+10
1091003506
4917511.147
87.20391964
0.6653550197
6601.020695
26.75229859
2407121.543
2898.513744
2.472515162e+15
1.210789001e+13
3.9167155e+10
104937770
247114.3568
628.2523846
1.896260794
425.3800121
1.839700311
8.7967361
1296459058
2816465.42
6332.788171
10781.8669
4899118.959
3.227295949e+12
2.095626713e-117
17590480.25
1881.264354
0.8665888964
5.102560515
820.1412058
5507294034
3.353386951e+13
1.945995348e+10
249.926576
370120709.4
37286403.6
3381.323864
149.5880961
1.941957611
4.084828875
656220.2956
1946.205284
10.33052245
6.299709375
0.3891857895
6.470082932
0.9353780439
72332.80367
366.4592353
1.049862788e+10
1023216016
5051677.068
54.72925459
0.5596448702
6145.801934
28.4107641
1131401.926
2176.075878
2.344835468e+15
1.277929426e+13
4.427888403e+10
123906289.6
298428.1906
750.5536831
2.175002863
403.6161035
1.915626961
8.239738747
1231034011
3055167.715
5451.15775
5392.907643
1124.203249
558949870.1
2.11754148e-99
16185796.83
1776.173948
0.7544044559
4.176214933
786.0721283
5266906472
3.183392097e+13
1.704511999e+10
282.339921
349035096.1
35379483.95
1249.589083
142.0270713
1.090825806
181.337664
567834.1949
1847.478388
9.563233837
4.283808225
0.3708792414
6.074135386
26.45649635
68663.82239
2003.130938
9505322805
957636995.7
3900135.598
6.378187451
2.127364727
5730.969376
11726.33945
25111037.17
8.347579328e+11
2.223349182e+15
1.2118845e+13
4.203163316e+10
117589542.5
280832.0341
711.7531617
2.226049961
382.9594561
161.7462802
421556.9128
1168588147
2895555.429
4053.163234
3205.666601
2164611.022
2.997913124e+12
2.240171664e-84
14912201.05
2107.771793
0.7038111123
4.041340794
467.3562299
241122.3917
3.021141415e+13
2.004975321e+10
4869.439615
328727080.8
33629630.98
9110.149587
134.7531603
1.69458892
19.63334876
493654.4574
1889.829475
9.702666579
2.985953303
0.4098487008
6.594486825
8.63304757
65163.26746
423.7090909
4870324307
898633483.4
3741446.923
25.86996052
18.64080773
5338.955638
93.01164193
14578336.55
92743281.01
2.108242399e+15
1.174854044e+13
4.124065655e+10
116097077.8
276669.0045
704.1624379
2.085009364
363.2512753
9.543972328
4201.574797
1109208255
2899189.583
3384.949052
1564.497937
1817.412502
1922849.259
5.481711114e-72
13754552.15
2552.661244
0.6839151338
3.833521664
18.85479625
2407.19591
2.86555504e+13
2.738757212e+10
13873.62956
309190434.2
32039638.51
24711.85241
127.7224473
0.9417007721
3.569167197
431231.7732
2051.90224
10.45643652
2.134401988
0.3726831053
6.170172366
2.951225684
61803.43019
366.3814971
1557236234
843007212.1
3947295.242
46.41979805
15.51279172
4979.957292
27.1255271
9220489.148
14299.39227
1.998116162e+15
1.165102885e+13
4.172844468e+10
118049492.4
278892.2792
702.4431239
2.011858918
344.5413613
2.071501354
27807.56366
1052607102
2750521.527
2569.490357
1408.218476
8005607.781
2.137944619e+12
1.702411419e-61
12700522.01
2847.622093
0.6543303876
3.642093098
9.850216201
1283.347193
2.716890539e+13
3.156807408e+10
12701.40348
291239120.9
30483025.84
33984.82287
121.01795
0.6815801365
1.99430571
378385.1138
2065.119353
10.52946926
1.567799848
0.349768176
5.769094319
1.310304442
58631.2645
350.1087492
1226346457
791378492.3
3614753.336
5.403788394
4.603947393
4648.999035
841.9696072
5598126.724
2.754745555e+11
1.893451135e+15
1.104576822e+13
3.958414813e+10
111957773.7
262589.7957
665.7735626
1.964261494
326.6827104
14.43770313
102517.2772
998559962.7
2608355.636
1969.493739
498.2707949
1360.077083
1107314.208
1.285839263e-52
11738552.25
2697.142591
0.534279666
3.192965056
450.3989684
2014587918
2.575397518e+13
2.783439612e+10
206.6423027
275436902.5
28897028.53
12091.15743
114.6290414
0.5747373779
69.66939015
333230.0497
1958.213626
9.939812955
1.18438216
0.3345942924
5.439320709
10.06759352
55601.21662
437.9569813
1143078265
743488213
3318151.062
3.167381701
4.50503667
4342.097594
90.80581581
837420.9201
8.530262775e+10
1.794043905e+15
1.047099436e+13
3.75441007e+10
106159991.3
247292.0644
630.937967
1.845279334
309.6942877
4.249193747
50138.40603
947009024.5
2472854.519
1523.777963
298.8703026
137470.4212
1.768557298e+12
5.284887864e-45
10860217.97
2547.647212
0.4753801426
2.930871759
205.4271366
247593510.4
2.440918305e+13
2.626626448e+10
1245.470039
260340348.8
27397746.3
14596.42507
108.5960464
0.7011185449
10.8249399
294504.5776
1957.653083
10.17963258
0.9213228447
0.3519404335
5.266435491
5.025316919
52685.83661
354.070423
305186760.6
697648532.3
3641430.973
50.71700522
15.09325391
4054.513024
26.45022248
604000.2181
25109824.99
1.697813972e+15
1.125940139e+13
4.429693639e+10
133943168.5
329562.7997
827.1138568
2.280993456
293.3373087
2.080912813
623.2475062
897447855.3
2736644.231
2057.604975
174.659452
2381.094297
784859508.6
1.800363852e-38
10054175.92
2409.874758
0.4263587232
8.02241363
13738.31658
1.100207096e+10
2.309561215e+13
1.644548643e+10
524.5426816
245939908.8
25622964.07
1282.132256
102.6996752
0.7028539406
322.017644
260911.6584
1853.161197
9.433731
0.736207903
0.3312411487
4.881796328
66.71547833
49873.15296
448.4045525
234945587.9
654588551.1
2664316.626
5.54249823
3.830143249
3836.907766
68569.12014
101156164
7.939773617e+11
1.606751795e+15
1.066291434e+13
4.196951165e+10
126890074.8
310277.383
783.1615297
2.244490628
277.876776
37.13877776
160028.9402
850497310.7
2593332.803
1620.338649
125.5963931
341529.67
1.268683617e+12
9.128442223e-33
9313819.544
2278.252807
0.6455112238
54.07784524
69401.53178
2.270994818e+10
2.178297701e+13
7235920677
1090.446267
231927695.4
23116935.56
64.45054237
96.94718462
5.753746516
774.8569045
231472.3763
1748.961353
8.617773954
0.6079467383
0.4773380666
2.215279993
184.8388833
47042.75189
762.3005441
218564268.3
611250166.7
1419341.01
2.267518485
86.86347813
26192.96075
7153311.156
2321498289
3.66442603e+12
1.516865545e+15
1.007420012e+13
3.967312071e+10
119941805.6
291621.373
740.152935
2.53116618
264.9650948
1380.126755
982768.0147
805025425.2
2454459.911
1288.169051
3940.123754
11909017.56
2.218890063e+12
8.843748286e-28
8637059.457
2152.785738
3.876249119
18.04510439
28220.24583
1.318539712e+10
2.058305298e+13
4255730737
713.843618
218862963.4
21615597.25
7.848819686
91.64349388
33.32400899
418.6570292
206292.5825
1651.637453
8.136166511
0.5190207567
0.5955545887
2.362962146
97.63398175
44422.69988
605.5535525
205251907.5
572828652
968744.5283
1.995626391
16.14062474
7081.394127
1871658.678
955712640.8
2.247550991e+12
1.432975158e+15
9.523748657e+12
3.75211105e+10
113385374.3
274280.371
699.7608427
2.336346703
249.2308628
614.324959
641726.5518
761967215.6
2322268.021
1029.234946
365.6232162
1236291.879
2.109739579e+12
2.141066335e-23
8017486.855
2028.389692
3.940194625
5.49988891
2613.336864
3671465404
1.947013315e+13
3563950826
296.445072
206717449.6
20423744.76
3.529228876
86.73663511
26.78379104
118.1740351
184611.3709
1562.092785
7.739277635
0.4505103334
0.5278025131
1.981729535
24.87694786
42016.12728
387.7077434
193281538.4
538142381.8
833904.9633
1.652339823
4.492066471
3148.610088
89699.94706
127598328.4
7.897552999e+11
1.354842495e+15
9.01003229e+12
3.550808152e+10
107224537.3
258177.6154
661.8865726
2.043741896
235.2615144
108.8876938
263666.3587
721267506.5
2196887.252
830.2924079
66.84264131
290285.806
1.500756074e+12
1.608025255e-19
7447955.964
2675.268028
2.069538333
2.564371649
557.1977055
24849726.12
1.84007474e+13
1.648422421e+10
34433.01222
193588565.5
19501436.8
22677.79108
81.92906631
9.91295944
20.02820554
165965.3168
1724.426024
9.969784729
0.4035812582
0.4552504133
2.10613952
11.34945038
39688.38759
297.0073882
22616031.33
499240934.6
1530492.107
38.49821876
15.96982698
2883.205133
597.7566838
96897561.44
660360701.2
1.279668862e+15
9.932391949e+12
4.38820287e+10
143727565.8
370950.9843
930.6709625
2.479275688
222.4494969
8.109063651
4261.240897
682425859.8
2337072.313
1296.503249
20.75839959
1560.742052
384645463.9
4.440858343e-16
6923260.64
3347.048325
1.283797129
1.507724573
38.05208458
336359.3053
1.736810207e+13
3.043336947e+10
83861.145
180972403.5
18664904.53
48805.32074
77.34646911
3.107351402
3.939414588
150008.4326
1903.584496
12.995212
0.370740334
0.3785280003
1.930810429
5.601724155
37471.2616
323.7644038
1956499.988
455241195.3
2288019.605
52.79956952
11.05170337
2695.360823
29.27590863
72101732.94
669321.5504
1.207717159e+15
1.104559334e+13
5.581990816e+10
203776532.4
579723.8778
1490.728927
3.769259939
210.2699732
1.847586252
76.80614062
645347655.1
2558847.399
2069.246676
14.98874529
17.68777544
199118360.5
5.130586126e-13
6439275.086
3970.01431
1.189587838
1.313974099
4.996330864
9742.627565
1.637122699e+13
4.378184648e+10
136759.2237
169040001.6
17868713.42
73625.40676
72.9580485
1.325680606
1.562231223
136326.275
2043.755713
16.00805432
0.3480821092
0.3309538014
1.746335157
3.174318001
35375.31507
340.8304659
173677.9423
410680225.1
2801870.855
54.08870406
7.450652381
2521.165299
27.93477776
53374541.88
1011.081437
1.139702966e+15
1.163034672e+13
6.417239789e+10
251178193.1
757619.9869
2000.940701
5.002293139
198.7421799
1.543305283
5.290721906
610186543.2
2655796.351
2451.602581
11.0693718
2.576727417
158129447.3
2.900157011e-10
5992320.518
3975.132486
0.8991858129
1.233260089
2.489650151
594.3426135
1.543183881e+13
4.63269482e+10
65731.80985
158626961.9
16984344.34
81357.93926
68.62968464
0.909367037
1.147282319
124359.5457
2039.580702
16.96857421
0.3218491029
0.3001441144
1.576070524
1.958110798
33418.07524
327.9331063
24671.05424
370700446.6
2999517.341
44.09694413
5.314008623
2359.763004
28.50568093
39578331.96
148.5473413
1.075411795e+15
1.185538274e+13
6.986042459e+10
289266431.5
917240.8649
2505.808961
6.313308572
187.7989884
1.547271018
3.787662627
576752562.3
2733036.943
2827.000132
8.517488748
2.281828133
129308413.8
8.644324487e-08
5577612.368
3754.135342
0.6103328218
9.757539093
17431.29656
5408189780
1.453215604e+13
3.214996526e+10
661.0299485
149665936.2
15892158.73
9373.394209
64.43986814
0.8135792958
136.6041011
113589.8594
1925.098808
15.9690418
0.2907161128
0.2801061772
1.494217805
39.555727
31549.54996
306.627215
183359.6632
336044457
2555177.391
6.301197752
2.062324858
2244.961647
60210.07291
113319128.5
3.803600125e+11
1.014948908e+15
1.120138156e+13
6.602416296e+10
273282614.4
863344.9508
2367.288972
5.998611737
177.4813544
5.919790873
44473.55605
545170374.3
2583218.981
2361.207186
12.82649566
236393.2547
8.083541714e+11
1.501392092e-05
5193923.005
3538.880732
0.6079225171
20.25971235
30626.94549
6837788117
1.367690706e+13
2.174945417e+10
644.841636
141174706.8
14847623.95
1067.087784
60.65594123
1.723000626
183.7128501
103845.7817
1815.339129
15.02072696
0.2719006267
0.3305302243
5.060059475
54.70008197
29751.49184
286.9383029
480015.5884
305444804.7
2046847.819
1.827091109
6.463542921
3943.734988
1317750.971
960678214.5
1.064061899e+12
9.56844331e+14
1.05715472e+13
6.232887992e+10
257912608.7
811947.4371
2234.231952
5.773568186
167.6954567
170.7080204
276512.998
514933519.3
2439726.297
1983.336688
12.26858225
42827.35859
386376499.6
9.275435709e+13
4840257.85
3326.152745
1.031096374
7.528518331
200.2102647
348285492.5
1.288807081e+13
1.585104732e+10
138.3179216
133283521.6
13992960.65
962.4376655
57.16933049
2.993338504
17.47869064
95222.87955
1713.952688
14.15911484
0.2600533661
0.7029394257
13.27879815
7.213805009
28093.89581
269.4767178
92120.09821
278954259.7
1890095.515
1.163693953
4.588371934
1948.999685
31967.01661
86295542.02
3.08390619e+11
9.025177737e+14
9.981011021e+12
5.885831623e+10
243431924.5
763916.6327
2108.988064
5.395236597
158.2475067
40.73535875
132397.2059
486306893.7
2302861.631
1675.58733
6.178416583
22556.60263
222655566.5
1824963678
4512394.879
3172.775598
0.8303089746
2.13628991
490.9995941
171310502.7
1.214074666e+13
1.055573468e+10
5596.148501
125434240.3
13227858.19
3788.743721
53.86829809
1.288425218
8.487872363
87451.58407
1647.529042
13.94420911
0.2471183213
0.7031310575
12.6449006
5.69313393
26512.49483
267.2321885
2588.390852
255075296.9
1907872.069
24.63895033
13.29830656
1814.953628
220.1687069
69781052.41
870965697.3
8.508923149e+14
9.816198218e+12
5.997389621e+10
255502258.7
822936.6374
2307.768764
5.876728451
149.3606882
4.213656271
3144.913692
459112505.3
2267167.54
1771.289764
2.829704171
47.83802757
172389177.8
419796024.5
4208021.179
2985.388432
0.6751580492
1.156642358
154.5855756
343592836.5
1.143478235e+13
9759506415
72.60321703
118332150
12484187.2
3241.699076
50.75400189
0.8075536433
2.404663679
80429.95552
1569.237997
13.49403473
0.2341169086
0.5473820979
11.86629831
2.549537773
25014.18034
263.7145747
553.3976701
233411550.4
1943544.978
28.63263663
9.741055052
1700.075906
24.57315096
53202963.33
2862368.185
8.017271842e+14
9.828701254e+12
6.342347914e+10
283779529.6
957596.9227
2768.595791
7.159880064
140.9081976
1.471039925
81.65263678
433216687.6
2285860.65
2094.882082
2.489963904
22.69126209
138458073
219592784.3
3925424.643
2807.717417
0.5792089699
0.9628307683
80.28551858
204628620.2
1.076751627e+13
9073472856
35.30135068
111629376.8
11779423.62
2372.436908
47.80760665
0.6595068313
1.141136701
74055.40637
1487.4968
12.89419298
0.2218191203
0.4432580186
11.14992872
1.695537654
23599.76173
253.2209118
190.9134348
214112801.9
1901773.111
21.95292068
7.295721331
1593.058249
22.63273391
40027608.81
10986.76441
7.554197435e+14
9.547414388e+12
6.326755462e+10
289766137
998321.9903
2934.443033
7.664513171
132.9202109
1.27086534
4.756205839
408704760.8
2238217.081
2153.309767
2.18136812
21.37019124
114190298.5
137739729.5
3662178.527
2644.617693
0.5094985811
6.466322591
13985.44225
3553144190
1.012853745e+13
7214905493
434.9394927
105183691.2
11055141.52
429.305028
44.97227569
0.6332056731
87.69670576
68172.63284
1401.118658
12.13813178
0.2097294288
0.3820334775
10.23757637
33.50785153
22227.99041
237.168031
208916.4388
196625243.2
1612400.01
4.418719738
3.562190537
2455.68766
803307.1459
692647935.6
6.89711592e+11
7.111273381e+14
8.996366965e+12
5.962864397e+10
273026619.9
938224.6696
2765.156939
7.313185396
125.3603581
101.4210793
185226.2474
385364458.3
2110309.716
1855.900428
4.633393832
15521.11807
96086126.99
96091060.28
3418016.995
2719.175654
0.69007269
5.457608122
2140.420228
2908504156
9.525354484e+12
9839314259
23016.37612
98594885.39
10459892.64
6651.980338
42.30324637
1.539087738
25.46587131
62928.9515
1367.367172
12.48330519
0.2131690607
1.051203277
13.71395529
17.96194009
20932.5323
244.6549449
1822.032281
180004406.1
1648031.246
28.40990752
13.33660052
1397.182127
5471.459479
504703345.7
3470684201
6.69385005e+14
8.902896434e+12
6.15751286e+10
292244883.5
1036836.128
3115.858736
8.226457286
118.099789
8.424976157
5500.539234
363275642.4
2070723.737
1952.114718
1.692460302
39.53997223
82108871.89
71722015.18
3190726.846
2908.11377
0.9095639229
1.79560033
296.5604281
2441422672
8.944959001e+12
1.716759476e+10
101322.2357
92132462.98
9975730.002
22215.40478
39.88345249
0.8993741278
6.929181779
58263.1397
1408.291601
14.79123645
0.2303980395
0.8071769889
12.83321094
12.79433601
19678.82208
276.9790511
225.555708
158865896
1905182.799
70.38254051
6.834762998
1306.821377
57.11983622
307237939.4
19981791.64
6.290909501e+14
9.450663837e+12
7.32240164e+10
386323369.4
1522180.562
4947.394324
13.79842481
111.2060336
1.685315576
174.9431432
342144034
2186077.864
2868.50421
2.378336003
17.92735579
71032193.2
56047857.57
2978833.659
2736.043351
0.6245748483
0.9923614762
286.9088166
356086239.9
8.405247811e+12
1.564584947e+10
544.9452103
86721968.69
9396455.066
10237.84523
37.32484173
0.6951888857
2.302748741
54081.59985
1331.559209
14.08238765
0.2179830789
0.6374649897
12.06396962
2.737658511
18538.91853
260.2346379
82.01244449
141341480.2
1802962.089
18.14576203
3.72095631
1224.777723
21.56753166
191713896.7
131042.9317
5.920702493e+14
8.939110892e+12
6.947428911e+10
367231291.3
1446830.387
4720.106445
13.19683205
104.7765702
1.189561463
7.84968821
322367239.6
2073368.008
2589.77615
1.998654112
16.86194288
62081578.27
45255896.81
2781139.905
2573.257042
0.475417569
4.226562972
10061.08678
2350988971
7.89162068e+12
1.311677723e+10
361.763248
81599269.61
8818147.881
2323.166625
35.04948576
0.6370668692
55.54312121
50172.1254
1252.470553
13.24588032
0.2053558804
0.5254533357
11.0787118
27.56757902
17431.83821
243.2140776
108424.5225
126213464.4
1534185.222
4.320020703
6.12997596
3752.075157
1698534.724
1113479832
7.639399284e+11
5.562980504e+14
8.407111401e+12
6.535137268e+10
345361661
1357953.483
4439.628963
12.52436848
98.78080925
199.2310254
230667.3202
303431018.4
1951522.55
2268.741291
5.139207395
12302.32985
54707764.71
37439941.81
2597160.205
2416.356338
0.4234462064
4.006416749
2620.273364
1171163904
7.409983362e+12
1.167187373e+10
235.2172028
76774524.93
8287887.457
821.3006053
32.92385321
1.090573831
41.21316366
46573.39166
1177.785354
12.45489757
0.1998087335
1.237874996
13.32245181
23.53058714
16384.11952
227.6455898
151355.1088
113203359.9
1315931.447
1.552128236
8.743967034
4815.555646
2222124.18
1317420220
8.066019932e+11
5.224134728e+14
7.902277367e+12
6.143718956e+10
324574756.2
1274000.513
4173.604305
11.79913165
92.9903813
245.2615531
248323.9893
285469056.7
1835429.987
1994.549345
5.090477735
11655.45481
48538091.05
31554121.08
2425482.229
2269.031879
0.3636458194
2.685321401
3164.540318
1197377997
6.95600871e+12
1.044567896e+10
219.6553983
72216775.43
7789458.871
370.1274305
30.92701124
1.025437557
26.28669456
43263.61345
1107.540868
11.71355841
0.1936635927
1.911113612
15.07918586
9.289657857
15408.32778
213.7330688
61397.12411
102042587.9
1207295.202
0.9207779531
5.021173759
1033.503122
53661.39737
104260627.5
2.161574487e+11
4.909983608e+14
7.43343609e+12
5.779844929e+10
305198389.5
1196144.22
3925.820664
11.03042211
87.24758191
19.60885455
65936.81581
268607359.9
1725985.631
1760.042287
1.847663301
4896.00168
43314543.82
26984072.81
2265422.825
2328.54401
0.6170060971
3.492935022
863.9742082
1042349156
6.523618309e+12
1.377691146e+10
72364.29944
67547433.05
7378017.83
7586.490775
29.05701114
0.8522408725
14.49977598
40239.86485
1093.572591
12.51103484
0.2014923938
2.081702358
14.57041066
6.953950321
14467.68098
226.5596686
31288.84907
90274294.85
1277587.656
48.11401786
8.199230304
939.4342268
436.4179421
62878532.7
2295212489
4.608105487e+14
7.624752345e+12
6.448202507e+10
368550279.3
1564191.578
5454.067052
16.07703417
82.01278974
3.098262457
2757.281893
252520887.5
1776572.299
2422.200155
1.836774723
22.39764398
38837430.66
23349326.74
2115994.944
2423.080116
0.8960427957
1.39553885
162.9529273
906662773.7
6.111464932e+12
1.858899326e+10
151227.5462
63068498.4
7010689.683
16982.83285
27.36044339
0.670070581
5.21973325
37495.02752
1089.663666
13.6136657
0.2127105482
1.626543273
13.56499974
5.093527322
13581.04361
234.6644892
15051.13579
78630923.01
1314923.184
47.02145921
3.908064824
878.9192768
21.37586716
35579352.51
27278389.23
4.325002824e+14
7.570296903e+12
6.719095146e+10
400157240.3
1761725.881
6308.226882
18.95393051
77.09589503
1.144140802
123.5389982
237385541.4
1743889.09
2571.44091
1.944445694
12.44911654
34976787.79
20396822.64
1976393.114
2279.268278
0.6856636495
0.812052842
32.78880057
790321793.5
5.727959496e+12
1.819599477e+10
29462.32696
59135790.03
6603328.265
17856.46491
25.55651173
0.5929795531
2.147490602
34990.4958
1037.044385
13.20684121
0.2059783726
1.290206277
12.66303329
4.095844037
12762.20299
224.1135867
9357.25414
68910786.51
1261164.556
18.98470564
2.068533403
822.9476573
17.34037086
20194264.65
361688.8052
4.060747249e+14
7.232106624e+12
6.5155905e+10
393097927.6
1750658.494
6336.905846
19.20085416
72.46495976
0.9508356977
7.194012885
223118947.5
1667105.202
2455.784245
1.808808264
11.68353278
31616102.29
17958811.82
1845609.584
2139.56006
0.5244225919
4.622102444
10883.51719
1708098226
5.364739496e+12
1.578479894e+10
546.466925
55502671.83
6189259.744
5398.451225
23.91157972
0.5568592253
25.53853545
32641.44803
973.5367715
12.40711121
0.194948992
1.036991436
11.7669816
9.160007006
11983.25256
210.0771754
12226.87323
60751729.24
1159067.817
4.408913614
1.028078177
772.5542541
6306.968623
20947652.22
8.094258156e+10
3.811766952e+14
6.794237578e+12
6.121822971e+10
369204678.8
1642247.22
5953.159447
18.0505542
68.09314786
1.027951438
4934.723117
209652040.5
1566423.92
2193.113057
1.542602822
798.7417935
28668930.9
15917153.32
1723424.425
2006.658503
0.4498581235
4.568163661
9175.356385
1486222266
5.023614447e+12
1.391780935e+10
285.7312419
52089229.7
5802922.187
2072.721444
22.41374732
0.7229252164
17.93998844
30455.92448
913.7813307
11.64942518
0.1865300453
1.349697145
11.48864196
4.418396048
11252.4211
197.1224212
3659.989528
53868659.88
1086409.805
1.672402105
4.973134601
721.2567649
72.83451877
12357462.57
1323632071
3.576593863e+14
6.466237437e+12
5.915415347e+10
362468554
1639137.632
6040.623318
18.59331662
63.94982911
0.9785828595
261.3406334
196879928.9
1507940.156
2193.091301
1.548287438
12.19709333
26066182.95
14186691.32
1609226.891
1881.315368
0.4013002312
5.901012743
12513.22718
1667215481
4.702457717e+12
1.215962413e+10
358.9989255
48863348.97
5433226.251
646.5464637
20.99722373
0.6882962703
28.0868997
28403.27471
856.9299349
10.93039036
0.1786807831
1.356037283
10.71099376
12.55377395
10552.35358
184.3001681
40272.43861
47949902.59
979611.5266
0.8440907857
1.675686946
811.0980527
159997.7929
193653652.6
2.446464728e+11
3.353062165e+14
6.066588757e+12
5.55047591e+10
340011412
1535915.122
5667.69362
17.48370684
60.03004096
23.24992956
59949.27619
184799027.8
1415444.053
1967.845689
1.545312184
1973.956351
23757513.6
12704712.18
1502476.141
1762.919639
0.4031055463
9.134260174
19109.66239
2006963158
4.399665573e+12
1.050717751e+10
521.3704921
45800932.86
5076032.205
168.5643563
19.65603723
0.8894594949
51.03173332
26459.85973
802.3604501
10.23758371
0.1751353753
1.748673439
9.836897679
27.50725672
9874.058461
171.7738675
116189.9657
42769106.66
832408.5632
0.6320193733
53.64262287
18511.76965
6274141.853
2228614641
8.104320058e+11
3.136449412e+14
5.678899747e+12
5.196670826e+10
318277280.8
1436431.285
5307.676745
16.46312919
56.83757256
355.0907001
232862.8947
173232738.1
1326790.418
1768.615653
5.439836345
8176.560677
21696703.36
11424108.28
1402868.292
1776.014757
0.6439813669
8.946351814
5027.381793
1759529500
4.115158957e+12
1.176139716e+10
87725.57764
42742974.46
4782054.422
3761.538122
18.42549116
1.767252121
29.78931943
24692.85034
771.0405259
10.17392271
0.1777942397
2.983648824
14.73710226
15.0036597
9252.45835
167.3046904
80984.90274
38274450.21
788036.461
10.04345154
40.39230592
593.2437118
68594.59467
1400870326
4233885661
2.940054584e+14
5.326632547e+12
4.874401264e+10
298395239.2
1345634.772
4977.710151
15.3587028
52.75351306
10.58409098
28766.37643
162481548.4
1243990.738
1593.922059
1.402602157
1915.029129
19850445.5
10308758.91
1309689.872
1742.380141
0.6837095578
3.318663863
1310.469522
1542495207
3.846874026e+12
1.324786873e+10
125936.8354
39853058.72
4515329.116
8493.717458
17.32707699
0.9255366884
13.65211498
23046.28242
756.6500789
10.72491593
0.1878721575
2.426572943
13.84360206
12.38871969
8658.972131
172.0127438
39475.59206
33423158.41
796290.1046
50.67529262
18.93647292
549.9215216
752.3388301
825309070.5
102880111.3
2.750778839e+14
5.388795481e+12
5.316086915e+10
349760565.5
1696265.172
6654.71512
21.66386665
49.44161577
2.629600987
1913.727683
152246811.4
1263401.869
2102.168366
1.730674313
13.81666062
18187720.59
9332066.346
1222244.044
1631.246682
0.537610301
6.445139089
14223.32972
1388418839
3.59484013e+12
1.169344606e+10
1829.085497
37299184.65
4221380.587
2902.525648
16.10563793
0.6252890056
17.87815106
21519.77173
708.5350282
10.05307193
0.1807406667
1.973869574
12.8539972
6.653015279
8109.707271
160.8609481
2053.687545
29386417.42
736227.7384
5.744218247
6.717522913
514.2642958
525.5578138
3017192.37
2.328191826e+10
2.576499065e+14
5.050607926e+12
4.98284019e+10
327702086.2
1591860.816
6280.311075
20.55963895
46.34560839
0.8952167675
135.7744776
142695481.9
1190479.045
1944.881168
1.532769168
37.49433637
16692153.63
8469393.848
1140678.452
1569.133409
0.5630259875
8.256009433
4280.298111
1219798789
3.359516294e+12
1.123226445e+10
35171.5975
34856003.03
3958324.682
3725.345913
15.07969049
0.6968990922
16.92304526
20102.28119
670.6662982
9.670814207
0.177026363
2.198698199
12.24574258
5.369234875
7592.485153
155.2356422
1386.701022
25857377.49
701368.4768
17.33448886
5.573285549
480.4269645
17.84533629
1798284.877
679903975.8
2.411220269e+14
4.843808021e+12
4.886696319e+10
327889572.3
1622412.112
6493.492996
21.50862275
43.419491
0.6812865825
10.98210877
133665624.4
1136664.468
1896.198653
1.482577738
7.119444968
15338258.13
7704414.808
1064351.65
1565.126349
0.7237892496
3.322215255
1272.024334
1070905231
3.135934261e+12
1.292339219e+10
184173.9426
32408086.2
3738985.021
8375.388715
14.23411486
0.5427832104
8.794998308
18763.08661
659.3953146
10.23194429
0.1893045016
1.822147553
11.43337251
4.290998899
7094.786435
159.6612852
623.1578547
22028023.23
697805.8602
56.89973518
2.461762439
448.1826636
11.68686603
1005145.746
21739636.74
2.252982668e+14
4.87606564e+12
5.28439097e+10
379790008.3
2010766.935
8522.285333
29.75330417
40.65563346
0.6607799719
1.653207281
125082799.1
1145467.411
2334.983453
2.283826485
6.563588258
14106081.28
7023885.519
992837.0583
1463.174713
0.5838161634
1.441193462
668.7377402
233042825.1
2.928271931e+12
1.193325722e+10
2704.566477
30306235.54
3498806.164
5322.156192
13.16894725
0.4689188935
4.800550254
17537.2216
617.6452282
9.616427497
0.18282446
1.522759667
10.70084008
1.584539745
6640.654947
149.3416314
383.0720741
18936379.89
655747.9867
11.15759934
1.229534848
418.678011
10.9496206
572239.139
758929.7595
2.107365565e+14
4.596861961e+12
5.016185596e+10
362689895
1930750.735
8230.33966
28.8760623
38.06118149
0.6252983879
0.8715503545
117078405.7
1080952.431
2188.595247
2.105615997
6.143798874
12988257.33
6413997.173
925847.8025
1367.364003
0.4863169448
3.75081916
9711.801437
915010326.1
2.732353531e+12
1.075473991e+10
351.5131786
28329892.45
3267884.553
2299.59665
12.30266046
0.4366755987
15.56582927
16370.3115
577.2524891
8.997439666
0.1763142618
1.268087713
9.883194634
8.007699742
6205.287051
139.3048931
4511.65067
16373280.07
596304.7204
3.148879667
1.183012919
656.725556
236645.3997
214596568.9
1.998776794e+11
1.968729984e+14
4.296872937e+12
4.689285896e+10
338972196
1803530.708
7694.322276
27.03029257
35.61567139
32.26502868
55334.03376
109499345.9
1011014.728
1991.831414
2.21889446
1758.669668
11968456.48
5866259.941
863173.7904
1277.05114
0.4304776573
4.728136643
10554.84676
904699207.5
2.548686717e+12
9730386847
329.0926047
26471680.44
3050905.888
1130.806145
11.49378701
0.6370650857
15.17745232
15274.94051
539.2560421
8.411819463
0.1717526744
1.788310204
9.893837276
6.573842892
5797.090545
130.0272924
5999.490779
14244812.99
546986.7799
1.565538823
2.963901208
449.8607117
96526.94647
113428191.7
1.393708044e+11
1.838900211e+14
4.015690904e+12
4.382785733e+10
316733583.7
1684429.654
7191.640464
25.2673296
33.28773692
16.09838717
37528.9707
102376012.4
945033.3519
1815.158513
1.910546224
1450.585517
11036160.07
5372657.148
804651.1993
1221.503987
0.4718413953
8.772623291
3917.268193
797450518.2
2.377065715e+12
9624187935
65904.16535
24664418.34
2859514.995
2453.675362
10.756692
0.7292010047
19.04964764
14253.41515
514.3941481
8.27472286
0.1727038637
2.255275389
9.726991068
5.398225117
5412.255844
127.8236646
3558.655193
12321256.32
523124.6441
31.92976947
5.338909356
339.7915885
1424.893222
66375097.41
6287409696
1.716357585e+14
3.919499244e+12
4.465572974e+10
336260745.8
1861495.866
8224.687887
29.80007009
31.11577027
3.762185677
3763.086482
95655179.79
924002.5232
1979.18182
2.005970787
11.9423888
10181624.88
4926814.1
749889.0037
1168.659033
0.495796793
3.9604395
1427.880744
703174186.2
2.215852735e+12
9772564957
96110.12007
22958184.57
2682824.576
4016.159582
10.07685965
0.5258922574
11.5061329
13295.46569
491.7275125
8.178104302
0.174592202
1.90631548
9.083896368
4.244417513
5052.122163
124.0082008
1971.481653
10617554.06
498310.9981
30.23075771
2.466504454
316.7236477
30.46296451
38480554.51
308102287.9
1.601686182e+14
3.7784423e+12
4.435178671e+10
343224401.2
1949431.045
8803.754742
32.53157022
29.08146386
0.9823842339
400.5541094
89347953.02
890751.6923
2037.431162
2.191331222
4.731162787
9398705.13
4522682.558
698488.5957
1090.299673
0.4274225503
7.908633054
17066.03023
947497730.8
2.064162089e+12
8782451507
2350.844969
21411073.27
2499315.874
1634.106055
9.351732874
0.4383320965
14.5100305
12393.04397
458.6499214
7.638262913
0.1698232067
1.59428415
8.369886117
7.492358384
4711.15209
115.4208326
1836.81933
9203706.707
453789.5644
4.110936351
1.269045195
527.0852751
196304.0503
171314736.8
1.551709241e+11
1.493721587e+14
3.525464829e+12
4.138602608e+10
320205770.2
1818069.611
8215.816544
30.38744666
27.16288347
21.21433935
38881.2777
83414825.02
831578.8973
1862.628082
2.169120267
1142.766469
8680430.823
4155287.09
650395.2724
1016.630535
0.4325510269
14.44035932
26272.22951
1115160980
1.921823214e+12
7877844420
540.3314723
19960527.38
2326606.995
699.2266513
8.720371781
0.7044872176
17.47883883
11542.84986
427.4464594
7.126317495
0.1670408645
2.050648312
8.508921211
7.922955413
4390.074923
107.4243374
3436.661869
8020150.182
413110.739
1.842225387
2.464972107
700.7103269
301280.5958
221321236.7
1.698479595e+11
1.392162651e+14
3.287352539e+12
3.85944454e+10
298546917.3
1694634.525
7662.74875
28.35501721
25.35179798
26.67491945
42326.73885
77833343.96
775798.8287
1704.242152
2.066188282
1329.443989
8019576.168
3820763.624
605543.9829
946.864398
0.5138507016
11.21726411
1052.87516
206476736.2
1.789971e+12
7305963332
95.42242828
18616551.36
2168616.416
611.1897842
8.140069503
1.03452739
4.912823798
10760.89991
398.7497752
6.656109837
0.1615504188
2.749648615
8.667600999
6.000510144
4095.486982
100.4285567
2820.627609
7032109.097
384874.6145
2.366650386
6.86409383
256.2624446
5564.003254
137401839.6
1.059028329e+10
1.298302733e+14
3.080295976e+12
3.632753921e+10
282211724.5
1608741.514
7305.703119
27.11729288
23.64421699
6.113909839
5365.288948
72620800.31
726880.3351
1582.908557
1.609835202
94.3949292
7411367.74
3515572.345
563571.9587
881.7768796
0.4043641336
3.370410774
3718.217967
372429035.8
1.666284794e+12
6720390212
196.5401487
17353724.18
2020791.849
386.9259616
7.59241972
0.6701057878
6.733011035
10023.40168
371.6223889
6.213525039
0.1566478921
2.382800456
8.036363563
3.625510758
3816.251174
93.50489024
2160.574308
6190377.012
354644.5242
1.176668844
2.445478898
260.6493214
32518.86933
48569362.03
7.473827689e+10
1.209662062e+14
2.871107537e+12
3.386217557e+10
262996227.4
1498860.152
6810.202437
25.29636735
22.05147982
6.586503015
18971.16333
67713177
677664.62
1450.770896
1.488671596
520.8791681
6850976.252
3236643.477
524352.8393
820.4703886
0.3436035305
3.617369371
3370.002844
350982795.8
1.55050793e+12
6185446756
251.3924508
16166334.38
1881151.438
238.2469627
7.0782848
0.5735048938
10.74195178
9327.014014
345.9527277
5.793343767
0.1534468119
2.379893786
7.308161984
6.677094419
3550.96985
86.90759441
6229.802659
5466227.592
322383.6026
0.7584838571
3.080064929
1303.723686
594841.6121
331882645.6
1.892405577e+11
1.125378331e+14
2.672117977e+12
3.151796716e+10
244744551.6
1394629.713
6340.01802
23.57584369
20.59307704
51.99811639
53700.07371
63074981.66
631189.9871
1330.06441
1.88340808
1613.920842
6333668.115
2981321.889
487704.736
789.4710455
0.3796019953
7.531029468
1714.61233
310892720.6
1.442054473e+12
6302733521
92863.83936
15008144.43
1758551.515
1194.736779
6.615083401
0.7069466958
19.06473327
8680.061477
327.5706978
5.608733302
0.1513027313
2.863894315
7.607708526
5.222085658
3305.59474
83.2785252
4454.655293
4834617.008
302057.4489
13.78403674
8.567943479
206.8995664
13234.00958
216830464.2
1.487389082e+10
1.047768662e+14
2.524565979e+12
3.015801334e+10
236736228.1
1361861.753
6235.03678
23.29120692
19.14251607
11.94534072
8103.363725
58762403.89
592672.0859
1253.629634
1.247917124
61.07008014
5856195.829
2747267.322
453446.9117
737.4867017
0.3484153652
3.96373777
803.2922459
275602130.9
1.34097836e+12
6014079781
37781.3057
13950414.91
1640127.146
1561.052584
6.163942517
0.5058260046
13.3924537
8076.537823
308.7051453
5.388623655
0.1495258107
2.464833228
7.101126215
4.203016509
3076.046549
79.7069123
2869.965715
4268396.134
284027.203
20.61762876
4.478275455
191.6981964
313.069222
141605581.6
1260167530
9.747852011e+13
2.412106176e+12
2.954919429e+10
237497747.4
1397407.949
6520.275507
24.78420353
17.83548855
2.700092771
1295.218684
54707341.33
566002.6694
1271.610361
1.297543218
3.390677635
5414992.059
2532495.735
421431.2061
711.226631
0.4027748021
2.2077794
388.6054615
244325243.6
1.245947225e+12
6201080099
131311.0056
12925669.43
1534210.8
2592.819024
5.790874584
0.4028970072
9.606919283
7508.498241
294.0628377
5.301908245
0.1506688115
2.127233114
6.610554921
3.780081128
2860.167259
76.92424029
1683.420034
3748314.233
267212.7427
23.23727961
2.365034976
178.1657202
12.97567594
92717739.09
114980056.5
9.065580875e+13
2.289431751e+12
2.85317798e+10
232576911.4
1384509.235
6513.329778
24.90597383
16.60938357
0.839332427
219.4759894
50915424.64
532279.1125
1210.464813
1.236449192
10.33971076
5007504.656
2335092.066
391521.1404
677.0740277
0.4267577534
1.31508347
193.9666786
216683869.1
1.157179087e+12
6251191495
127283.4427
11971842.67
1433697.688
3389.980285
5.420396744
0.3472983308
7.035848946
6977.671212
279.7120013
5.20483259
0.152381365
1.841279974
6.150869288
3.424949969
2658.103028
74.18032303
926.0629472
3266748.284
251461.4167
27.38465313
1.283634558
165.4850386
5.461238853
60564981.06
11294255.36
8.424974961e+13
2.190432061e+12
2.804799292e+10
234450961.6
1429060.355
6859.096958
26.70671924
15.46364106
0.4409406899
39.60314287
47353543.54
508332.4612
1229.459918
1.342843465
2.582151903
4630182.848
2153587.767
363572.3716
628.9273892
0.3849874739
0.8305646793
310.2265828
71246866.72
1.074595247e+12
5795231780
5006.338672
11120053.11
1332871.71
2828.432274
4.969179922
0.3121005195
2.071585188
6486.272376
260.0552185
4.850479048
0.1485298089
1.59692055
5.722964816
1.348244437
2471.170465
68.95398027
44.85545809
2862495.625
233315.4857
3.998532715
0.7571132038
153.7737483
94.23491505
832914.6699
7943344466
7.831208292e+13
2.036613487e+12
2.607906609e+10
217944733.9
1328270.825
6377.369241
24.84003061
14.38416673
0.5097088569
2718.579106
44030720.83
472614.0149
1130.234441
1.225900483
152.3536077
4281363.236
1986420.715
337488.1356
593.9349078
0.3876617942
1.112419126
296.0751959
63263474.94
9.973443773e+11
5572982484
56102.39119
10313600.23
1240662.213
2918.069004
4.650961611
0.2931926953
10.30136522
6025.950404
242.8337676
4.560887419
0.1451397718
1.437406698
5.321800805
1.932304145
2296.562209
64.06736752
29.70940401
2518677.508
216441.5544
1.515624598
0.840432053
143.0251556
1109.788118
4772887.84
1.909464638e+10
7.274413182e+13
1.89227182e+12
2.423121266e+10
202459429.2
1233739.797
5925.281831
23.08954138
13.37178741
2.461136662
8837.075629
40914427.92
439132.9664
1039.194325
1.147364574
332.8624712
3958320.654
1832400.987
313122.275
551.2130676
0.3544272857
0.7207196549
779.97829
98701334.16
9.252920851e+11
5156843827
2589.816518
9573469.429
1152105.711
2386.06664
4.304879171
0.2760448404
2.560172115
5595.435509
225.5129103
4.246738801
0.1411789552
1.251515629
4.942688245
1.180154759
2132.579511
59.48378591
168.1517218
2224096.955
200391.2582
0.9679826314
1.152573012
133.0022953
1569.21374
5317343.152
1.856025187e+10
6.753862549e+13
1.757297506e+12
2.250357982e+10
187989500
1145446.657
5502.820868
21.45016903
12.42479276
1.68233748
5337.639126
38001555.4
407836.7164
955.7413162
1.031479583
214.960463
3659144.668
1690387.639
290377.5723
511.2497629
0.326786755
1.563199365
3080.027373
187557464.8
8.579312855e+11
4757070417
286.2447453
8883020.718
1068838.806
1843.094372
4.004427067
0.273146374
3.729446095
5191.54144
209.2591455
3.951266932
0.137441207
1.190138086
4.583627273
2.696597482
1978.808723
55.17670895
348.690467
1970284.978
185216.7788
0.698274026
1.586677236
124.7121268
3973.44504
9338134.878
2.332205274e+10
6.266880884e+13
1.63098771e+12
2.088702436e+10
174456428.8
1062901.305
5107.684812
19.91800489
11.53947943
1.597460231
5231.259666
35277448.35
378576.8799
879.1316135
0.9409926645
210.5508699
3382023.07
1559374.368
269175.5808
473.824985
0.305359319
7.22664344
406.8957331
61655020.17
7.952650238e+11
4404808051
55.06638629
8240867.289
991130.9939
1653.256546
3.726246255
0.3054460269
8.188418735
4816.604434
194.1782573
3.676462058
0.1332871026
1.240185744
4.243020344
3.013243319
1835.904817
51.48352415
311.7794291
1750415.845
172023.7631
6.524222817
2.603438547
113.9918168
145.0913728
6649698.675
3254634615
5.812182404e+13
1.531083657e+12
1.985138737e+10
167880274.1
1035812.025
5035.999124
19.8597538
10.71615993
2.329696401
1238.525124
32729241.95
356586.8754
856.5482114
0.932380086
4.552662543
3125215.357
1438444.885
249391.6752
438.9627468
0.2838774782
2.35157371
3759.960926
179914884
7.366739658e+11
4059793115
173.8723013
7639621.325
918572.7368
1271.619648
3.465139018
0.2766474278
3.516977906
4464.329236
179.996602
3.418925496
0.1294590145
1.083127758
3.927653552
1.629455297
1701.548563
47.70747411
350.3004375
1559090.976
158743.3008
1.767593875
1.386241724
110.2412704
8269.298555
15042972.13
2.798163512e+10
5.386729684e+13
1.419300053e+12
1.840278264e+10
155607040.9
960025.6838
4668.70225
18.42294972
9.942306349
2.482113055
7603.432314
30348358.26
330640.8199
788.0022067
0.8703209956
202.4236586
2887344.543
1326776.334
230946.0653
406.4118843
0.270567751
3.539402659
8530.938242
258339893.5
6.819438422e+11
3730225651
299.486829
7076269.159
850326.4227
899.2532662
3.220417266
0.3025131366
5.475091995
4132.723621
166.6329201
3.175905127
0.1265891125
1.098631522
3.667645089
3.597763334
1574.357237
44.12008026
1206.158204
1390654.601
145221.4252
0.9719319781
1.967809113
730.3481313
329389.6867
172592160.2
9.158435332e+10
4.983354367e+13
1.313305094e+12
1.70297592e+10
143985002.6
888328.2799
4321.325089
17.07028003
9.246880293
30.24602556
27341.52573
28107707.29
306245.3187
724.6456262
1.09812818
756.8144916
2666712.711
1223621.295
213780.7565
375.9732053
0.2745482746
9.995569874
726.3313503
70476911.45
6.311974223e+11
3447480013
91.63753072
6553650.193
786953.4392
789.4816023
2.99445208
0.4808767499
3.757477958
3826.74471
154.3138587
2.951145855
0.1233405335
1.381670919
3.763662319
4.032579764
1457.730071
40.82732145
409.7394337
1244508.738
134025.6706
0.7933922604
7.159212155
98.26615999
11046.28348
17543255.15
2.815127032e+10
4.613038456e+13
1.215955824e+12
1.576784722e+10
133297628.8
822374.6223
4001.370261
15.80681894
8.537433933
4.598554351
9328.707487
26031703.71
283598.9468
666.6015354
0.8215820965
315.3879288
2462225.404
1128301.105
197795.9005
347.6435706
0.2518642343
8.42791073
258.6999222
37772066.12
5.839809531e+11
3188259061
39.36805437
6067483.083
728382.4153
728.0501585
2.784360787
0.4052259495
15.80097054
3542.862637
143.0114348
2.752329978
0.119276898
1.363377036
3.500533213
3.296865427
1349.197807
38.31052026
349.093275
1115198.605
124349.5752
9.755586635
6.607420486
83.66259434
517.0798398
13158935.11
5133248957
4.268341974e+13
1.147537412e+12
1.518532387e+10
131036383.3
825352.0854
4091.837374
16.45394168
7.912639324
4.215148554
2726.623849
24096304.6
268579.147
667.8698577
0.7695092511
6.92744496
2272756.835
1040201.313
182917.8563
333.5329293
0.2850040014
6.349980695
274.286908
33674531.46
5.397548949e+11
3268381040
185034.7052
5588239.434
678228.2046
1323.780951
2.680092906
0.3374544254
15.4097308
3274.040137
136.6874863
2.753724883
0.1204538275
1.199136776
3.242368402
1.602227557
1246.165257
37.75174633
214.1362386
983218.4919
116628.7708
42.51365418
3.296994912
77.24818836
27.15162395
9723543.146
998773917.5
3.942552904e+13
1.125203273e+12
1.581580403e+10
145047264.3
971407.173
5099.734853
21.68151398
7.345457002
1.569013082
837.6555285
22279768.59
265086.9757
781.923366
1.093466797
1.299845844
2096763.702
958955.4671
169067.8721
311.203523
0.2815615117
4.392323454
179.6699437
30041604.33
4.987913192e+11
3113953837
74916.34547
5154185.81
628413.892
1403.261923
2.444146775
0.291332027
12.79080469
3026.872328
127.4730545
2.605207026
0.1185285104
1.057743307
3.007292695
1.325236858
1152.266172
35.18281029
137.3656519
869320.2325
108111.0494
16.07428327
1.730531849
71.40867017
3.804392664
7265369.335
207054025.9
3.644921488e+13
1.049446063e+12
1.486543103e+10
137253846.1
924831.7008
4880.737148
20.8526718
6.802021777
0.6809687279
270.6409431
20604329.47
247098.5036
739.0555693
1.049925448
1.106053714
1934217.463
883650.5267
156163.3387
287.3967088
0.2658949376
4.848631414
12534.892
219541991.3
4.604974649e+11
2856032771
6836.063977
4755968.769
580145.9587
1007.897393
2.234450381
0.2624662303
4.187570069
2794.222615
117.6789613
2.416723575
0.1163713961
0.9247521578
2.768521323
2.095548494
1063.264279
32.46136824
188.1715669
770080.1578
99099.73215
3.697681669
0.9254864439
215.7135161
98639.88315
66626217.26
4.640304562e+10
3.364386607e+13
9.688473644e+11
1.372473917e+10
126713069.4
853840.2342
4507.069273
19.27016087
6.296388798
9.378661486
12419.28993
19035441.9
228294.8383
679.4542238
1.059217133
344.5487077
1783562.387
814026.6619
144173.043
265.2168385
0.2972220233
3.553763706
5758.843107
136789850.8
4.250067964e+11
2626596215
818.8857255
4389215.193
535287.4679
826.6011684
2.073106207
0.4385566601
3.494936907
2579.45982
108.6473095
2.242276123
0.1140062761
1.122071197
2.760653172
3.425294599
981.5340874
29.95954724
89.09375764
684360.6981
91251.57452
1.289842797
4.158791562
63.69900709
4378.708885
7944319.24
1.522832638e+10
3.10621887e+13
8.946559742e+11
1.267424649e+10
117003122.1
788420.0572
4162.4188
17.80091362
5.814978221
2.16074606
3673.079532
17582449.48
210854.3192
624.6914719
0.9094395896
129.6418639
1643970.244
749653.5631
133020.5477
244.5939822
0.2806361037
8.212967695
17348.48951
220949190
3.91927969e+11
2408020492
421.0066037
4048225.956
493544.0843
634.0260408
1.924820203
0.4184032296
3.747300621
2378.982367
100.2137561
2.079658616
0.1114493925
1.136228948
2.587145692
3.257635276
905.268793
27.63040286
138.8955175
609541.1367
83892.76606
0.7332854017
2.857783883
65.65301026
11597.12835
14824914.91
1.999681467e+10
2.865743844e+13
8.255245497e+11
1.169542641e+10
107958112.3
727489.9229
3841.371266
16.43657017
5.373504638
2.132829464
4827.849961
16229810.07
194625.0861
574.1836503
0.8323568008
148.9320226
1514708.911
690138.4438
122688.6989
228.0410023
0.3716591778
17.46994676
12251.24324
197497940.3
3.614441463e+11
2233049563
19035.16307
3731996.89
455395.3343
608.2752008
1.790155295
0.4838362113
16.42078681
2194.913425
92.60529659
1.935044979
0.107805338
1.219392875
2.441963204
2.992627666
835.150337
25.6246262
57.37612163
544244.4296
77332.31253
0.5457287488
3.145184819
51.80980294
98.88417432
223600.3018
2583288472
2.643771595e+13
7.616653705e+11
1.079069561e+10
99594238.57
671118.8001
3544.105916
15.17056725
4.963516699
1.731300456
2242.756878
14974138.89
179554.4725
527.6524651
0.7591677884
117.9221525
1395008.549
635118.7644
113092.2128
221.0953517
0.3482258829
12.77982929
8723.66375
176482934.6
3.329188208e+11
2313943580
270356.9858
3422840.535
423130.0296
1055.826144
1.795485023
0.3960169661
14.05571251
2021.147916
88.2914154
1.928702532
0.1080233152
1.07916505
2.259706461
1.555915763
768.7474808
24.99116634
464.3833497
480033.6116
71923.62264
30.0258393
1.808802235
47.68169083
9.875407908
174987.6592
723580584.5
2.434770598e+13
7.306060827e+11
1.076472787e+10
103168129
720576.392
3928.280438
17.30528198
4.593500792
3.196598348
917.5006107
13802037.25
171709.8223
547.8328228
0.8409242536
4.348732138
1284057.248
584300.371
104190.5102
212.7166561
0.3445946186
9.501361531
6299.718662
157720517.3
3.064356613e+11
2401940739
384280.0658
3130172.377
393582.4061
1555.377105
1.839419477
0.3339199084
12.08471932
1858.94017
85.15450315
1.97609474
0.1110459396
0.9548288078
2.088570782
1.291458496
706.5418131
24.93928371
244.9526877
408716.9689
67197.20768
61.00611191
0.9056593584
43.82803427
2.378490101
134574.1187
214648085.3
2.238124094e+13
7.258694165e+11
1.158598481e+10
120599378.4
916913.8154
5435.033096
26.0205023
4.277530096
1.474022515
390.5010453
12704613.82
172128.8312
663.8879503
1.275540177
0.8084781933
1181069.384
537466.0241
95934.8633
197.2788739
0.3198680554
7.17620753
4611.186286
141059644.4
2.82064468e+11
2270001629
143683.9892
2869238.675
363358.6209
1575.887046
1.554332081
0.2879521682
10.45194846
1711.276042
79.3730278
1.878715794
0.1104592959
0.8473731434
1.933206915
1.177256198
650.482542
23.26384695
134.582722
348826.8065
62046.24779
28.91976419
0.5701290219
40.3492394
1.742067472
104388.9625
67334878.07
2.060327298e+13
6.77753636e+11
1.096024946e+10
115474996.6
888015.4704
5319.55349
25.72996143
3.953152703
0.7419614911
173.4409765
11699494.48
161103.9385
641.4323088
1.280015888
0.6429826247
1086162.843
494057.0182
88274.0887
181.4521279
0.295635964
2.098332977
4784.17709
83706217.7
2.594255251e+11
2082648969
21110.4494
2633136.362
334167.1574
1272.577477
1.343856766
0.2561319495
2.849627471
1573.17855
72.96911975
1.739133749
0.1091561924
0.7468059385
1.77811088
1.647067479
597.3529176
21.36485447
66.7736805
298946.8019
56613.20124
8.808738697
2.524710279
834.2287672
309266.3072
120329017.2
4.726844182e+10
1.891905084e+13
6.224291868e+11
1.006647285e+10
106058531.4
815685.455
4887.311749
23.65589753
3.674029837
20.99297923
14080.88742
10757838.91
148156.4836
588.3041278
1.379375531
369.8913006
998401.0061
453917.8495
81171.94441
166.7830831
0.2826724361
4.112272549
9682.881612
108259973.6
2.38430272e+11
1908595647
3545.207655
2417120.646
306979.0505
1046.291521
1.237155356
0.3549369035
3.302502813
1445.415738
67.05064239
1.609981424
0.1078835826
0.8971260982
1.850253428
2.968485875
548.5997116
19.62211715
50.03325037
257497.0748
51790.85899
3.038539168
3.496972893
163.5454355
75561.92764
45097262.02
2.756256301e+10
1.737600066e+13
5.717581788e+11
9247673806
97430689.82
749392.3155
4490.848748
21.74416012
3.361016517
7.375437006
7812.251027
9890067.979
136206.6211
539.5233927
1.166963605
212.9458742
917221.4749
416843.9622
74598.56894
153.1922147
0.2921923176
3.530259577
4759.326878
69668755.67
2.19042621e+11
1750563663
724.0184146
2219242.926
281876.0928
917.6569427
1.148863166
0.4162249382
4.192116387
1328.192806
61.62608582
1.49169864
0.1052765169
1.010355098
1.807291833
6.469874025
504.2585048
18.03975623
12.0541981
223062.0071
47558.35834
1.273151354
3.852440558
31.88269202
7347.927084
36523327.86
1.022014175e+10
1.597268038e+13
5.266583346e+11
8543867804
90349681.26
697861.5009
4199.751766
20.41554549
3.090159831
7.509537583
3906.912498
9092367.583
125536.4774
496.6788054
0.9951827298
28.77455215
842260.4157
382613.9112
68523.88804
142.58954
0.2821216096
13.84308764
3699.265768
62391983.1
2.011396666e+11
1656522120
102883.1974
2034787.917
259647.1446
964.8900601
1.151241476
0.3714476178
15.69234213
1219.38082
57.61107909
1.434528094
0.1037343778
0.9585525129
1.677624586
2.740258668
462.6420258
17.24786843
95.26766841
191237.359
43887.80049
25.69271848
1.670728533
28.71983027
695.5959332
28945064.19
7046328891
1.465249585e+13
5.047946553e+11
8561401638
94695304.27
765078.6483
4809.51559
24.38461126
2.868788318
3.899904136
2023.244345
8347468.483
121132.5438
527.2855238
1.159000103
1.952888117
772841.4593
351088.7819
62905.2427
133.2667066
0.270972176
10.98042735
2860.506661
55885016.25
1.845705313e+11
1582760470
157803.4954
1863232.516
239215.2496
1021.860767
1.117368201
0.3178211761
13.80516619
1118.7763
53.79268203
1.375827299
0.1023448612
0.8522627542
1.55133476
1.468302745
424.373902
16.26822913
57.10579368
163276.366
40408.88121
26.6776177
0.8282742238
26.34945148
72.75017188
23224722.49
2858735304
1.344089064e+13
4.749636383e+11
8253098977
93414437.48
771403.1783
4947.74777
25.55384119
2.654229694
2.102167577
1085.227124
7661725.468
113950.8351
517.4047678
1.18636866
0.5047266693
708873.3992
321946.8614
57711.10731
123.9635327
0.2614254689
8.805067705
2231.808468
50073658.33
1.69281875e+11
1482223882
101187.0418
1705899.871
219786.0705
978.9652882
0.9775261421
0.2766805543
12.18356152
1026.540699
49.41644644
1.275239729
0.09950260401
0.7588178349
1.434801212
0.8339370653
389.2646841
14.93225965
8.919636221
140213.4591
37012.35411
10.40856658
0.5274067792
25.86002882
2874.375933
4744792.823
7680528331
1.232557489e+13
4.355803914e+11
7568884606
85664753.03
707427.1471
4537.806056
23.44603798
2.441684047
1.3514511
2649.586597
7028468.577
104533.8188
473.7753416
1.099142306
75.2795101
649885.2333
295052.8694
52910.99708
113.8208371
0.2474163406
7.133539749
1755.933079
44884887.47
1.551887245e+11
1357478915
22412.79063
1562116.994
201522.9601
894.8631246
0.8709604324
0.245471546
6.239906456
941.2234133
45.32062184
1.182032941
0.0965841002
0.6901863896
1.328102333
2.39302798
356.8711171
13.6956167
9.93009183
120966.7261
33894.18032
4.37505436
0.60054909
22.36364642
494.401786
1367960.417
3878376612
1.129845852e+13
3.993160533e+11
6938882338
78529820.17
648519.8606
4160.239948
21.50271098
2.244915987
1.675921875
1304.372267
6444242.814
95841.69155
433.6442505
1.003393053
57.22866146
595444.2034
270258.0147
48480.17002
105.6136539
0.2422656132
5.833902942
1392.058003
40234951.51
1.421429808e+11
1284699871
121546.2627
1428362.513
185225.5561
910.9302317
0.909405643
0.2213357384
12.24133886
861.9681258
42.13887832
1.127405418
0.09454348293
0.6433874336
1.229843092
2.009710506
326.728187
12.87320558
82.73298305
103985.9106
31108.08831
15.46872376
0.5685163877
20.30902458
65.01740861
1121715.651
1800569396
1.034473094e+13
3.741323308e+11
6648734035
76905171.63
648630.7651
4244.461438
22.35161419
2.075584672
4.115649511
774.2697169
5903279.623
89949.15975
424.2164165
1.016522902
4.212646674
545191.309
247424.1324
44386.98631
96.67577418
0.2307674467
2.440367714
1448.653087
24088947.59
1.301173453e+11
1175243331
30652.02632
1306152.077
169586.8527
805.8083572
0.7700339953
0.2018477189
5.956717438
789.2766845
38.59812825
1.045310673
0.09154315655
0.5748826726
1.138282328
1.096362123
299.1526159
11.79802932
9.529673125
89872.08632
28466.38081
6.977619328
0.4101320499
18.60650388
9.904520645
85136.11594
894536618.9
9.472628073e+12
3.426117813e+11
6088651790
70422261.03
593957.3604
3886.902292
20.4769179
1.907457734
2.191923652
282.5563395
5406198.623
82371.61877
387.9206526
0.9302958224
14.77715711
498947.044
226373.4012
40601.25603
88.40676007
0.2444170744
34.56375611
43117.83849
126738681
1.189076786e+11
1070199787
8713.585892
1192820.358
154883.1219
647.1020185
0.7023949591
0.1907097858
2.703444006
720.875014
35.26302144
0.9681072368
0.08929451427
0.5198216152
1.050223955
1.189376042
273.1429593
10.78302873
27.16263473
77896.02268
25929.55861
3.363187252
0.5363675481
104.0899425
45887.77029
25146341.63
1.439602262e+10
8.655673679e+12
3.131002283e+11
5564717296
64364101.91
542914.1733
3553.381872
18.73110457
1.753591519
2.984876181
3483.735955
4944908.869
75347.32761
354.4069105
0.8766462252
88.1080312
456321.954
206991.1884
37116.21625
80.78001744
1.05221188
24.0780856
33591.19894
104578390
1.086023906e+11
974747252.3
2802.82632
1088784.461
141333.8825
539.8168135
0.652346824
0.3760470091
3.188152438
657.9981141
32.19887906
0.8968377996
0.0874508535
0.6250383821
1.083072798
3.176504763
249.2954311
9.851269247
25.07002011
67737.65742
23616.19
1.75682551
2.191236255
75.76687115
34002.35867
20000336.56
1.22788169e+10
7.904185477e+12
2.859554687e+11
5082733664
58790841.11
495948.8181
3246.42065
17.12226432
1.609764312
2.860213847
3157.47517
4519845.19
68873.07849
323.599465
0.8107140509
88.63688047
417060.594
189154.3902
33917.08383
73.828276
1.332968082
30.88145684
308.9879595
9687489.542
9.922294676e+10
889658542.8
768.3953383
994392.5888
129074.8091
487.5912645
0.6090093173
0.4858464271
8.267120401
601.1707999
29.43111181
0.8322024078
0.08435730177
0.7232454843
1.075538546
5.12985337
227.7970113
9.010662652
8.654379387
59165.43507
21556.47715
1.008757102
3.294185151
14.9256421
276.1698541
775041.2515
2347248824
7.221184642e+12
2.612667468e+11
4643990129
53713783.35
453128.2544
2966.282314
15.65168432
1.475813622
2.43152496
896.0363079
4130146.13
62932.07145
295.3753098
0.7230597845
36.51574401
380942.1802
172747.8847
30973.22014
69.75719645
0.9321493746
27.26086721
295.9037332
8690161.715
9.055232902e+10
868035809.6
226284.571
906174.1431
118550.8333
557.0054693
0.7309468114
0.4164349516
15.92852498
548.4128712
27.52279017
0.8061364513
0.08213210962
0.6751881825
1.000528861
2.22367041
207.7579891
8.521766756
66.803046
51457.8148
19714.91666
14.12154933
1.806261504
12.9785887
52.40204148
655120.717
1320175390
6.588632485e+12
2.443322472e+11
4444769649
52537807.01
452212.5321
3014.494068
16.16526107
1.362382068
5.05623756
608.0380774
3770734.983
58667.82153
284.7719168
0.7103319035
3.981259971
347715.5129
157667.161
28265.47294
63.89158691
0.6753654963
22.96245691
243.1836399
7799003.857
8.261868779e+10
803781644.1
139203.1291
825648.9441
108370.8204
541.3196379
0.6389246231
0.3588110589
14.23196621
500.306046
25.3634335
0.7618057844
0.07951570107
0.6034869858
0.9259180576
1.589417708
189.503954
7.911143201
46.38305538
44770.12026
18006.20549
15.89333118
0.9829236869
11.84008013
10.39645775
555426.7844
767663307.4
6.008515253e+12
2.272960569e+11
4217867585
50853572.81
446353.684
3031.949526
16.55515077
1.258697172
3.401645579
418.5022607
3440121.693
54721.78122
275.4676558
0.7119832942
0.5999613862
317177.8665
143813.8882
25776.42863
58.48534838
0.5109825035
19.45953619
200.7636522
7000503.581
7.533575214e+10
733919960.4
62157.65695
752039.019
98852.56167
499.4955472
0.5409586748
0.3122179239
12.73137638
456.2508828
23.20607355
0.7114301857
0.07658664096
0.5401096976
0.8571665035
1.41875048
172.778158
7.296363915
32.48804568
39001.29949
16426.02289
13.72177652
0.600039685
10.80420408
2.562087421
472679.8137
460700736.8
5.476678151e+12
2.102715094e+11
3961767178
48508749.46
432379.5982
2981.138493
16.51201875
1.161617702
2.337765437
294.0910994
3136551.045
50732.3054
262.0396764
0.6944356516
0.2340911337
289140.5863
131086.8306
23489.79189
55.79366137
0.4054622335
16.57516083
166.36102
6279890.097
6.859369063e+10
728624939.5
338697.0081
683293.2772
90822.79002
579.2907873
0.768526769
0.274762436
11.37793912
415.0731033
21.90164935
0.7032932033
0.07535227957
0.4831103896
0.7931014228
1.299242202
157.0836215
7.034495256
21.44508834
33491.56316
15005.1866
29.77659459
0.4493619551
9.836984221
0.9915804026
400989.1535
284656303.9
4.981220261e+12
2.007121636e+11
3966661334
50915611.32
475298.178
3426.324303
19.79490139
1.089495325
1.628978956
210.5900059
2856010.042
48427.99852
270.088738
0.7757415278
0.1802259033
263346.8483
119427.566
21390.60533
52.95528334
0.335617533
14.18804739
138.3759012
5633138.212
6.241035305e+10
717183059.8
456375.1826
620110.6564
83343.70029
633.8483779
0.8459078306
0.2440919214
10.1741113
377.4357071
20.51792928
0.6856465599
0.07407855813
0.4326965194
0.7342754194
1.193638139
142.8495176
6.619432245
13.95698921
28644.94395
13679.05957
29.97358795
0.3873081524
8.959477364
0.6437437475
341125.5302
181028261.5
4.531971293e+12
1.86675128e+11
3763980919
49206209.58
467056.4092
3418.098346
20.02314256
1.009303114
1.159635166
153.6298293
2600070.609
44941.24205
258.2962673
0.7680760079
0.1619650243
239721.5084
108721.2382
19464.99709
48.45304719
0.2838987834
12.20442711
115.5413676
5055540.68
5.678070966e+10
659167707.1
236753.6193
562785.3539
75897.14755
582.3066993
0.5795226877
0.2180665037
8.252651909
343.4569381
18.68309805
0.6370296212
0.07162225752
0.3882553054
0.6805748435
0.7144317779
129.9134278
6.032354645
3.988400001
24638.9017
12427.55465
18.54644984
0.3448868472
10.31909169
2579.022179
3025333.063
3526505125
4.120837737e+12
1.697466158e+11
3422757365
44744688.75
424722.8328
3108.507051
18.21858497
0.9253527353
0.7951808401
1127.014408
2365261.273
40883.3345
234.8421872
0.7077783508
33.33223479
218080.4618
98897.82937
17696.86646
44.05024085
0.2485804335
2.778918752
5040.822722
23133897.94
5.160092387e+10
598593795.2
105916.586
510373.1263
68957.46223
513.3724641
0.4506072696
0.1988509696
2.920710209
311.9906112
16.98363542
0.5920891216
0.069349368
0.3620635543
0.6332595004
1.512879723
117.9457662
5.488841899
8.628389201
21266.89338
11267.07885
11.82994898
0.4776547746
34.31723358
15973.69902
9627699.94
5922211728
3.741612654e+12
1.54138154e+11
3108266533
40634755.52
385741.5904
2823.538277
16.5583856
0.8491110025
1.775042447
1616.784346
2149559.803
37157.28506
213.3438997
0.6522627641
38.504575
198243.4219
89898.85453
16074.80221
40.01003236
0.2506244088
15.41666364
21826.95051
45074143.89
4.683073266e+10
542489604.7
49821.92719
462387.9613
62534.35691
443.8814273
0.3910130787
0.2089096319
3.265539764
282.8853088
15.41128464
0.5504777599
0.06742240806
0.3814377049
0.6090352502
2.876611965
106.8807874
4.987069153
11.20447132
18409.9237
10192.69974
7.771636814
1.126549809
159.8059714
56766.93931
21540813.58
8406283149
3.391838619e+12
1.397459231e+11
2818373891
36847914.51
349838.0138
2561.151796
15.03032903
0.7820820026
3.366209618
2313.355027
1951313.021
33734.08217
193.6254251
0.6181479132
62.48195736
180071.6597
81660.43619
14591.84334
36.31654981
0.6239905676
4.668688263
7509.29971
24620711.91
4.248819797e+10
491727469.1
24427.36171
418907.6919
56686.36924
394.8860165
0.3567949166
0.2811781406
5.626064194
256.57212
13.99148631
0.5127046032
0.06512018967
0.4429210867
0.6212803654
5.294854613
96.95552556
4.536212706
7.85070035
15993.78576
9236.89574
5.259680151
4.333036187
10.29799011
1649.201095
1927741.919
2372487379
3.07727223e+12
1.267998748e+11
2557438262
33436818.56
317467.5168
2324.334983
13.64841211
0.716994744
2.340879083
628.3819511
1771244.033
30620.76171
175.6881348
0.5455514367
19.97986915
163448.8906
74123.2457
13238.13455
32.94606918
0.5424581839
16.84285239
90.15814147
2129647.845
3.854320253e+10
445209553.7
12422.20889
379619.7529
51414.37484
358.4496093
0.3397929773
0.2667776505
14.24110453
232.7439958
12.76086797
0.481786297
0.06228997701
0.4452011591
0.587564855
2.381541488
87.91132464
4.190245091
61.46108912
13896.81425
8379.288342
8.333786853
2.33237166
5.716610334
502.811907
1672924.748
1697326412
2.789720049e+12
1.17079175e+11
2405063104
32020865.66
309459.1775
2304.343102
13.74623744
0.6603333686
6.099660137
498.8963657
1606468.846
28275.40944
166.3785717
0.5171141089
4.427755687
148253.0361
67232.23145
12001.16977
30.15738537
0.4312369528
15.02207266
99.94892369
1910421.064
3.49321375e+10
411885305.1
85151.05147
343660.6745
46736.06923
348.3403979
0.4163283037
0.2368407936
12.76267439
210.8482071
11.75935851
0.4610328208
0.06000431492
0.3988622393
0.546953324
1.069947072
79.59926325
3.923161303
43.4869601
12025.94301
7599.886297
14.77173424
1.205021043
5.051931908
158.854352
1451309.99
1236883988
2.525383369e+12
1.096128865e+11
2329525758
32096962.89
321014.6232
2472.898196
15.24584401
0.6205521005
4.684248213
396.1994852
1455318.977
26594.15935
165.8399638
0.5463757039
1.001284936
134346.2915
60947.51138
10871.32562
27.55823606
0.3531734143
13.12858814
84.77671373
1713396.442
3.163439575e+10
381251205.7
127315.1419
310867.3773
42456.36767
337.4276639
0.448786074
0.211658857
11.43708122
190.86899
10.81923189
0.4405837557
0.05780269669
0.3575713629
0.508594835
0.797622595
72.03618966
3.650458106
30.65584053
10383.79591
6886.201678
17.82989238
0.6861296139
4.579709842
52.68234816
1260336.524
917493999.6
2.28478196e+12
1.019871514e+11
2229006965
31582603.95
324743.3891
2570.488338
16.27022427
0.5832273582
3.631894381
318.0404355
1317521.837
24819.50904
161.8815877
0.5590563305
0.2949006388
121658.9062
55204.05734
9838.845681
24.94648075
0.2968452792
3.414686524
2001.351597
9636034.063
2.862170361e+10
344754880.6
73366.08422
280988.9417
38409.63381
302.2470522
0.355146137
0.193045893
6.879371777
172.7050668
9.803419841
0.4118886936
0.05526203902
0.3209297393
0.4733745147
0.5272625061
65.19012996
3.317077678
6.987656094
9007.744227
6228.821537
13.05224105
0.4496273017
4.157616082
5.619977131
26661.4047
217288692.5
2.067935738e+12
9.231150621e+10
2017585981
28586361.69
293936.5482
2326.710458
14.73547715
0.5350388184
2.841516689
22.19781377
1192593.526
22464.97056
146.4830768
0.5086354025
1.930729648
110104.1554
49958.04918
8898.456088
22.62786544
0.2612183572
13.03902397
37.33025876
859311.4964
2.588358713e+10
311273007.8
43707.98369
253877.4081
34729.97708
272.6069059
0.3042305646
0.1765648068
9.055398704
156.1820835
8.879355891
0.3856383639
0.05265282636
0.2989087616
0.4420219057
0.8359562432
58.95892646
3.013579806
11.17086843
7837.032718
5628.891604
9.73282885
0.3538144029
3.810173472
104.096425
272854.0026
714361073.2
1.869641912e+12
8.346198869e+10
1824198377
25845683.95
265757.1529
2103.724927
13.3318211
0.4910549584
1.254987466
287.8239696
1078405.572
20313.51781
132.4250628
0.4643256608
11.42535836
99564.89526
45175.34134
8041.451564
20.9802507
0.2307518343
11.47946099
64.53625685
770000.566
2.337862555e+10
293115818.6
148552.8709
229127.8802
31526.00151
270.2008624
0.400079961
0.1594766444
10.61196526
141.026159
8.165029466
0.3692755861
0.05044056058
0.2757949803
0.4129600627
0.9687702369
53.23936844
2.78910781
47.83601421
6807.664239
5086.131149
11.0160445
0.330533584
3.42431373
45.94015395
238768.6307
554563116.5
1.688504468e+12
7.639295467e+10
1690341715
24220678.48
251612.2985
2010.31568
12.84896751
0.4553824755
3.851433913
242.6800242
974355.6271
18548.79348
122.6270979
0.4366255385
3.833400717
89960.05115
40818.15845
7260.674978
18.95302544
0.2054883132
9.332992136
159.3078797
2189313.139
2.110676419e+10
264469774.5
94355.89293
206681.7496
28461.53758
243.0357213
0.3219346279
0.1464842781
8.473421587
127.3385047
7.386494647
0.346501473
0.0479391395
0.2477989863
0.3853943586
0.5820074854
48.07332659
2.532450813
14.06773425
5936.47467
4589.873265
8.479920603
0.2752922412
3.101915092
15.95412642
70015.97456
323707875.9
1.524375113e+12
6.896925668e+10
1526108834
21866917.42
227161.4202
1815.020621
11.60931991
0.4183771933
2.724034703
99.03561359
879756.3768
16747.3665
110.6976039
0.3965384072
3.733978975
81220.91426
36851.74098
6550.291183
17.10916631
0.185396305
6.150365533
583.342159
4161465.451
1.903717019e+10
238434464.8
61677.78179
186258.9533
25666.40518
218.1037898
0.275770127
0.1368395607
6.323932226
114.8337474
6.675062151
0.3254946535
0.0455560283
0.2259758175
0.3610919408
0.5834734316
43.34957714
2.297671472
6.267221561
5188.171704
4135.215397
6.620595937
0.2616496089
3.715418706
986.4186584
1081306.631
1205607290
1.374192478e+12
6.217683826e+10
1375868458
19714282.89
204805.6709
1636.505944
10.47648247
0.3846850277
1.097181078
370.8710057
793438.5332
15104.37051
99.82681674
0.3630462335
11.73936062
73267.64949
33243.77294
5904.820075
15.49878129
0.1694847033
10.23862288
517.0611234
3726482.306
1.715973808e+10
215441595.5
49832.78087
167770.7251
23142.31274
197.3225082
0.2501137641
0.1260801378
9.822191996
103.5303144
6.032544632
0.3062935611
0.04307182658
0.2175631077
0.3404650995
1.057665903
39.0902858
2.085890128
24.04291769
4542.350394
3725.540754
5.243822776
0.3347661221
2.737077059
28.91266286
30291.12639
194442007.1
1.238566473e+12
5.604276887e+10
1240159264
17769354.1
184600.2251
1475.097595
9.451430001
0.35435351
4.458021968
79.24563537
715205.6107
13614.67581
89.9696356
0.3300067212
3.332483571
66038.90078
29964.33978
5318.421229
13.97212712
0.1558382938
9.052967139
443.3378675
3335736.006
1.545509271e+10
193905424.3
36211.88589
151014.5442
20845.25222
178.0678023
0.2311465851
0.1164243949
8.797806469
93.26405072
5.45184407
0.2887893132
0.0406478468
0.196623244
0.3195608123
0.9411034707
35.22220087
1.894884888
39.36789141
3986.184578
3354.682003
4.39394825
0.2835201751
2.31236109
20.44551072
26721.95101
157939117
1.115522461e+12
5.053771824e+10
1119563082
16055865.73
166916.9382
1334.359103
8.558204634
0.3260925407
4.368959854
5.266480443
644199.7932
12262.36069
81.0227982
0.298501177
2.965947042
59474.66724
26985.92796
4786.195196
12.59492439
0.1442577153
8.012423581
42.14147866
199099.2116
1.390780654e+10
174310773.2
25493.33943
135822.33
18757.11713
160.1598253
0.213733757
0.1086669145
7.414998009
83.93733776
4.920861158
0.2724367113
0.03829824479
0.1767519758
0.2996435355
0.6038928303
31.70455977
1.719936259
10.93996395
3504.348598
3017.2387
3.565503131
0.2391777921
2.100224969
45.20103389
126720.2263
356115123.6
1.003569213e+12
4.546684679e+10
1007249787
14444912.11
150170.2278
1200.532453
7.708539084
0.3007322012
2.769507689
115.7692618
579658.4649
11033.64707
72.89927177
0.2714718548
2.81127644
53517.71998
24283.04593
4303.533802
11.35399342
0.1343135713
7.097571295
53.32356888
178078.0973
1.250449213e+10
157013037.4
23889.88674
122059.406
16869.90736
144.7538319
0.2053830089
0.1005271075
7.473953659
75.48593381
4.442460067
0.2574991874
0.03598939009
0.161760174
0.2834194249
0.7735899305
28.5221791
1.561288611
22.87453102
3084.458867
2711.927613
2.925499154
0.2364020261
1.89393406
5.18507988
19091.83192
134784997.4
9.02226641e+11
4.087648499e+10
905568645.4
12986331.32
135005.2848
1079.323016
6.938658087
0.2776004768
3.20473508
85.34691188
521137.598
9919.363058
65.53278839
0.2477178503
5.647359771
48115.09683
21832.20179
3866.068989
10.21371111
0.1256326243
6.212400291
39.48539624
754498.5302
1.123257232e+10
140953086.9
17520.39682
109598.9172
15153.5149
129.9322266
0.1924962142
0.09428105849
6.478203732
67.82639117
4.006152694
0.2435624863
0.03375730334
0.1454745317
0.2664644271
0.6752897134
25.63794461
1.417479329
25.15233671
2718.730551
2435.774185
2.425126062
0.2153139397
1.70846223
9.628837179
16898.10116
112162663.3
8.105172445e+11
3.674654869e+10
814798896.7
11697525.02
121768.6204
975.1054482
6.288755743
0.2567307417
3.666979925
78.77602843
468161.1935
8939.04591
59.42829263
0.2297011147
3.400137516
43218.1692
19613.27296
3469.857027
9.181133535
0.1178595787
4.573177244
289.0656392
1975572.748
1.007961335e+10
126426086.4
13091.52076
98309.43803
13596.6699
116.3588288
0.1817907829
0.08977973481
5.418162619
60.87260591
3.609922978
0.2305979649
0.03163982355
0.1313582458
0.251611211
0.4815840791
23.01693099
1.287162518
6.709844439
2398.822738
2184.755645
2.028719461
0.1920197088
1.586721335
83.82477026
170070.3725
349376505.7
7.271783202e+11
3.296894158e+10
731053307.1
10495096.15
109251.9505
874.9107744
5.651250707
0.2377694328
1.975571492
137.3898398
420098.0303
8021.181037
53.32571122
0.2096777331
7.074181183
38787.04063
17603.09803
3111.603768
8.264296704
0.1105240581
6.853933831
264.3928283
1764140.701
9038777306
113263720.1
10512.74601
88126.91827
12192.47009
104.2452365
0.1726798338
0.08336518096
6.576210818
54.60279744
3.252679128
0.2186233122
0.02956432778
0.122533374
0.2404474511
0.674755663
20.65446219
1.169436699
16.11871313
2117.481401
1958.361151
1.712542245
0.2086350631
1.431195961
6.680601462
19818.09159
113854143.1
6.519996447e+11
2.956150352e+10
655512703.2
9410483.111
97961.41062
784.5265229
5.075981852
0.2204335643
3.894371854
22.31302142
376729.3923
7193.012546
47.8199659
0.1935580002
4.41699084
34777.46745
15786.65474
2787.668414
7.41860383
0.1041945995
5.406380172
166.6695239
1310157.123
8096770854
101399920.2
8112.23627
78917.57583
10920.5914
93.19669096
0.1644213245
0.0798984356
5.412495563
48.92036108
2.928785762
0.2073968192
0.02760322779
0.1107977484
0.227367188
0.4893905819
18.51001419
1.06247667
6.653741547
1870.916608
1753.133581
1.457126339
0.1951348581
1.346174857
126.5193123
207623.9223
345279159.2
5.838437604e+11
2.647211299e+10
587024488.1
8427220.951
87726.63604
702.597399
4.554644078
0.2046772101
2.110574178
128.3963893
337428.1609
6442.527074
42.83211442
0.1755659273
6.946448011
31155.47533
14143.38023
2494.547891
6.653067465
0.1002530647
3.781542341
4896.149141
6731128.54
7240042312
90624925.42
6395.164635
70538.19502
9760.816698
82.69857107
0.1569603716
0.08078761873
4.260284219
43.73245322
2.633093664
0.1967798809
0.0258350255
0.1035120439
0.2187359398
0.5463268094
16.55218044
0.9659048138
4.079301364
1653.095939
1565.903647
1.248418565
0.2165643652
3.932354602
1700.577994
1091298.733
734743805.6
5.219479402e+11
2.366783995e+10
524890821.8
7535732.068
78452.66655
628.4016155
4.082759317
0.1907482514
2.094749742
145.4327347
301939.6842
5765.28309
38.33431057
0.1640519768
0.8731430424
27885.74681
12660.67788
2230.191818
5.962667462
0.235211417
4.192457646
4762.343297
6269957.097
6467519438
80901771.98
5065.811642
62978.54455
8713.068799
73.4328939
0.1504827335
0.08956026487
5.740683005
39.05629231
2.366528613
0.186878891
0.02417543767
0.10643339
0.217968596
1.054919191
14.79338139
0.8837290598
4.301209022
1459.516059
1397.537905
1.077566711
0.5224083016
2.910993656
919.841691
696408.7146
554964723.7
4.662561737e+11
2.114441623e+10
468964025.2
6733045.217
70099.23954
561.5395825
3.657225871
0.1783980443
2.022954188
174.5510052
269875.0504
5153.074757
34.26711608
0.1495709997
8.997226489
24934.65526
11322.03412
1992.61883
5.393814092
0.3532104939
16.64821498
4131.230089
5584600.847
5777702510
72811445.6
12756.67864
56238.78257
7791.840334
67.05516301
0.1574555268
0.08469617632
9.317552002
34.89571344
2.143841579
0.1787482181
0.02251822572
0.1080440553
0.2159964101
0.964889299
13.21945787
0.8170253194
24.15904076
1286.589741
1248.184443
2.164157783
0.5937555818
2.083207857
621.3536725
616293.4248
475652686.5
4.160822425e+11
1.935468632e+10
440864130.9
6509344.437
69780.57089
576.2867332
3.869907548
0.1705259309
5.590894604
157.7162351
240930.2468
4785.442011
33.97221053
0.1694175497
6.363498284
22263.46477
10122.17767
1778.683893
4.854667426
0.3079827779
14.75297863
3573.439221
4970633.191
5156655952
65543634.3
19029.88573
50183.87848
6962.386329
61.19995799
0.1600130268
0.07858677463
8.29419102
31.15587598
1.939613158
0.170765922
0.02093393982
0.09671098779
0.1995121649
0.6508877663
11.80845066
0.7472999427
19.75641392
1135.715915
1113.984504
2.60225763
0.4651955442
1.006768721
423.7819142
545466.5838
409184942.9
3.711635829e+11
1.750336143e+10
403912110.6
6035733.922
65388.40112
544.6588798
3.683758714
0.1594549696
4.841750962
137.7797156
215042.5975
4279.166751
30.32353678
0.1442362324
4.380939105
19870.47438
9035.01243
1586.207848
4.521315244
0.2699751568
13.06641947
3091.58964
4418459.269
4594928983
62417577.48
73515.83656
44770.90268
6256.37093
62.94277862
0.2261129429
0.07335545085
7.367432888
27.75277314
1.792695236
0.1660270853
0.01972372855
0.08643999119
0.1860899358
0.5430347466
10.52366145
0.7023809731
16.07542347
999.2146738
993.2971729
4.143324751
0.370588351
0.79384254
293.8751345
481936.4716
352655160.3
3.304394583e+11
1.611634892e+10
384505100.6
5940467.846
66548.80138
573.5045608
4.010772274
0.1534959372
4.193856708
120.4191981
191586.5015
3987.585256
30.41638178
0.1561943334
4.025219544
17705.58994
8064.06386
1413.194376
4.144447416
0.2372527835
11.57036284
2676.593866
3925317.217
4091448946
57860003.79
92890.70341
39906.58926
5594.947673
59.4866014
0.2289402635
0.06849570714
6.545831536
24.72830897
1.62514915
0.1590170792
0.01836255445
0.07731948108
0.1747414716
0.4854194122
9.388690287
0.6435129297
13.14344529
880.7434484
884.8549261
3.767490956
0.2995663479
0.7031788425
208.7757547
556.2242551
20539430.42
2.943639521e+11
1.435649204e+10
342507704.7
5291291.981
59273.2417
510.8044321
3.58104877
0.1439272829
2.642691495
71.81383598
170619.2551
3551.003614
27.08904253
0.1424824136
6.48221221
15771.26089
7184.154085
1257.706787
3.704202144
0.2098545543
5.240055273
571.2568793
1658948.607
3639492549
51439474.88
76971.7199
35479.98864
4974.332861
52.75016364
0.2002392183
0.07030006198
4.834134841
21.9925071
1.460398892
0.1512170179
0.01708387505
0.06937802298
0.1651417588
0.3658660253
8.356174489
0.5883498037
2.759447189
776.6720331
786.0491724
3.264202305
0.2495536155
1.781580659
729.7220797
488346.2139
346176457.1
2.616881258e+11
1.2763984e+10
304546439.4
4705214.083
52712.75571
454.333297
3.194448848
0.135410567
3.273177811
39.98554473
151839.3739
3160.407599
24.11337113
0.1422988364
5.606365793
14029.49019
6398.572202
1118.193483
3.30941885
0.1885644545
8.34291115
276.9482754
1094259.045
3234617227
45682979.02
64188.08969
31513.4795
4418.3408
46.79044841
0.1780694204
0.07106359936
5.606799018
19.54025067
1.312694362
0.1437462963
0.01588266666
0.06936630075
0.1685115132
0.6663250909
7.430869566
0.5474204149
3.894675779
683.687161
697.0825306
2.836284176
0.368795187
4.785499542
1861.511742
897395.0614
447633373
2.322596056e+11
1.132972449e+10
270353952.4
4177280.628
46802.56571
403.452155
2.84606109
0.1273298682
1.524148607
126.8614308
134898.2211
2807.859003
21.42814417
0.1258404248
7.545133972
12471.36349
5689.20896
993.2708945
3.008054961
0.1670567983
11.11156849
254.3889047
970048.8215
2872416971
41266418.57
64921.562
27993.06034
3931.395892
42.67519775
0.1697755416
0.06261852768
7.141935579
17.3686329
1.184168305
0.1367563131
0.0146347272
0.06964534868
0.1796459544
0.8156737108
6.614557138
0.5094265482
8.737747671
601.4925964
618.5045172
2.474451919
0.8892556509
3.301426332
168.1583784
180839.189
193166221.2
2.06109723e+11
1.005484979e+10
239946546.8
3707582.922
41542.2352
358.1492669
2.535614558
0.1242994686
4.497367626
30.6280511
119812.8843
2494.105728
19.08700917
0.1435247858
6.670464873
11068.82397
5059.171199
881.4151711
2.695620917
0.1486626411
9.821153773
220.6989227
859189.6286
2548221732
37262852.64
65469.12437
24846.83567
3494.998745
38.89077477
0.1630587455
0.05825957879
6.327096729
15.42786398
1.066981844
0.1298908416
0.01347084172
0.06287892843
0.173847992
0.6426382045
5.882062265
0.4584771708
7.003056104
529.9328526
548.174534
2.164155685
0.7379794151
1.642050215
175.8672034
172196.7781
173608580
1.827318308e+11
8915149871
212766506.2
3287780.489
36840.5744
317.6487733
2.257984894
0.115146645
3.570820338
52.15933953
106265.581
2211.887495
16.92983338
0.1153146037
7.433483938
9818.767192
4489.252355
781.3573867
2.408967451
0.133210384
7.626143646
138.5865047
651909.1999
2258045281
32994333.1
55470.94578
22008.42435
3095.61372
34.41372382
0.147533148
0.059696052
5.055294487
13.67525632
0.9609882179
0.123129138
0.01243700706
0.05749916442
0.1727164957
0.4980369345
5.220683751
0.4213855421
4.193025941
466.6436547
484.8276439
1.895840949
0.6259567348
2.057797685
709.0051479
401812.3312
244015422.4
1.617686285e+11
7893819739
188427437.4
2912171.345
32637.54893
281.4765232
2.01023218
0.1071363085
4.664191144
51.12000845
94173.97039
2005.193303
16.38479854
0.1484792114
6.876348234
8688.016433
3989.550915
691.8319174
2.149484094
0.119436751
8.026486727
48.23644132
339288.6387
1999134693
29183138.38
47183.61139
19477.78956
2739.921391
30.44735035
0.1346278201
0.05538368784
5.500940519
12.11738273
0.8666293417
0.1166832978
0.01141990145
0.05614791801
0.1866622336
0.582067701
4.634858924
0.3997490965
6.605141448
410.2721053
428.8245392
1.666048493
0.7267784991
3.416407044
25.70163725
35898.27294
66796769.88
1.431894434e+11
6987929318
166813674.8
2578153.215
28893.9074
249.1993073
1.788713984
0.1009323595
2.969148686
53.35344541
83332.02887
1773.962538
14.49666725
0.1229986505
10.82165547
7688.771572
3532.838408
611.9983261
1.970544068
0.1063880932
7.577151197
54.76987689
299752.0807
1768185711
25782721.98
40272.0955
17215.65075
2421.253203
26.88214859
0.1234651023
0.05744641998
4.863432434
10.71280613
0.7814226373
0.1102517785
0.01055929309
0.05268399011
0.1884920402
0.4697143598
4.103152932
0.3657032718
3.242872724
361.0098703
377.7506521
1.464144017
0.5194768853
26.09358156
6616.822442
1730334.187
461676812.4
1.262336767e+11
6160894689
147091102.7
2273678.428
25486.49051
219.878935
1.588174236
0.09680433086
1.580612442
87.98348237
73665.20947
1568.955862
12.8277478
0.2050976391
9.645901962
6782.960738
3138.451228
540.759891
1.757872042
0.0953728721
6.678578251
47.56813946
264535.527
1562129358
23082722.37
38974.93085
15212.90216
2140.839953
23.83480664
0.1141430515
0.05031956799
5.828550597
9.477958479
0.7063443467
0.1042295642
0.009652189864
0.05419661014
0.2123511405
0.6459360769
3.637853102
0.3890158205
5.7779715
316.4692306
333.1898287
1.291995089
4.746881556
5.151830016
459.1399499
289615.4378
180769333.4
1.113547162e+11
5434984658
129759709
2005683.228
22481.16723
193.9518955
1.41003235
0.1038458791
1.305438848
153.0176362
64932.0071
1382.574442
11.30574074
0.1690195037
19.02978925
5986.01843
2773.308077
477.3577004
1.617560592
0.08578638549
5.880259034
17.75311217
218591.3327
1378577624
20350284.88
33453.63022
13420.9994
1888.521773
21.02852535
0.1057201243
0.04990131196
5.166157231
8.37479849
0.6390468362
0.09828806668
0.008837589862
0.05044490509
0.2112676312
0.5429233547
3.223031545
0.3366967331
4.662974892
277.9938538
293.4624384
1.141584283
3.92191209
2.485064056
590.4901855
311255.9135
170276021.4
9.813589904e+10
4790608494
114397001.2
1768576.112
19828.34781
171.1288556
1.253563698
0.1251518505
6.038385335
139.5013716
57239.10286
1331.600236
13.6515128
0.3891529024
15.91334388
5244.988943
2472.645967
420.7290965
1.442768691
0.07814968865
5.151785807
7.465005161
69405.54573
1215518623
17920650.07
28777.83491
11832.05346
1665.38815
18.60309305
0.09938738079
0.04265696907
5.240132763
7.401145873
0.5797115513
0.09264065074
0.008014847432
0.04777056179
0.2198728633
0.6851856495
2.858544369
0.3086467644
13.66913064
243.8771841
258.6624798
1.011411741
3.438316589
4.912385947
31.47579521
9068.502598
31259265.13
8.648917298e+10
4221806130
100801659
1558092.947
17464.47162
150.6988162
1.112954542
0.1091654178
1.229266831
156.235972
50287.52127
1169.014724
11.98161815
0.2971435586
26.98675137
4613.551917
2180.247309
370.5931317
1.376117573
0.06983585014
4.614384627
19.34309237
61087.36682
1070530150
15765140.75
24800.79909
10418.15875
1466.299844
16.39073071
0.09277776743
0.04214137821
4.492599016
6.531967333
0.5263509791
0.08706018206
0.007308787486
0.04245608226
0.1915894674
0.545338309
2.532629215
0.2772256774
5.42873778
214.2193866
227.5059935
0.8984149664
2.856545995
1.760314089
81.22891625
71409.03338
68927672.17
7.612431952e+10
3716674545
88764331.67
1372381.877
15444.53581
139.4849583
1.116709903
0.1406153344
6.101827018
141.8814137
44111.15107
1251.439002
18.65133535
0.4479248505
20.55372352
4002.894907
1957.044897
325.7710784
1.227146834
0.06435301952
4.056884362
20.75071821
53705.71968
941832615.1
13964692.66
24159.75481
9168.926709
1292.779497
14.96658383
0.09614601698
0.03686224716
4.314298913
5.760653626
0.4829259973
0.08215169869
0.006675599152
0.03916712787
0.196553762
0.5790123804
2.243849203
0.2586474307
13.35496153
187.5684404
200.1149088
0.9725009513
2.402479295
2.366488087
77.79725181
62697.57132
60200653.78
6.69546259e+10
3273428194
78057227.66
1206338.428
13569.11179
122.4875619
0.9896689825
0.1209142469
1.375181748
214.4127534
38551.58999
1092.125363
16.26291626
0.6546418237
39.01922482
3505.951185
1721.805863
286.3145143
1.221549574
0.05762267192
3.555130961
14.59174955
47159.06878
827587220.1
12259303.95
20872.10714
8053.506482
1135.344321
13.15487903
0.09055488801
0.03797720678
3.655209768
5.074203274
0.4399033688
0.07692275069
0.006090788999
0.03484600476
0.1720399682
0.4489217287
1.98611148
0.240937444
4.127505748
164.4960377
175.4758065
0.8632601346
1.994078521
1.070176098
263.0239091
141346.3069
84319573.2
5.877871477e+10
2874777923
68584068.53
1060179.512
12297.48319
121.0850286
1.120760797
0.2850471856
6.634001276
191.9152094
33604.9726
1287.919382
30.42456479
0.7734082262
20.22785919
2992.431248
1563.191824
250.8850259
1.088367076
0.05442203658
2.733957386
40.29729688
113744.6142
726480865.4
10766855.73
19858.02025
7072.514092
999.3462058
12.13673957
0.09665167946
0.03220040268
3.697239718
4.46719145
0.4071022006
0.07260571423
0.005593124767
0.03287621298
0.1878227387
0.5099976298
1.758479774
0.239981856
12.81975165
143.4826623
153.9845897
1.046826487
1.764063364
4.901243342
230.4695992
123749.3402
73540542.08
5.155397271e+10
2542147864
60161094.38
929242.3711
10768.37613
105.9207241
0.9892066174
0.2173836187
2.765862533
304.9062563
29131.74737
1113.398779
26.25716737
1.706736751
55.02948541
2605.832086
1372.185082
220.0036727
1.154937656
0.05058123309
4.093577519
47.15028347
6867.688642
636814542.1
9428865.373
17177.22214
6195.066168
875.0659879
10.63689854
0.09123347637
0.03609507717
3.0740506
3.925972437
0.3719953716
0.06770765695
0.005127727998
0.0294393087
0.164812498
0.3905006741
1.55500359
0.2238948441
3.366196588
125.5968921
134.5054506
0.9260797951
1.38918943
3.253540752
854.7424175
276761.6428
101603888.6
4.513284056e+10
2227109909
52752221.07
816249.8265
10403.28864
119.8280153
1.392766007
0.9286263397
8.018491712
268.7234726
25133.9943
1446.95439
57.72966444
2.284525832
9.312251704
2159.147337
1264.27194
192.0201475
1.027090653
0.05007300372
2.511463311
69.96849412
116115.5189
557750842.2
8323895.388
18452.83896
5434.183117
771.1138324
10.31234723
0.1070057527
0.02921813281
3.400672434
3.448660537
0.3500076749
0.06433781644
0.004803939581
0.02900590994
0.1958814338
0.4873261082
1.375384646
0.2566537581
12.88143415
108.8511218
117.7361985
1.302671689
1.89216011
8.329931172
728.6450105
241308.9833
88367254.11
3.943768119e+10
2003258907
46931888.83
713212.4537
9073.248394
104.2907817
1.22053821
0.4787031104
6.678523856
420.7358136
21507.28287
1231.671055
48.9973215
4.709703379
73.96664525
1866.279064
1107.217069
168.0148688
1.191997412
0.05536615584
6.328252561
72.81890198
101487.032
487746949.3
7272134.66
15970.10903
4747.467141
673.2638425
9.012733698
0.1014135592
0.03615742767
2.788504975
3.024053362
0.3206851961
0.05981692709
0.004449570342
0.02633128386
0.1712673105
0.3670891012
1.215232425
0.2317540536
3.014910029
95.07645157
102.360178
1.145484003
1.11120862
13.94160232
2495.252196
501720.9474
116991417.4
3.442663069e+10
1751090441
41057882.09
661614.311
9988.348966
148.9266619
2.41991029
2.079932786
11.2848365
363.9767447
18223.66684
1716.441964
120.2605525
8.426266361
2.778329528
1462.960293
1026.947
145.8517802
1.055497388
0.05867309952
1.836887437
445.682566
310488.2492
426266494.7
6349579.184
16772.2618
4160.56571
593.7231126
9.054132375
0.1241607287
0.02815021816
3.297638547
2.651576903
0.3066498391
0.05744444301
0.004285992349
0.02751491239
0.2204071298
0.4898947336
1.074627041
0.3269657512
13.11819304
81.70091251
89.37337205
1.637303022
4.54275145
15.93623797
2109.918709
435488.1199
101425800.9
2.997512969e+10
1586248590
35873329.98
575179.2554
8653.253516
128.500384
2.096602908
0.7538669223
17.05118487
568.1592708
15256.47658
1422.943516
99.23044167
13.33728602
92.28021785
1255.888434
897.2371194
127.3860971
1.33752473
0.309282402
12.43198418
398.0022564
270749.2309
371893161.6
5532573.177
14507.10784
3622.387623
516.2691756
7.877638067
0.1172759362
0.04346845925
2.608343405
2.316496448
0.2812838299
0.05320684545
0.004102638844
0.02604064189
0.191500954
0.3586349444
0.947446391
0.2805835277
2.648907445
71.21485084
77.08591576
1.445148595
2.070433893
144.5265263
13510.75346
1400471.46
169299951
2.606088522e+10
1382768433
31314431.88
565693.6982
11111.42814
239.6101618
6.074050074
1.816497196
18.23166883
476.3847813
12504.77841
2025.734856
252.7560943
31.79797604
4.840213409
885.9589675
803.6388646
109.5508354
1.188613698
1.434021653
136.7071626
16574.10253
2225794.587
322541275.5
4798029.373
12517.49221
3145.778539
448.3678645
6.855598478
0.1101638013
0.04485721052
3.422339718
2.033653952
0.2606092411
0.04956029878
0.003708621735
0.032179353
0.2751629086
0.617071611
0.8435695145
0.6304174532
13.78623352
61.14386136
67.22315775
1.310302803
11.08987805
21.89181112
759.4140531
399147.945
119154736.1
2.255600679e+10
1192936053
26906575.3
483671.1012
9443.589557
202.2165783
5.194841768
2.6353844
46.65520418
750.9182603
10070.33039
1602.932028
198.6713536
37.47447758
103.8249095
764.1419929
700.4292101
95.66519918
1.616722287
11.26652261
131.1438959
14358.66972
250061.7825
280696047.5
4164406.4
10791.74419
2722.658273
387.1117477
5.919857005
0.102694381
0.0785075468
2.919291127
1.765411257
0.2393312277
0.0451963918
0.00404350323
0.03474186137
0.2479102181
0.4174993406
0.742647084
0.4938813512
2.567702844
53.33062655
57.2485799
1.571833943
19.72651128
901.0747034
45757.49243
2671816.94
192473456.5
1.956408368e+10
1039627666
24719814.4
632215.556
19130.84064
703.4430432
32.3283232
2.245018663
15.23237299
507.8074268
7695.655178
2211.317144
492.575194
109.8237676
26.9295706
444.4881181
545.1941745
81.94149582
41.70236913
1064.534042
26333.43254
595273.061
12294527.72
231405105.1
3412993.64
8927.316875
2230.553543
313.1678742
4.766957215
0.1111428439
0.2802079583
2.675786323
1.45138699
0.2151453016
0.03956874821
0.01364578109
0.1013759384
0.4472792891
0.6574238233
0.6619888813
1.505839836
19.46442008
209.4153339
1688.375581
16419.7665
164157.7489
1636796.306
16278159.57
161109857.5
1581575909
1.533048268e+10
809829853.7
19178968.82
488091.5282
14678.95078
536.2010391
27.85289247
26.10608119
164.4618888
1009.808933
5699.934326
1591.727037
353.6530735
98.83410093
110.5094926
401.1639968
474.0121954
70.55249543
5.557684064
769.7852408
22907.20318
3295.610614
1567669.811
200537156.4
2942956.238
7576.765053
1894.826174
266.3482049
4.054026003
0.1814126761
1.043249082
6.030397501
1.241389647
0.2056677607
0.04085464735
0.05976610391
0.3949715682
0.7162264233
1.328012412
1.190346648
32.98344235
4.322594892
36.30269974
43.43568017
3067.839875
156268.1939
1310802.11
14165817.68
140766039.4
1366943032
1.300581949e+10
1167223608
78223963
5944556.333
546702.5922
60930.04456
8122.587689
1276.114664
233.1826175
50.06288662
3570.147156
1924.337983
784.6038855
309.4477875
129.1461234
208.0944446
284.3073483
14328.98588
89091.78102
505731.6847
2415431.072
9946220.271
36227085.14
119189364.9
1677588.228
4535.051041
1055.812335
139.675414
8.251348748
14.44346258
32.77338503
70.63712625
148.3510031
303.7316716
611.3513885
1209.313797
2365.767613
4913.567213
31832.06944
394375.6149
8456853.54
26068827.72
48312371.54
87718126.36
158484862.6
285285350.4
511963190.6
917036539.9
1641033502
2936251514
5257444631
467071544.1
31574124.78
2432612.68
227564.8467
25943.41052
3689.498068
875.5723891
679.9123736
1099.131828
2049.419028
1090.174395
537.1897609
393.2277725
536.3861878
1116.021613
3265.642692
94.19586422
1033.954816
2580.783457
67623.35394
1009979.577
10836601.61
92787061.56
1279684.083
3224.638353
753.9776059
99.06437938
5.105251969
39.30693795
51.93972538
62.05668037
68.44100497
268.6712921
391.3580549
349.8840593
227.0379342
1306.282268
26904.59734
507819.6871
6686756.222
10086900.59
498451.2964
805568.6087
13261982.83
105306025.5
318572526.9
670011744.6
1233538613
2179938003
2941203890
1333848703
549846416.3
237544881.7
108764342.8
52539209.16
26618584.09
14071543.46
7729085.577
4396915.443
2585581.898
1569842.036
985345.7461
642920.3272
443107.8293
340489.1377
335911.9827
2676938.292
4619454.434
7476781.323
11086785.5
15394528.74
20366589.93
25979834.34
12129514.44
14465196.46
17228100.28
20217691.34
23435807.7
26886557.75
30580064.99
34570107.8
39684667.99
45717325.21
52673144.95
60802674.25
70473408.18
82242719.95
96921943.61
114551014.6
135810749
147963906.2
160018290.8
172727767.1
186159294.2
200362979.7
215398010.9
231330613
248236534.9
266204041.6
285337975.7
126701430.8
54543761.69
24837593.95
11982737.33
6058447.743
3158527.367
1688916.607
934875.1759
533945.6479
313972.0883
189886.4097
118258.4881
76214.94639
51464.422
37499.62367
31660.50421
)
;

boundaryField
{
    axis
    {
        type            empty;
    }
    inlet
    {
        type            zeroGradient;
    }
    wall
    {
        type            zeroGradient;
    }
    outlet
    {
        type            zeroGradient;
    }
    front
    {
        type            wedge;
    }
    back
    {
        type            wedge;
    }
}


// ************************************************************************* //
