/*--------------------------------*- C++ -*----------------------------------*\
| =========                 |                                                 |
| \\      /  F ield         | OpenFOAM: The Open Source CFD Toolbox           |
|  \\    /   O peration     | Version:  5.x                                   |
|   \\  /    A nd           | Web:      www.OpenFOAM.org                      |
|    \\/     M anipulation  |                                                 |
\*---------------------------------------------------------------------------*/
FoamFile
{
    version     2.0;
    format      ascii;
    class       volScalarField;
    location    "0.004";
    object      T;
}
// * * * * * * * * * * * * * * * * * * * * * * * * * * * * * * * * * * * * * //

dimensions      [0 0 0 1 0 0 0];

internalField   nonuniform List<scalar> 
7950
(
1771.826175
1771.826416
1771.826948
1771.827759
1771.828851
1771.83023
1771.831901
1771.833873
1771.836157
1771.838763
1771.841707
1771.845003
1771.848671
1771.852729
1771.8572
1771.862111
1771.86749
1771.873368
1771.87978
1771.886766
1771.894369
1771.902637
1771.911625
1771.92139
1771.932
1771.943527
1771.956052
1771.969665
1771.984466
1772.000565
1772.018084
1772.037161
1772.057947
1772.08061
1772.105338
1772.132339
1772.161845
1772.194116
1772.229437
1772.268132
1772.310557
1772.357112
1772.408242
1772.464446
1772.52628
1772.594364
1772.669394
1772.752146
1772.843491
1772.944402
1769.359502
1769.359869
1769.360678
1769.361909
1769.363561
1769.365636
1769.368138
1769.371071
1769.37444
1769.378253
1769.382517
1769.38724
1769.39243
1769.398098
1769.404255
1769.410912
1769.418082
1769.425778
1769.434014
1769.442804
1769.452165
1769.462112
1769.472663
1769.483834
1769.495643
1769.508109
1769.521249
1769.535083
1769.549627
1769.5649
1769.580919
1769.5977
1769.615257
1769.633603
1769.652749
1769.672701
1769.693463
1769.715034
1769.737407
1769.760568
1769.784496
1769.809159
1769.834515
1769.860506
1769.887059
1769.914085
1769.941469
1769.969072
1769.996726
1770.024228
1766.711497
1766.711776
1766.712392
1766.713328
1766.714581
1766.716152
1766.71804
1766.720244
1766.722767
1766.725607
1766.728766
1766.732244
1766.736042
1766.74016
1766.744598
1766.749357
1766.754436
1766.759837
1766.765559
1766.771601
1766.777962
1766.784642
1766.791638
1766.798949
1766.806573
1766.814505
1766.822743
1766.831281
1766.840113
1766.849235
1766.858637
1766.868312
1766.878249
1766.888438
1766.898865
1766.909517
1766.920377
1766.931429
1766.942652
1766.954026
1766.965527
1766.97713
1766.988807
1767.00053
1767.012267
1767.023985
1767.035649
1767.047223
1767.05867
1767.069951
1763.92534
1763.925509
1763.92588
1763.926444
1763.927198
1763.928142
1763.929275
1763.930595
1763.932101
1763.933793
1763.935669
1763.937727
1763.939966
1763.942384
1763.944979
1763.947748
1763.950691
1763.953802
1763.957081
1763.960523
1763.964125
1763.967883
1763.971794
1763.975853
1763.980056
1763.984397
1763.988871
1763.993473
1763.998196
1764.003034
1764.007981
1764.013028
1764.018169
1764.023395
1764.028699
1764.03407
1764.0395
1764.04498
1764.050498
1764.056046
1764.061612
1764.067186
1764.072755
1764.07831
1764.083837
1764.089325
1764.094763
1764.100139
1764.105441
1764.110657
1761.055838
1761.05593
1761.056132
1761.056439
1761.056849
1761.057362
1761.057976
1761.058691
1761.059507
1761.060421
1761.061433
1761.062542
1761.063745
1761.065042
1761.066431
1761.06791
1761.069477
1761.07113
1761.072866
1761.074684
1761.07658
1761.078552
1761.080598
1761.082714
1761.084897
1761.087144
1761.089452
1761.091817
1761.094235
1761.096702
1761.099216
1761.101771
1761.104363
1761.106989
1761.109643
1761.112322
1761.11502
1761.117734
1761.120458
1761.123187
1761.125917
1761.128643
1761.13136
1761.134062
1761.136746
1761.139406
1761.142037
1761.144635
1761.147195
1761.149712
1758.140981
1758.141028
1758.141133
1758.141292
1758.141505
1758.14177
1758.142088
1758.142459
1758.142881
1758.143353
1758.143876
1758.144448
1758.145068
1758.145736
1758.146451
1758.14721
1758.148014
1758.148861
1758.14975
1758.150678
1758.151646
1758.152651
1758.153691
1758.154766
1758.155872
1758.15701
1758.158175
1758.159368
1758.160586
1758.161826
1758.163087
1758.164367
1758.165664
1758.166974
1758.168297
1758.169631
1758.170971
1758.172318
1758.173667
1758.175018
1758.176367
1758.177712
1758.179052
1758.180383
1758.181704
1758.183012
1758.184306
1758.185582
1758.186839
1758.188075
1755.202597
1755.202621
1755.202674
1755.202755
1755.202863
1755.202997
1755.203159
1755.203346
1755.20356
1755.203799
1755.204064
1755.204353
1755.204667
1755.205004
1755.205365
1755.205749
1755.206154
1755.206581
1755.207029
1755.207497
1755.207983
1755.208489
1755.209011
1755.209551
1755.210106
1755.210676
1755.21126
1755.211857
1755.212466
1755.213086
1755.213715
1755.214354
1755.215
1755.215653
1755.216312
1755.216975
1755.217642
1755.218311
1755.218981
1755.219651
1755.22032
1755.220987
1755.221651
1755.22231
1755.222964
1755.223612
1755.224252
1755.224883
1755.225505
1755.226116
1752.252281
1752.252294
1752.25232
1752.252361
1752.252415
1752.252482
1752.252563
1752.252657
1752.252764
1752.252884
1752.253017
1752.253162
1752.253319
1752.253489
1752.253669
1752.253861
1752.254064
1752.254278
1752.254502
1752.254736
1752.25498
1752.255232
1752.255493
1752.255763
1752.25604
1752.256325
1752.256616
1752.256914
1752.257217
1752.257526
1752.25784
1752.258158
1752.25848
1752.258805
1752.259133
1752.259463
1752.259794
1752.260127
1752.26046
1752.260793
1752.261126
1752.261457
1752.261786
1752.262114
1752.262438
1752.26276
1752.263077
1752.263391
1752.263699
1752.264003
1749.295977
1749.295983
1749.295997
1749.296017
1749.296044
1749.296078
1749.296118
1749.296165
1749.296218
1749.296278
1749.296345
1749.296417
1749.296496
1749.29658
1749.29667
1749.296766
1749.296867
1749.296974
1749.297086
1749.297202
1749.297324
1749.29745
1749.29758
1749.297714
1749.297852
1749.297994
1749.298139
1749.298288
1749.298439
1749.298593
1749.298749
1749.298907
1749.299067
1749.299229
1749.299392
1749.299556
1749.299721
1749.299887
1749.300052
1749.300218
1749.300383
1749.300548
1749.300712
1749.300875
1749.301036
1749.301196
1749.301354
1749.301509
1749.301663
1749.301813
1746.336682
1746.336685
1746.336691
1746.336701
1746.336715
1746.336732
1746.336752
1746.336775
1746.336802
1746.336832
1746.336865
1746.336901
1746.33694
1746.336982
1746.337027
1746.337075
1746.337125
1746.337178
1746.337234
1746.337292
1746.337352
1746.337415
1746.33748
1746.337547
1746.337616
1746.337686
1746.337759
1746.337832
1746.337908
1746.337984
1746.338062
1746.338141
1746.33822
1746.338301
1746.338382
1746.338464
1746.338546
1746.338628
1746.33871
1746.338793
1746.338875
1746.338957
1746.339038
1746.339119
1746.3392
1746.339279
1746.339358
1746.339435
1746.339511
1746.339586
1743.375895
1743.375897
1743.3759
1743.375905
1743.375912
1743.37592
1743.37593
1743.375942
1743.375955
1743.37597
1743.375986
1743.376004
1743.376024
1743.376045
1743.376067
1743.376091
1743.376116
1743.376142
1743.37617
1743.376199
1743.376229
1743.37626
1743.376292
1743.376326
1743.37636
1743.376395
1743.376431
1743.376468
1743.376505
1743.376543
1743.376582
1743.376621
1743.376661
1743.376701
1743.376741
1743.376782
1743.376823
1743.376864
1743.376904
1743.376945
1743.376986
1743.377027
1743.377068
1743.377108
1743.377148
1743.377187
1743.377226
1743.377265
1743.377303
1743.37734
1740.414366
1740.414367
1740.414369
1740.414371
1740.414374
1740.414379
1740.414384
1740.414389
1740.414396
1740.414403
1740.414411
1740.41442
1740.41443
1740.414441
1740.414452
1740.414463
1740.414476
1740.414489
1740.414503
1740.414517
1740.414532
1740.414548
1740.414564
1740.41458
1740.414597
1740.414615
1740.414633
1740.414651
1740.41467
1740.414689
1740.414708
1740.414727
1740.414747
1740.414767
1740.414787
1740.414807
1740.414828
1740.414848
1740.414868
1740.414889
1740.414909
1740.414929
1740.414949
1740.41497
1740.414989
1740.415009
1740.415028
1740.415048
1740.415066
1740.415085
1737.452468
1737.452468
1737.452469
1737.45247
1737.452472
1737.452474
1737.452477
1737.452479
1737.452483
1737.452486
1737.45249
1737.452495
1737.4525
1737.452505
1737.45251
1737.452516
1737.452523
1737.452529
1737.452536
1737.452543
1737.452551
1737.452558
1737.452566
1737.452574
1737.452583
1737.452592
1737.452601
1737.45261
1737.452619
1737.452628
1737.452638
1737.452648
1737.452657
1737.452667
1737.452677
1737.452687
1737.452697
1737.452708
1737.452718
1737.452728
1737.452738
1737.452748
1737.452758
1737.452768
1737.452778
1737.452788
1737.452797
1737.452807
1737.452816
1737.452825
1734.490386
1734.490386
1734.490386
1734.490387
1734.490388
1734.490389
1734.49039
1734.490392
1734.490393
1734.490395
1734.490397
1734.490399
1734.490402
1734.490404
1734.490407
1734.49041
1734.490413
1734.490416
1734.49042
1734.490423
1734.490427
1734.490431
1734.490435
1734.490439
1734.490443
1734.490447
1734.490452
1734.490456
1734.490461
1734.490466
1734.49047
1734.490475
1734.49048
1734.490485
1734.49049
1734.490495
1734.4905
1734.490505
1734.49051
1734.490515
1734.49052
1734.490525
1734.49053
1734.490535
1734.49054
1734.490545
1734.49055
1734.490554
1734.490559
1734.490564
1731.528212
1731.528212
1731.528213
1731.528213
1731.528213
1731.528214
1731.528214
1731.528215
1731.528216
1731.528217
1731.528218
1731.528219
1731.52822
1731.528221
1731.528223
1731.528224
1731.528226
1731.528227
1731.528229
1731.528231
1731.528233
1731.528235
1731.528237
1731.528239
1731.528241
1731.528243
1731.528245
1731.528247
1731.52825
1731.528252
1731.528254
1731.528257
1731.528259
1731.528262
1731.528264
1731.528267
1731.528269
1731.528272
1731.528274
1731.528277
1731.528279
1731.528282
1731.528284
1731.528287
1731.528289
1731.528292
1731.528294
1731.528296
1731.528299
1731.528301
1728.565993
1728.565993
1728.565993
1728.565993
1728.565994
1728.565994
1728.565994
1728.565995
1728.565995
1728.565995
1728.565996
1728.565997
1728.565997
1728.565998
1728.565998
1728.565999
1728.566
1728.566001
1728.566002
1728.566002
1728.566003
1728.566004
1728.566005
1728.566006
1728.566007
1728.566008
1728.56601
1728.566011
1728.566012
1728.566013
1728.566014
1728.566015
1728.566017
1728.566018
1728.566019
1728.56602
1728.566022
1728.566023
1728.566024
1728.566025
1728.566027
1728.566028
1728.566029
1728.56603
1728.566032
1728.566033
1728.566034
1728.566035
1728.566036
1728.566037
1725.603751
1725.603751
1725.603751
1725.603752
1725.603752
1725.603752
1725.603752
1725.603752
1725.603752
1725.603753
1725.603753
1725.603753
1725.603753
1725.603754
1725.603754
1725.603754
1725.603755
1725.603755
1725.603756
1725.603756
1725.603757
1725.603757
1725.603757
1725.603758
1725.603759
1725.603759
1725.60376
1725.60376
1725.603761
1725.603761
1725.603762
1725.603763
1725.603763
1725.603764
1725.603764
1725.603765
1725.603766
1725.603766
1725.603767
1725.603767
1725.603768
1725.603769
1725.603769
1725.60377
1725.603771
1725.603771
1725.603772
1725.603773
1725.603773
1725.603774
1722.641498
1722.641498
1722.641498
1722.641498
1722.641498
1722.641499
1722.641499
1722.641499
1722.641499
1722.641499
1722.641499
1722.641499
1722.641499
1722.641499
1722.6415
1722.6415
1722.6415
1722.6415
1722.6415
1722.641501
1722.641501
1722.641501
1722.641501
1722.641502
1722.641502
1722.641502
1722.641502
1722.641503
1722.641503
1722.641503
1722.641503
1722.641504
1722.641504
1722.641504
1722.641505
1722.641505
1722.641505
1722.641506
1722.641506
1722.641506
1722.641506
1722.641507
1722.641507
1722.641507
1722.641508
1722.641508
1722.641508
1722.641508
1722.641509
1722.641509
1719.67924
1719.67924
1719.67924
1719.67924
1719.67924
1719.67924
1719.67924
1719.67924
1719.67924
1719.67924
1719.67924
1719.67924
1719.67924
1719.67924
1719.67924
1719.67924
1719.679241
1719.679241
1719.679241
1719.679241
1719.679241
1719.679241
1719.679241
1719.679241
1719.679241
1719.679242
1719.679242
1719.679242
1719.679242
1719.679242
1719.679242
1719.679242
1719.679243
1719.679243
1719.679243
1719.679243
1719.679243
1719.679243
1719.679243
1719.679244
1719.679244
1719.679244
1719.679244
1719.679244
1719.679244
1719.679244
1719.679245
1719.679245
1719.679245
1719.679245
1716.716978
1716.716978
1716.716978
1716.716978
1716.716978
1716.716978
1716.716978
1716.716978
1716.716978
1716.716978
1716.716979
1716.716979
1716.716979
1716.716979
1716.716979
1716.716979
1716.716979
1716.716979
1716.716979
1716.716979
1716.716979
1716.716979
1716.716979
1716.716979
1716.716979
1716.716979
1716.716979
1716.716979
1716.716979
1716.71698
1716.71698
1716.71698
1716.71698
1716.71698
1716.71698
1716.71698
1716.71698
1716.71698
1716.71698
1716.71698
1716.71698
1716.71698
1716.71698
1716.716981
1716.716981
1716.716981
1716.716981
1716.716981
1716.716981
1716.716981
1713.754716
1713.754716
1713.754716
1713.754716
1713.754716
1713.754716
1713.754716
1713.754716
1713.754716
1713.754716
1713.754716
1713.754716
1713.754716
1713.754716
1713.754716
1713.754716
1713.754716
1713.754716
1713.754716
1713.754716
1713.754716
1713.754716
1713.754716
1713.754716
1713.754716
1713.754716
1713.754716
1713.754716
1713.754716
1713.754716
1713.754716
1713.754716
1713.754716
1713.754716
1713.754716
1713.754716
1713.754717
1713.754717
1713.754717
1713.754717
1713.754717
1713.754717
1713.754717
1713.754717
1713.754717
1713.754717
1713.754717
1713.754717
1713.754717
1713.754717
1710.792452
1710.792452
1710.792452
1710.792452
1710.792452
1710.792452
1710.792452
1710.792452
1710.792452
1710.792452
1710.792452
1710.792452
1710.792452
1710.792452
1710.792452
1710.792452
1710.792452
1710.792452
1710.792452
1710.792452
1710.792452
1710.792452
1710.792452
1710.792452
1710.792452
1710.792452
1710.792453
1710.792453
1710.792453
1710.792453
1710.792453
1710.792453
1710.792453
1710.792453
1710.792453
1710.792453
1710.792453
1710.792453
1710.792453
1710.792453
1710.792453
1710.792453
1710.792453
1710.792453
1710.792453
1710.792453
1710.792453
1710.792453
1710.792453
1710.792453
1707.830188
1707.830188
1707.830188
1707.830188
1707.830188
1707.830188
1707.830188
1707.830188
1707.830188
1707.830188
1707.830188
1707.830188
1707.830188
1707.830188
1707.830189
1707.830189
1707.830189
1707.830189
1707.830189
1707.830189
1707.830189
1707.830189
1707.830189
1707.830189
1707.830189
1707.830189
1707.830189
1707.830189
1707.830189
1707.830189
1707.830189
1707.830189
1707.830189
1707.830189
1707.830189
1707.830189
1707.830189
1707.830189
1707.830189
1707.830189
1707.830189
1707.830189
1707.830189
1707.830189
1707.830189
1707.830189
1707.830189
1707.830189
1707.830189
1707.830189
1704.867924
1704.867924
1704.867924
1704.867924
1704.867924
1704.867924
1704.867924
1704.867924
1704.867924
1704.867924
1704.867924
1704.867924
1704.867924
1704.867924
1704.867924
1704.867924
1704.867924
1704.867924
1704.867924
1704.867924
1704.867924
1704.867924
1704.867925
1704.867925
1704.867925
1704.867925
1704.867925
1704.867925
1704.867925
1704.867925
1704.867925
1704.867925
1704.867925
1704.867925
1704.867925
1704.867925
1704.867925
1704.867925
1704.867925
1704.867925
1704.867925
1704.867925
1704.867925
1704.867925
1704.867925
1704.867925
1704.867925
1704.867925
1704.867925
1704.867925
1701.90566
1701.90566
1701.90566
1701.90566
1701.90566
1701.90566
1701.90566
1701.90566
1701.90566
1701.90566
1701.90566
1701.90566
1701.90566
1701.90566
1701.90566
1701.90566
1701.90566
1701.90566
1701.90566
1701.90566
1701.90566
1701.90566
1701.90566
1701.90566
1701.90566
1701.90566
1701.90566
1701.90566
1701.90566
1701.90566
1701.90566
1701.90566
1701.90566
1701.90566
1701.90566
1701.90566
1701.90566
1701.90566
1701.90566
1701.90566
1701.90566
1701.90566
1701.90566
1701.90566
1701.90566
1701.90566
1701.90566
1701.90566
1701.90566
1701.90566
1698.943396
1698.943396
1698.943396
1698.943396
1698.943396
1698.943396
1698.943396
1698.943396
1698.943396
1698.943396
1698.943396
1698.943396
1698.943396
1698.943396
1698.943396
1698.943396
1698.943396
1698.943396
1698.943396
1698.943396
1698.943396
1698.943396
1698.943396
1698.943396
1698.943396
1698.943396
1698.943396
1698.943396
1698.943396
1698.943396
1698.943396
1698.943396
1698.943396
1698.943396
1698.943396
1698.943396
1698.943396
1698.943396
1698.943396
1698.943396
1698.943396
1698.943396
1698.943396
1698.943396
1698.943396
1698.943396
1698.943396
1698.943396
1698.943396
1698.943396
1695.981132
1695.981132
1695.981132
1695.981132
1695.981132
1695.981132
1695.981132
1695.981132
1695.981132
1695.981132
1695.981132
1695.981132
1695.981132
1695.981132
1695.981132
1695.981132
1695.981132
1695.981132
1695.981132
1695.981132
1695.981132
1695.981132
1695.981132
1695.981132
1695.981132
1695.981132
1695.981132
1695.981132
1695.981132
1695.981132
1695.981132
1695.981132
1695.981132
1695.981132
1695.981132
1695.981132
1695.981132
1695.981132
1695.981132
1695.981132
1695.981132
1695.981132
1695.981132
1695.981132
1695.981132
1695.981132
1695.981132
1695.981132
1695.981132
1695.981132
1693.018868
1693.018868
1693.018868
1693.018868
1693.018868
1693.018868
1693.018868
1693.018868
1693.018868
1693.018868
1693.018868
1693.018868
1693.018868
1693.018868
1693.018868
1693.018868
1693.018868
1693.018868
1693.018868
1693.018868
1693.018868
1693.018868
1693.018868
1693.018868
1693.018868
1693.018868
1693.018868
1693.018868
1693.018868
1693.018868
1693.018868
1693.018868
1693.018868
1693.018868
1693.018868
1693.018868
1693.018868
1693.018868
1693.018868
1693.018868
1693.018868
1693.018868
1693.018868
1693.018868
1693.018868
1693.018868
1693.018868
1693.018868
1693.018868
1693.018868
1690.056604
1690.056604
1690.056604
1690.056604
1690.056604
1690.056604
1690.056604
1690.056604
1690.056604
1690.056604
1690.056604
1690.056604
1690.056604
1690.056604
1690.056604
1690.056604
1690.056604
1690.056604
1690.056604
1690.056604
1690.056604
1690.056604
1690.056604
1690.056604
1690.056604
1690.056604
1690.056604
1690.056604
1690.056604
1690.056604
1690.056604
1690.056604
1690.056604
1690.056604
1690.056604
1690.056604
1690.056604
1690.056604
1690.056604
1690.056604
1690.056604
1690.056604
1690.056604
1690.056604
1690.056604
1690.056604
1690.056604
1690.056604
1690.056604
1690.056604
1687.09434
1687.09434
1687.09434
1687.09434
1687.09434
1687.09434
1687.09434
1687.09434
1687.09434
1687.09434
1687.09434
1687.09434
1687.09434
1687.09434
1687.09434
1687.09434
1687.09434
1687.09434
1687.09434
1687.09434
1687.09434
1687.09434
1687.09434
1687.09434
1687.09434
1687.09434
1687.09434
1687.09434
1687.09434
1687.09434
1687.09434
1687.09434
1687.09434
1687.09434
1687.09434
1687.09434
1687.09434
1687.09434
1687.09434
1687.09434
1687.09434
1687.09434
1687.09434
1687.09434
1687.09434
1687.09434
1687.09434
1687.09434
1687.09434
1687.09434
1684.132075
1684.132075
1684.132075
1684.132075
1684.132075
1684.132075
1684.132075
1684.132075
1684.132075
1684.132075
1684.132075
1684.132075
1684.132075
1684.132075
1684.132075
1684.132075
1684.132075
1684.132075
1684.132075
1684.132075
1684.132075
1684.132075
1684.132075
1684.132075
1684.132075
1684.132075
1684.132075
1684.132075
1684.132075
1684.132075
1684.132075
1684.132075
1684.132075
1684.132075
1684.132075
1684.132075
1684.132075
1684.132075
1684.132075
1684.132075
1684.132075
1684.132075
1684.132075
1684.132075
1684.132075
1684.132075
1684.132075
1684.132075
1684.132075
1684.132075
1681.169811
1681.169811
1681.169811
1681.169811
1681.169811
1681.169811
1681.169811
1681.169811
1681.169811
1681.169811
1681.169811
1681.169811
1681.169811
1681.169811
1681.169811
1681.169811
1681.169811
1681.169811
1681.169811
1681.169811
1681.169811
1681.169811
1681.169811
1681.169811
1681.169811
1681.169811
1681.169811
1681.169811
1681.169811
1681.169811
1681.169811
1681.169811
1681.169811
1681.169811
1681.169811
1681.169811
1681.169811
1681.169811
1681.169811
1681.169811
1681.169811
1681.169811
1681.169811
1681.169811
1681.169811
1681.169811
1681.169811
1681.169811
1681.169811
1681.169811
1678.207547
1678.207547
1678.207547
1678.207547
1678.207547
1678.207547
1678.207547
1678.207547
1678.207547
1678.207547
1678.207547
1678.207547
1678.207547
1678.207547
1678.207547
1678.207547
1678.207547
1678.207547
1678.207547
1678.207547
1678.207547
1678.207547
1678.207547
1678.207547
1678.207547
1678.207547
1678.207547
1678.207547
1678.207547
1678.207547
1678.207547
1678.207547
1678.207547
1678.207547
1678.207547
1678.207547
1678.207547
1678.207547
1678.207547
1678.207547
1678.207547
1678.207547
1678.207547
1678.207547
1678.207547
1678.207547
1678.207547
1678.207547
1678.207547
1678.207547
1675.245283
1675.245283
1675.245283
1675.245283
1675.245283
1675.245283
1675.245283
1675.245283
1675.245283
1675.245283
1675.245283
1675.245283
1675.245283
1675.245283
1675.245283
1675.245283
1675.245283
1675.245283
1675.245283
1675.245283
1675.245283
1675.245283
1675.245283
1675.245283
1675.245283
1675.245283
1675.245283
1675.245283
1675.245283
1675.245283
1675.245283
1675.245283
1675.245283
1675.245283
1675.245283
1675.245283
1675.245283
1675.245283
1675.245283
1675.245283
1675.245283
1675.245283
1675.245283
1675.245283
1675.245283
1675.245283
1675.245283
1675.245283
1675.245283
1675.245283
1672.283019
1672.283019
1672.283019
1672.283019
1672.283019
1672.283019
1672.283019
1672.283019
1672.283019
1672.283019
1672.283019
1672.283019
1672.283019
1672.283019
1672.283019
1672.283019
1672.283019
1672.283019
1672.283019
1672.283019
1672.283019
1672.283019
1672.283019
1672.283019
1672.283019
1672.283019
1672.283019
1672.283019
1672.283019
1672.283019
1672.283019
1672.283019
1672.283019
1672.283019
1672.283019
1672.283019
1672.283019
1672.283019
1672.283019
1672.283019
1672.283019
1672.283019
1672.283019
1672.283019
1672.283019
1672.283019
1672.283019
1672.283019
1672.283019
1672.283019
1669.320755
1669.320755
1669.320755
1669.320755
1669.320755
1669.320755
1669.320755
1669.320755
1669.320755
1669.320755
1669.320755
1669.320755
1669.320755
1669.320755
1669.320755
1669.320755
1669.320755
1669.320755
1669.320755
1669.320755
1669.320755
1669.320755
1669.320755
1669.320755
1669.320755
1669.320755
1669.320755
1669.320755
1669.320755
1669.320755
1669.320755
1669.320755
1669.320755
1669.320755
1669.320755
1669.320755
1669.320755
1669.320755
1669.320755
1669.320755
1669.320755
1669.320755
1669.320755
1669.320755
1669.320755
1669.320755
1669.320755
1669.320755
1669.320755
1669.320755
1666.358491
1666.358491
1666.358491
1666.358491
1666.358491
1666.358491
1666.358491
1666.358491
1666.358491
1666.358491
1666.358491
1666.358491
1666.358491
1666.358491
1666.358491
1666.358491
1666.358491
1666.358491
1666.358491
1666.358491
1666.358491
1666.358491
1666.358491
1666.358491
1666.358491
1666.358491
1666.358491
1666.358491
1666.358491
1666.358491
1666.358491
1666.358491
1666.358491
1666.358491
1666.358491
1666.358491
1666.358491
1666.358491
1666.358491
1666.358491
1666.358491
1666.358491
1666.358491
1666.358491
1666.358491
1666.358491
1666.358491
1666.358491
1666.358491
1666.358491
1663.396226
1663.396226
1663.396226
1663.396226
1663.396226
1663.396226
1663.396226
1663.396226
1663.396226
1663.396226
1663.396226
1663.396226
1663.396226
1663.396226
1663.396226
1663.396226
1663.396226
1663.396226
1663.396226
1663.396226
1663.396226
1663.396226
1663.396226
1663.396226
1663.396226
1663.396226
1663.396226
1663.396226
1663.396226
1663.396226
1663.396226
1663.396226
1663.396226
1663.396226
1663.396226
1663.396226
1663.396226
1663.396226
1663.396226
1663.396226
1663.396226
1663.396226
1663.396226
1663.396226
1663.396226
1663.396226
1663.396226
1663.396226
1663.396226
1663.396226
1660.433962
1660.433962
1660.433962
1660.433962
1660.433962
1660.433962
1660.433962
1660.433962
1660.433962
1660.433962
1660.433962
1660.433962
1660.433962
1660.433962
1660.433962
1660.433962
1660.433962
1660.433962
1660.433962
1660.433962
1660.433962
1660.433962
1660.433962
1660.433962
1660.433962
1660.433962
1660.433962
1660.433962
1660.433962
1660.433962
1660.433962
1660.433962
1660.433962
1660.433962
1660.433962
1660.433962
1660.433962
1660.433962
1660.433962
1660.433962
1660.433962
1660.433962
1660.433962
1660.433962
1660.433962
1660.433962
1660.433962
1660.433962
1660.433962
1660.433962
1657.471698
1657.471698
1657.471698
1657.471698
1657.471698
1657.471698
1657.471698
1657.471698
1657.471698
1657.471698
1657.471698
1657.471698
1657.471698
1657.471698
1657.471698
1657.471698
1657.471698
1657.471698
1657.471698
1657.471698
1657.471698
1657.471698
1657.471698
1657.471698
1657.471698
1657.471698
1657.471698
1657.471698
1657.471698
1657.471698
1657.471698
1657.471698
1657.471698
1657.471698
1657.471698
1657.471698
1657.471698
1657.471698
1657.471698
1657.471698
1657.471698
1657.471698
1657.471698
1657.471698
1657.471698
1657.471698
1657.471698
1657.471698
1657.471698
1657.471698
1654.509434
1654.509434
1654.509434
1654.509434
1654.509434
1654.509434
1654.509434
1654.509434
1654.509434
1654.509434
1654.509434
1654.509434
1654.509434
1654.509434
1654.509434
1654.509434
1654.509434
1654.509434
1654.509434
1654.509434
1654.509434
1654.509434
1654.509434
1654.509434
1654.509434
1654.509434
1654.509434
1654.509434
1654.509434
1654.509434
1654.509434
1654.509434
1654.509434
1654.509434
1654.509434
1654.509434
1654.509434
1654.509434
1654.509434
1654.509434
1654.509434
1654.509434
1654.509434
1654.509434
1654.509434
1654.509434
1654.509434
1654.509434
1654.509434
1654.509434
1651.54717
1651.54717
1651.54717
1651.54717
1651.54717
1651.54717
1651.54717
1651.54717
1651.54717
1651.54717
1651.54717
1651.54717
1651.54717
1651.54717
1651.54717
1651.54717
1651.54717
1651.54717
1651.54717
1651.54717
1651.54717
1651.54717
1651.54717
1651.54717
1651.54717
1651.54717
1651.54717
1651.54717
1651.54717
1651.54717
1651.54717
1651.54717
1651.54717
1651.54717
1651.54717
1651.54717
1651.54717
1651.54717
1651.54717
1651.54717
1651.54717
1651.54717
1651.54717
1651.54717
1651.54717
1651.54717
1651.54717
1651.54717
1651.54717
1651.54717
1648.584906
1648.584906
1648.584906
1648.584906
1648.584906
1648.584906
1648.584906
1648.584906
1648.584906
1648.584906
1648.584906
1648.584906
1648.584906
1648.584906
1648.584906
1648.584906
1648.584906
1648.584906
1648.584906
1648.584906
1648.584906
1648.584906
1648.584906
1648.584906
1648.584906
1648.584906
1648.584906
1648.584906
1648.584906
1648.584906
1648.584906
1648.584906
1648.584906
1648.584906
1648.584906
1648.584906
1648.584906
1648.584906
1648.584906
1648.584906
1648.584906
1648.584906
1648.584906
1648.584906
1648.584906
1648.584906
1648.584906
1648.584906
1648.584906
1648.584906
1645.622642
1645.622642
1645.622642
1645.622642
1645.622642
1645.622642
1645.622642
1645.622642
1645.622642
1645.622642
1645.622642
1645.622642
1645.622642
1645.622642
1645.622642
1645.622642
1645.622642
1645.622642
1645.622642
1645.622642
1645.622642
1645.622642
1645.622642
1645.622642
1645.622642
1645.622642
1645.622642
1645.622642
1645.622642
1645.622642
1645.622642
1645.622642
1645.622642
1645.622642
1645.622642
1645.622642
1645.622642
1645.622642
1645.622642
1645.622642
1645.622642
1645.622642
1645.622642
1645.622642
1645.622642
1645.622642
1645.622642
1645.622642
1645.622642
1645.622642
1642.660377
1642.660377
1642.660377
1642.660377
1642.660377
1642.660377
1642.660377
1642.660377
1642.660377
1642.660377
1642.660377
1642.660377
1642.660377
1642.660377
1642.660377
1642.660377
1642.660377
1642.660377
1642.660377
1642.660377
1642.660377
1642.660377
1642.660377
1642.660377
1642.660377
1642.660377
1642.660377
1642.660377
1642.660377
1642.660377
1642.660377
1642.660377
1642.660377
1642.660377
1642.660377
1642.660377
1642.660377
1642.660377
1642.660377
1642.660377
1642.660377
1642.660377
1642.660377
1642.660377
1642.660377
1642.660377
1642.660377
1642.660377
1642.660377
1642.660377
1639.698113
1639.698113
1639.698113
1639.698113
1639.698113
1639.698113
1639.698113
1639.698113
1639.698113
1639.698113
1639.698113
1639.698113
1639.698113
1639.698113
1639.698113
1639.698113
1639.698113
1639.698113
1639.698113
1639.698113
1639.698113
1639.698113
1639.698113
1639.698113
1639.698113
1639.698113
1639.698113
1639.698113
1639.698113
1639.698113
1639.698113
1639.698113
1639.698113
1639.698113
1639.698113
1639.698113
1639.698113
1639.698113
1639.698113
1639.698113
1639.698113
1639.698113
1639.698113
1639.698113
1639.698113
1639.698113
1639.698113
1639.698113
1639.698113
1639.698113
1636.735849
1636.735849
1636.735849
1636.735849
1636.735849
1636.735849
1636.735849
1636.735849
1636.735849
1636.735849
1636.735849
1636.735849
1636.735849
1636.735849
1636.735849
1636.735849
1636.735849
1636.735849
1636.735849
1636.735849
1636.735849
1636.735849
1636.735849
1636.735849
1636.735849
1636.735849
1636.735849
1636.735849
1636.735849
1636.735849
1636.735849
1636.735849
1636.735849
1636.735849
1636.735849
1636.735849
1636.735849
1636.735849
1636.735849
1636.735849
1636.735849
1636.735849
1636.735849
1636.735849
1636.735849
1636.735849
1636.735849
1636.735849
1636.735849
1636.735849
1633.773585
1633.773585
1633.773585
1633.773585
1633.773585
1633.773585
1633.773585
1633.773585
1633.773585
1633.773585
1633.773585
1633.773585
1633.773585
1633.773585
1633.773585
1633.773585
1633.773585
1633.773585
1633.773585
1633.773585
1633.773585
1633.773585
1633.773585
1633.773585
1633.773585
1633.773585
1633.773585
1633.773585
1633.773585
1633.773585
1633.773585
1633.773585
1633.773585
1633.773585
1633.773585
1633.773585
1633.773585
1633.773585
1633.773585
1633.773585
1633.773585
1633.773585
1633.773585
1633.773585
1633.773585
1633.773585
1633.773585
1633.773585
1633.773585
1633.773585
1630.811321
1630.811321
1630.811321
1630.811321
1630.811321
1630.811321
1630.811321
1630.811321
1630.811321
1630.811321
1630.811321
1630.811321
1630.811321
1630.811321
1630.811321
1630.811321
1630.811321
1630.811321
1630.811321
1630.811321
1630.811321
1630.811321
1630.811321
1630.811321
1630.811321
1630.811321
1630.811321
1630.811321
1630.811321
1630.811321
1630.811321
1630.811321
1630.811321
1630.811321
1630.811321
1630.811321
1630.811321
1630.811321
1630.811321
1630.811321
1630.811321
1630.811321
1630.811321
1630.811321
1630.811321
1630.811321
1630.811321
1630.811321
1630.811321
1630.811321
1627.849057
1627.849057
1627.849057
1627.849057
1627.849057
1627.849057
1627.849057
1627.849057
1627.849057
1627.849057
1627.849057
1627.849057
1627.849057
1627.849057
1627.849057
1627.849057
1627.849057
1627.849057
1627.849057
1627.849057
1627.849057
1627.849057
1627.849057
1627.849057
1627.849057
1627.849057
1627.849057
1627.849057
1627.849057
1627.849057
1627.849057
1627.849057
1627.849057
1627.849057
1627.849057
1627.849057
1627.849057
1627.849057
1627.849057
1627.849057
1627.849057
1627.849057
1627.849057
1627.849057
1627.849057
1627.849057
1627.849057
1627.849057
1627.849057
1627.849057
1624.886792
1624.886792
1624.886792
1624.886792
1624.886792
1624.886792
1624.886792
1624.886792
1624.886792
1624.886792
1624.886792
1624.886792
1624.886792
1624.886792
1624.886792
1624.886792
1624.886792
1624.886792
1624.886792
1624.886792
1624.886792
1624.886792
1624.886792
1624.886792
1624.886792
1624.886792
1624.886792
1624.886792
1624.886792
1624.886792
1624.886792
1624.886792
1624.886792
1624.886792
1624.886792
1624.886792
1624.886792
1624.886792
1624.886792
1624.886792
1624.886792
1624.886792
1624.886792
1624.886792
1624.886792
1624.886792
1624.886792
1624.886792
1624.886792
1624.886792
1621.924528
1621.924528
1621.924528
1621.924528
1621.924528
1621.924528
1621.924528
1621.924528
1621.924528
1621.924528
1621.924528
1621.924528
1621.924528
1621.924528
1621.924528
1621.924528
1621.924528
1621.924528
1621.924528
1621.924528
1621.924528
1621.924528
1621.924528
1621.924528
1621.924528
1621.924528
1621.924528
1621.924528
1621.924528
1621.924528
1621.924528
1621.924528
1621.924528
1621.924528
1621.924528
1621.924528
1621.924528
1621.924528
1621.924528
1621.924528
1621.924528
1621.924528
1621.924528
1621.924528
1621.924528
1621.924528
1621.924528
1621.924528
1621.924528
1621.924528
1618.962264
1618.962264
1618.962264
1618.962264
1618.962264
1618.962264
1618.962264
1618.962264
1618.962264
1618.962264
1618.962264
1618.962264
1618.962264
1618.962264
1618.962264
1618.962264
1618.962264
1618.962264
1618.962264
1618.962264
1618.962264
1618.962264
1618.962264
1618.962264
1618.962264
1618.962264
1618.962264
1618.962264
1618.962264
1618.962264
1618.962264
1618.962264
1618.962264
1618.962264
1618.962264
1618.962264
1618.962264
1618.962264
1618.962264
1618.962264
1618.962264
1618.962264
1618.962264
1618.962264
1618.962264
1618.962264
1618.962264
1618.962264
1618.962264
1618.962264
1616
1616
1616
1616
1616
1616
1616
1616
1616
1616
1616
1616
1616
1616
1616
1616
1616
1616
1616
1616
1616
1616
1616
1616
1616
1616
1616
1616
1616
1616
1616
1616
1616
1616
1616
1616
1616
1616
1616
1616
1616
1616
1616
1616
1616
1616
1616
1616
1616
1616
1613.037736
1613.037736
1613.037736
1613.037736
1613.037736
1613.037736
1613.037736
1613.037736
1613.037736
1613.037736
1613.037736
1613.037736
1613.037736
1613.037736
1613.037736
1613.037736
1613.037736
1613.037736
1613.037736
1613.037736
1613.037736
1613.037736
1613.037736
1613.037736
1613.037736
1613.037736
1613.037736
1613.037736
1613.037736
1613.037736
1613.037736
1613.037736
1613.037736
1613.037736
1613.037736
1613.037736
1613.037736
1613.037736
1613.037736
1613.037736
1613.037736
1613.037736
1613.037736
1613.037736
1613.037736
1613.037736
1613.037736
1613.037736
1613.037736
1613.037736
1610.075472
1610.075472
1610.075472
1610.075472
1610.075472
1610.075472
1610.075472
1610.075472
1610.075472
1610.075472
1610.075472
1610.075472
1610.075472
1610.075472
1610.075472
1610.075472
1610.075472
1610.075472
1610.075472
1610.075472
1610.075472
1610.075472
1610.075472
1610.075472
1610.075472
1610.075472
1610.075472
1610.075472
1610.075472
1610.075472
1610.075472
1610.075472
1610.075472
1610.075472
1610.075472
1610.075472
1610.075472
1610.075472
1610.075472
1610.075472
1610.075472
1610.075472
1610.075472
1610.075472
1610.075472
1610.075472
1610.075472
1610.075472
1610.075472
1610.075472
1607.113208
1607.113208
1607.113208
1607.113208
1607.113208
1607.113208
1607.113208
1607.113208
1607.113208
1607.113208
1607.113208
1607.113208
1607.113208
1607.113208
1607.113208
1607.113208
1607.113208
1607.113208
1607.113208
1607.113208
1607.113208
1607.113208
1607.113208
1607.113208
1607.113208
1607.113208
1607.113208
1607.113208
1607.113208
1607.113208
1607.113208
1607.113208
1607.113208
1607.113208
1607.113208
1607.113208
1607.113208
1607.113208
1607.113208
1607.113208
1607.113208
1607.113208
1607.113208
1607.113208
1607.113208
1607.113208
1607.113208
1607.113208
1607.113208
1607.113208
1604.150943
1604.150943
1604.150943
1604.150943
1604.150943
1604.150943
1604.150943
1604.150943
1604.150943
1604.150943
1604.150943
1604.150943
1604.150943
1604.150943
1604.150943
1604.150943
1604.150943
1604.150943
1604.150943
1604.150943
1604.150943
1604.150943
1604.150943
1604.150943
1604.150943
1604.150943
1604.150943
1604.150943
1604.150943
1604.150943
1604.150943
1604.150943
1604.150943
1604.150943
1604.150943
1604.150943
1604.150943
1604.150943
1604.150943
1604.150943
1604.150943
1604.150943
1604.150943
1604.150943
1604.150943
1604.150943
1604.150943
1604.150943
1604.150943
1604.150943
1601.188679
1601.188679
1601.188679
1601.188679
1601.188679
1601.188679
1601.188679
1601.188679
1601.188679
1601.188679
1601.188679
1601.188679
1601.188679
1601.188679
1601.188679
1601.188679
1601.188679
1601.188679
1601.188679
1601.188679
1601.188679
1601.188679
1601.188679
1601.188679
1601.188679
1601.188679
1601.188679
1601.188679
1601.188679
1601.188679
1601.188679
1601.188679
1601.188679
1601.188679
1601.188679
1601.188679
1601.188679
1601.188679
1601.188679
1601.188679
1601.188679
1601.188679
1601.188679
1601.188679
1601.188679
1601.188679
1601.188679
1601.188679
1601.188679
1601.188679
1598.226415
1598.226415
1598.226415
1598.226415
1598.226415
1598.226415
1598.226415
1598.226415
1598.226415
1598.226415
1598.226415
1598.226415
1598.226415
1598.226415
1598.226415
1598.226415
1598.226415
1598.226415
1598.226415
1598.226415
1598.226415
1598.226415
1598.226415
1598.226415
1598.226415
1598.226415
1598.226415
1598.226415
1598.226415
1598.226415
1598.226415
1598.226415
1598.226415
1598.226415
1598.226415
1598.226415
1598.226415
1598.226415
1598.226415
1598.226415
1598.226415
1598.226415
1598.226415
1598.226415
1598.226415
1598.226415
1598.226415
1598.226415
1598.226415
1598.226415
1595.264151
1595.264151
1595.264151
1595.264151
1595.264151
1595.264151
1595.264151
1595.264151
1595.264151
1595.264151
1595.264151
1595.264151
1595.264151
1595.264151
1595.264151
1595.264151
1595.264151
1595.264151
1595.264151
1595.264151
1595.264151
1595.264151
1595.264151
1595.264151
1595.264151
1595.264151
1595.264151
1595.264151
1595.264151
1595.264151
1595.264151
1595.264151
1595.264151
1595.264151
1595.264151
1595.264151
1595.264151
1595.264151
1595.264151
1595.264151
1595.264151
1595.264151
1595.264151
1595.264151
1595.264151
1595.264151
1595.264151
1595.264151
1595.264151
1595.264151
1592.301887
1592.301887
1592.301887
1592.301887
1592.301887
1592.301887
1592.301887
1592.301887
1592.301887
1592.301887
1592.301887
1592.301887
1592.301887
1592.301887
1592.301887
1592.301887
1592.301887
1592.301887
1592.301887
1592.301887
1592.301887
1592.301887
1592.301887
1592.301887
1592.301887
1592.301887
1592.301887
1592.301887
1592.301887
1592.301887
1592.301887
1592.301887
1592.301887
1592.301887
1592.301887
1592.301887
1592.301887
1592.301887
1592.301887
1592.301887
1592.301887
1592.301887
1592.301887
1592.301887
1592.301887
1592.301887
1592.301887
1592.301887
1592.301887
1592.301887
1589.339623
1589.339623
1589.339623
1589.339623
1589.339623
1589.339623
1589.339623
1589.339623
1589.339623
1589.339623
1589.339623
1589.339623
1589.339623
1589.339623
1589.339623
1589.339623
1589.339623
1589.339623
1589.339623
1589.339623
1589.339623
1589.339623
1589.339623
1589.339623
1589.339623
1589.339623
1589.339623
1589.339623
1589.339623
1589.339623
1589.339623
1589.339623
1589.339623
1589.339623
1589.339623
1589.339623
1589.339623
1589.339623
1589.339623
1589.339623
1589.339623
1589.339623
1589.339623
1589.339623
1589.339623
1589.339623
1589.339623
1589.339623
1589.339623
1589.339623
1586.377358
1586.377358
1586.377358
1586.377358
1586.377358
1586.377358
1586.377358
1586.377358
1586.377358
1586.377358
1586.377358
1586.377358
1586.377358
1586.377358
1586.377358
1586.377358
1586.377358
1586.377358
1586.377358
1586.377358
1586.377358
1586.377358
1586.377358
1586.377358
1586.377358
1586.377358
1586.377358
1586.377358
1586.377358
1586.377358
1586.377358
1586.377358
1586.377358
1586.377358
1586.377358
1586.377358
1586.377358
1586.377358
1586.377358
1586.377358
1586.377358
1586.377358
1586.377358
1586.377358
1586.377358
1586.377358
1586.377358
1586.377358
1586.377358
1586.377358
1583.415094
1583.415094
1583.415094
1583.415094
1583.415094
1583.415094
1583.415094
1583.415094
1583.415094
1583.415094
1583.415094
1583.415094
1583.415094
1583.415094
1583.415094
1583.415094
1583.415094
1583.415094
1583.415094
1583.415094
1583.415094
1583.415094
1583.415094
1583.415094
1583.415094
1583.415094
1583.415094
1583.415094
1583.415094
1583.415094
1583.415094
1583.415094
1583.415094
1583.415094
1583.415094
1583.415094
1583.415094
1583.415094
1583.415094
1583.415094
1583.415094
1583.415094
1583.415094
1583.415094
1583.415094
1583.415094
1583.415094
1583.415094
1583.415094
1583.415094
1580.45283
1580.45283
1580.45283
1580.45283
1580.45283
1580.45283
1580.45283
1580.45283
1580.45283
1580.45283
1580.45283
1580.45283
1580.45283
1580.45283
1580.45283
1580.45283
1580.45283
1580.45283
1580.45283
1580.45283
1580.45283
1580.45283
1580.45283
1580.45283
1580.45283
1580.45283
1580.45283
1580.45283
1580.45283
1580.45283
1580.45283
1580.45283
1580.45283
1580.45283
1580.45283
1580.45283
1580.45283
1580.45283
1580.45283
1580.45283
1580.45283
1580.45283
1580.45283
1580.45283
1580.45283
1580.45283
1580.45283
1580.45283
1580.45283
1580.45283
1577.490566
1577.490566
1577.490566
1577.490566
1577.490566
1577.490566
1577.490566
1577.490566
1577.490566
1577.490566
1577.490566
1577.490566
1577.490566
1577.490566
1577.490566
1577.490566
1577.490566
1577.490566
1577.490566
1577.490566
1577.490566
1577.490566
1577.490566
1577.490566
1577.490566
1577.490566
1577.490566
1577.490566
1577.490566
1577.490566
1577.490566
1577.490566
1577.490566
1577.490566
1577.490566
1577.490566
1577.490566
1577.490566
1577.490566
1577.490566
1577.490566
1577.490566
1577.490566
1577.490566
1577.490566
1577.490566
1577.490566
1577.490566
1577.490566
1577.490566
1574.528302
1574.528302
1574.528302
1574.528302
1574.528302
1574.528302
1574.528302
1574.528302
1574.528302
1574.528302
1574.528302
1574.528302
1574.528302
1574.528302
1574.528302
1574.528302
1574.528302
1574.528302
1574.528302
1574.528302
1574.528302
1574.528302
1574.528302
1574.528302
1574.528302
1574.528302
1574.528302
1574.528302
1574.528302
1574.528302
1574.528302
1574.528302
1574.528302
1574.528302
1574.528302
1574.528302
1574.528302
1574.528302
1574.528302
1574.528302
1574.528302
1574.528302
1574.528302
1574.528302
1574.528302
1574.528302
1574.528302
1574.528302
1574.528302
1574.528302
1571.566038
1571.566038
1571.566038
1571.566038
1571.566038
1571.566038
1571.566038
1571.566038
1571.566038
1571.566038
1571.566038
1571.566038
1571.566038
1571.566038
1571.566038
1571.566038
1571.566038
1571.566038
1571.566038
1571.566038
1571.566038
1571.566038
1571.566038
1571.566038
1571.566038
1571.566038
1571.566038
1571.566038
1571.566038
1571.566038
1571.566038
1571.566038
1571.566038
1571.566038
1571.566038
1571.566038
1571.566038
1571.566038
1571.566038
1571.566038
1571.566038
1571.566038
1571.566038
1571.566038
1571.566038
1571.566038
1571.566038
1571.566038
1571.566038
1571.566038
1568.603774
1568.603774
1568.603774
1568.603774
1568.603774
1568.603774
1568.603774
1568.603774
1568.603774
1568.603774
1568.603774
1568.603774
1568.603774
1568.603774
1568.603774
1568.603774
1568.603774
1568.603774
1568.603774
1568.603774
1568.603774
1568.603774
1568.603774
1568.603774
1568.603774
1568.603774
1568.603774
1568.603774
1568.603774
1568.603774
1568.603774
1568.603774
1568.603774
1568.603774
1568.603774
1568.603774
1568.603774
1568.603774
1568.603774
1568.603774
1568.603774
1568.603774
1568.603774
1568.603774
1568.603774
1568.603774
1568.603774
1568.603774
1568.603774
1568.603774
1565.641509
1565.641509
1565.641509
1565.641509
1565.641509
1565.641509
1565.641509
1565.641509
1565.641509
1565.641509
1565.641509
1565.641509
1565.641509
1565.641509
1565.641509
1565.641509
1565.641509
1565.641509
1565.641509
1565.641509
1565.641509
1565.641509
1565.641509
1565.641509
1565.641509
1565.641509
1565.641509
1565.641509
1565.641509
1565.641509
1565.641509
1565.641509
1565.641509
1565.641509
1565.641509
1565.641509
1565.641509
1565.641509
1565.641509
1565.641509
1565.641509
1565.641509
1565.641509
1565.641509
1565.641509
1565.641509
1565.641509
1565.641509
1565.641509
1565.641509
1562.679245
1562.679245
1562.679245
1562.679245
1562.679245
1562.679245
1562.679245
1562.679245
1562.679245
1562.679245
1562.679245
1562.679245
1562.679245
1562.679245
1562.679245
1562.679245
1562.679245
1562.679245
1562.679245
1562.679245
1562.679245
1562.679245
1562.679245
1562.679245
1562.679245
1562.679245
1562.679245
1562.679245
1562.679245
1562.679245
1562.679245
1562.679245
1562.679245
1562.679245
1562.679245
1562.679245
1562.679245
1562.679245
1562.679245
1562.679245
1562.679245
1562.679245
1562.679245
1562.679245
1562.679245
1562.679245
1562.679245
1562.679245
1562.679245
1562.679245
1559.716981
1559.716981
1559.716981
1559.716981
1559.716981
1559.716981
1559.716981
1559.716981
1559.716981
1559.716981
1559.716981
1559.716981
1559.716981
1559.716981
1559.716981
1559.716981
1559.716981
1559.716981
1559.716981
1559.716981
1559.716981
1559.716981
1559.716981
1559.716981
1559.716981
1559.716981
1559.716981
1559.716981
1559.716981
1559.716981
1559.716981
1559.716981
1559.716981
1559.716981
1559.716981
1559.716981
1559.716981
1559.716981
1559.716981
1559.716981
1559.716981
1559.716981
1559.716981
1559.716981
1559.716981
1559.716981
1559.716981
1559.716981
1559.716981
1559.716981
1556.754717
1556.754717
1556.754717
1556.754717
1556.754717
1556.754717
1556.754717
1556.754717
1556.754717
1556.754717
1556.754717
1556.754717
1556.754717
1556.754717
1556.754717
1556.754717
1556.754717
1556.754717
1556.754717
1556.754717
1556.754717
1556.754717
1556.754717
1556.754717
1556.754717
1556.754717
1556.754717
1556.754717
1556.754717
1556.754717
1556.754717
1556.754717
1556.754717
1556.754717
1556.754717
1556.754717
1556.754717
1556.754717
1556.754717
1556.754717
1556.754717
1556.754717
1556.754717
1556.754717
1556.754717
1556.754717
1556.754717
1556.754717
1556.754717
1556.754717
1553.792453
1553.792453
1553.792453
1553.792453
1553.792453
1553.792453
1553.792453
1553.792453
1553.792453
1553.792453
1553.792453
1553.792453
1553.792453
1553.792453
1553.792453
1553.792453
1553.792453
1553.792453
1553.792453
1553.792453
1553.792453
1553.792453
1553.792453
1553.792453
1553.792453
1553.792453
1553.792453
1553.792453
1553.792453
1553.792453
1553.792453
1553.792453
1553.792453
1553.792453
1553.792453
1553.792453
1553.792453
1553.792453
1553.792453
1553.792453
1553.792453
1553.792453
1553.792453
1553.792453
1553.792453
1553.792453
1553.792453
1553.792453
1553.792453
1553.792453
1550.830189
1550.830189
1550.830189
1550.830189
1550.830189
1550.830189
1550.830189
1550.830189
1550.830189
1550.830189
1550.830189
1550.830189
1550.830189
1550.830189
1550.830189
1550.830189
1550.830189
1550.830189
1550.830189
1550.830189
1550.830189
1550.830189
1550.830189
1550.830189
1550.830189
1550.830189
1550.830189
1550.830189
1550.830189
1550.830189
1550.830189
1550.830189
1550.830189
1550.830189
1550.830189
1550.830189
1550.830189
1550.830189
1550.830189
1550.830189
1550.830189
1550.830189
1550.830189
1550.830189
1550.830189
1550.830189
1550.830189
1550.830189
1550.830189
1550.830189
1547.867925
1547.867925
1547.867925
1547.867925
1547.867925
1547.867925
1547.867925
1547.867925
1547.867925
1547.867925
1547.867925
1547.867925
1547.867925
1547.867925
1547.867925
1547.867925
1547.867925
1547.867925
1547.867925
1547.867925
1547.867925
1547.867925
1547.867925
1547.867925
1547.867925
1547.867925
1547.867925
1547.867925
1547.867925
1547.867925
1547.867925
1547.867925
1547.867925
1547.867925
1547.867925
1547.867925
1547.867925
1547.867925
1547.867925
1547.867925
1547.867925
1547.867925
1547.867925
1547.867925
1547.867925
1547.867925
1547.867925
1547.867925
1547.867925
1547.867925
1544.90566
1544.90566
1544.90566
1544.90566
1544.90566
1544.90566
1544.90566
1544.90566
1544.90566
1544.90566
1544.90566
1544.90566
1544.90566
1544.90566
1544.90566
1544.90566
1544.90566
1544.90566
1544.90566
1544.90566
1544.90566
1544.90566
1544.90566
1544.90566
1544.90566
1544.90566
1544.90566
1544.90566
1544.90566
1544.90566
1544.90566
1544.90566
1544.90566
1544.90566
1544.90566
1544.90566
1544.90566
1544.90566
1544.90566
1544.90566
1544.90566
1544.90566
1544.90566
1544.90566
1544.90566
1544.90566
1544.90566
1544.90566
1544.90566
1544.90566
1541.943396
1541.943396
1541.943396
1541.943396
1541.943396
1541.943396
1541.943396
1541.943396
1541.943396
1541.943396
1541.943396
1541.943396
1541.943396
1541.943396
1541.943396
1541.943396
1541.943396
1541.943396
1541.943396
1541.943396
1541.943396
1541.943396
1541.943396
1541.943396
1541.943396
1541.943396
1541.943396
1541.943396
1541.943396
1541.943396
1541.943396
1541.943396
1541.943396
1541.943396
1541.943396
1541.943396
1541.943396
1541.943396
1541.943396
1541.943396
1541.943396
1541.943396
1541.943396
1541.943396
1541.943396
1541.943396
1541.943396
1541.943396
1541.943396
1541.943396
1538.981132
1538.981132
1538.981132
1538.981132
1538.981132
1538.981132
1538.981132
1538.981132
1538.981132
1538.981132
1538.981132
1538.981132
1538.981132
1538.981132
1538.981132
1538.981132
1538.981132
1538.981132
1538.981132
1538.981132
1538.981132
1538.981132
1538.981132
1538.981132
1538.981132
1538.981132
1538.981132
1538.981132
1538.981132
1538.981132
1538.981132
1538.981132
1538.981132
1538.981132
1538.981132
1538.981132
1538.981132
1538.981132
1538.981132
1538.981132
1538.981132
1538.981132
1538.981132
1538.981132
1538.981132
1538.981132
1538.981132
1538.981132
1538.981132
1538.981132
1536.018868
1536.018868
1536.018868
1536.018868
1536.018868
1536.018868
1536.018868
1536.018868
1536.018868
1536.018868
1536.018868
1536.018868
1536.018868
1536.018868
1536.018868
1536.018868
1536.018868
1536.018868
1536.018868
1536.018868
1536.018868
1536.018868
1536.018868
1536.018868
1536.018868
1536.018868
1536.018868
1536.018868
1536.018868
1536.018868
1536.018868
1536.018868
1536.018868
1536.018868
1536.018868
1536.018868
1536.018868
1536.018868
1536.018868
1536.018868
1536.018868
1536.018868
1536.018868
1536.018868
1536.018868
1536.018868
1536.018868
1536.018868
1536.018868
1536.018868
1533.056604
1533.056604
1533.056604
1533.056604
1533.056604
1533.056604
1533.056604
1533.056604
1533.056604
1533.056604
1533.056604
1533.056604
1533.056604
1533.056604
1533.056604
1533.056604
1533.056604
1533.056604
1533.056604
1533.056604
1533.056604
1533.056604
1533.056604
1533.056604
1533.056604
1533.056604
1533.056604
1533.056604
1533.056604
1533.056604
1533.056604
1533.056604
1533.056604
1533.056604
1533.056604
1533.056604
1533.056604
1533.056604
1533.056604
1533.056604
1533.056604
1533.056604
1533.056604
1533.056604
1533.056604
1533.056604
1533.056604
1533.056604
1533.056604
1533.056604
1530.09434
1530.09434
1530.09434
1530.09434
1530.09434
1530.09434
1530.09434
1530.09434
1530.09434
1530.09434
1530.09434
1530.09434
1530.09434
1530.09434
1530.09434
1530.09434
1530.09434
1530.09434
1530.09434
1530.09434
1530.09434
1530.09434
1530.09434
1530.09434
1530.09434
1530.09434
1530.09434
1530.09434
1530.09434
1530.09434
1530.09434
1530.09434
1530.09434
1530.09434
1530.09434
1530.09434
1530.09434
1530.09434
1530.09434
1530.09434
1530.09434
1530.09434
1530.09434
1530.09434
1530.09434
1530.09434
1530.09434
1530.09434
1530.09434
1530.09434
1527.132075
1527.132075
1527.132075
1527.132075
1527.132075
1527.132075
1527.132075
1527.132075
1527.132075
1527.132075
1527.132075
1527.132075
1527.132075
1527.132075
1527.132075
1527.132075
1527.132075
1527.132075
1527.132075
1527.132075
1527.132075
1527.132075
1527.132075
1527.132075
1527.132075
1527.132075
1527.132075
1527.132075
1527.132075
1527.132075
1527.132075
1527.132075
1527.132075
1527.132075
1527.132075
1527.132075
1527.132075
1527.132075
1527.132075
1527.132075
1527.132075
1527.132075
1527.132075
1527.132075
1527.132075
1527.132075
1527.132075
1527.132075
1527.132075
1527.132075
1524.169811
1524.169811
1524.169811
1524.169811
1524.169811
1524.169811
1524.169811
1524.169811
1524.169811
1524.169811
1524.169811
1524.169811
1524.169811
1524.169811
1524.169811
1524.169811
1524.169811
1524.169811
1524.169811
1524.169811
1524.169811
1524.169811
1524.169811
1524.169811
1524.169811
1524.169811
1524.169811
1524.169811
1524.169811
1524.169811
1524.169811
1524.169811
1524.169811
1524.169811
1524.169811
1524.169811
1524.169811
1524.169811
1524.169811
1524.169811
1524.169811
1524.169811
1524.169811
1524.169811
1524.169811
1524.169811
1524.169811
1524.169811
1524.169811
1524.169811
1521.207547
1521.207547
1521.207547
1521.207547
1521.207547
1521.207547
1521.207547
1521.207547
1521.207547
1521.207547
1521.207547
1521.207547
1521.207547
1521.207547
1521.207547
1521.207547
1521.207547
1521.207547
1521.207547
1521.207547
1521.207547
1521.207547
1521.207547
1521.207547
1521.207547
1521.207547
1521.207547
1521.207547
1521.207547
1521.207547
1521.207547
1521.207547
1521.207547
1521.207547
1521.207547
1521.207547
1521.207547
1521.207547
1521.207547
1521.207547
1521.207547
1521.207547
1521.207547
1521.207547
1521.207547
1521.207547
1521.207547
1521.207547
1521.207547
1521.207547
1518.245283
1518.245283
1518.245283
1518.245283
1518.245283
1518.245283
1518.245283
1518.245283
1518.245283
1518.245283
1518.245283
1518.245283
1518.245283
1518.245283
1518.245283
1518.245283
1518.245283
1518.245283
1518.245283
1518.245283
1518.245283
1518.245283
1518.245283
1518.245283
1518.245283
1518.245283
1518.245283
1518.245283
1518.245283
1518.245283
1518.245283
1518.245283
1518.245283
1518.245283
1518.245283
1518.245283
1518.245283
1518.245283
1518.245283
1518.245283
1518.245283
1518.245283
1518.245283
1518.245283
1518.245283
1518.245283
1518.245283
1518.245283
1518.245283
1518.245283
1515.283019
1515.283019
1515.283019
1515.283019
1515.283019
1515.283019
1515.283019
1515.283019
1515.283019
1515.283019
1515.283019
1515.283019
1515.283019
1515.283019
1515.283019
1515.283019
1515.283019
1515.283019
1515.283019
1515.283019
1515.283019
1515.283019
1515.283019
1515.283019
1515.283019
1515.283019
1515.283019
1515.283019
1515.283019
1515.283019
1515.283019
1515.283019
1515.283019
1515.283019
1515.283019
1515.283019
1515.283019
1515.283019
1515.283019
1515.283019
1515.283019
1515.283019
1515.283019
1515.283019
1515.283019
1515.283019
1515.283019
1515.283019
1515.283019
1515.283019
1512.320755
1512.320755
1512.320755
1512.320755
1512.320755
1512.320755
1512.320755
1512.320755
1512.320755
1512.320755
1512.320755
1512.320755
1512.320755
1512.320755
1512.320755
1512.320755
1512.320755
1512.320755
1512.320755
1512.320755
1512.320755
1512.320755
1512.320755
1512.320755
1512.320755
1512.320755
1512.320755
1512.320755
1512.320755
1512.320755
1512.320755
1512.320755
1512.320755
1512.320755
1512.320755
1512.320755
1512.320755
1512.320755
1512.320755
1512.320755
1512.320755
1512.320755
1512.320755
1512.320755
1512.320755
1512.320755
1512.320755
1512.320755
1512.320755
1512.320755
1509.358491
1509.358491
1509.358491
1509.358491
1509.358491
1509.358491
1509.358491
1509.358491
1509.358491
1509.358491
1509.358491
1509.358491
1509.358491
1509.358491
1509.358491
1509.358491
1509.358491
1509.358491
1509.358491
1509.358491
1509.358491
1509.358491
1509.358491
1509.358491
1509.358491
1509.358491
1509.358491
1509.358491
1509.358491
1509.358491
1509.358491
1509.358491
1509.358491
1509.358491
1509.358491
1509.358491
1509.358491
1509.358491
1509.358491
1509.358491
1509.358491
1509.358491
1509.358491
1509.358491
1509.358491
1509.358491
1509.358491
1509.358491
1509.358491
1509.358491
1506.396226
1506.396226
1506.396226
1506.396226
1506.396226
1506.396226
1506.396226
1506.396226
1506.396226
1506.396226
1506.396226
1506.396226
1506.396226
1506.396226
1506.396226
1506.396226
1506.396226
1506.396226
1506.396226
1506.396226
1506.396226
1506.396226
1506.396226
1506.396226
1506.396226
1506.396226
1506.396226
1506.396226
1506.396226
1506.396226
1506.396226
1506.396226
1506.396226
1506.396226
1506.396226
1506.396226
1506.396226
1506.396226
1506.396226
1506.396226
1506.396226
1506.396226
1506.396226
1506.396226
1506.396226
1506.396226
1506.396226
1506.396226
1506.396226
1506.396226
1503.433962
1503.433962
1503.433962
1503.433962
1503.433962
1503.433962
1503.433962
1503.433962
1503.433962
1503.433962
1503.433962
1503.433962
1503.433962
1503.433962
1503.433962
1503.433962
1503.433962
1503.433962
1503.433962
1503.433962
1503.433962
1503.433962
1503.433962
1503.433962
1503.433962
1503.433962
1503.433962
1503.433962
1503.433962
1503.433962
1503.433962
1503.433962
1503.433962
1503.433962
1503.433962
1503.433962
1503.433962
1503.433962
1503.433962
1503.433962
1503.433962
1503.433962
1503.433962
1503.433962
1503.433962
1503.433962
1503.433962
1503.433962
1503.433962
1503.433962
1500.471698
1500.471698
1500.471698
1500.471698
1500.471698
1500.471698
1500.471698
1500.471698
1500.471698
1500.471698
1500.471698
1500.471698
1500.471698
1500.471698
1500.471698
1500.471698
1500.471698
1500.471698
1500.471698
1500.471698
1500.471698
1500.471698
1500.471698
1500.471698
1500.471698
1500.471698
1500.471698
1500.471698
1500.471698
1500.471698
1500.471698
1500.471698
1500.471698
1500.471698
1500.471698
1500.471698
1500.471698
1500.471698
1500.471698
1500.471698
1500.471698
1500.471698
1500.471698
1500.471698
1500.471698
1500.471698
1500.471698
1500.471698
1500.471698
1500.471698
1497.509434
1497.509434
1497.509434
1497.509434
1497.509434
1497.509434
1497.509434
1497.509434
1497.509434
1497.509434
1497.509434
1497.509434
1497.509434
1497.509434
1497.509434
1497.509434
1497.509434
1497.509434
1497.509434
1497.509434
1497.509434
1497.509434
1497.509434
1497.509434
1497.509434
1497.509434
1497.509434
1497.509434
1497.509434
1497.509434
1497.509434
1497.509434
1497.509434
1497.509434
1497.509434
1497.509434
1497.509434
1497.509434
1497.509434
1497.509434
1497.509434
1497.509434
1497.509434
1497.509434
1497.509434
1497.509434
1497.509434
1497.509434
1497.509434
1497.509434
1494.54717
1494.54717
1494.54717
1494.54717
1494.54717
1494.54717
1494.54717
1494.54717
1494.54717
1494.54717
1494.54717
1494.54717
1494.54717
1494.54717
1494.54717
1494.54717
1494.54717
1494.54717
1494.54717
1494.54717
1494.54717
1494.54717
1494.54717
1494.54717
1494.54717
1494.54717
1494.54717
1494.54717
1494.54717
1494.54717
1494.54717
1494.54717
1494.54717
1494.54717
1494.54717
1494.54717
1494.54717
1494.54717
1494.54717
1494.54717
1494.54717
1494.54717
1494.54717
1494.54717
1494.54717
1494.54717
1494.54717
1494.54717
1494.54717
1494.54717
1491.584906
1491.584906
1491.584906
1491.584906
1491.584906
1491.584906
1491.584906
1491.584906
1491.584906
1491.584906
1491.584906
1491.584906
1491.584906
1491.584906
1491.584906
1491.584906
1491.584906
1491.584906
1491.584906
1491.584906
1491.584906
1491.584906
1491.584906
1491.584906
1491.584906
1491.584906
1491.584906
1491.584906
1491.584906
1491.584906
1491.584906
1491.584906
1491.584906
1491.584906
1491.584906
1491.584906
1491.584906
1491.584906
1491.584906
1491.584906
1491.584906
1491.584906
1491.584906
1491.584906
1491.584906
1491.584906
1491.584906
1491.584906
1491.584906
1491.584906
1488.622642
1488.622642
1488.622642
1488.622642
1488.622642
1488.622642
1488.622642
1488.622642
1488.622642
1488.622642
1488.622642
1488.622642
1488.622642
1488.622642
1488.622642
1488.622642
1488.622642
1488.622642
1488.622642
1488.622642
1488.622642
1488.622642
1488.622642
1488.622642
1488.622642
1488.622642
1488.622642
1488.622642
1488.622642
1488.622642
1488.622642
1488.622642
1488.622642
1488.622642
1488.622642
1488.622642
1488.622642
1488.622642
1488.622642
1488.622642
1488.622642
1488.622642
1488.622642
1488.622642
1488.622642
1488.622642
1488.622642
1488.622642
1488.622642
1488.622642
1485.660377
1485.660377
1485.660377
1485.660377
1485.660377
1485.660377
1485.660377
1485.660377
1485.660377
1485.660377
1485.660377
1485.660377
1485.660377
1485.660377
1485.660377
1485.660377
1485.660377
1485.660377
1485.660377
1485.660377
1485.660377
1485.660377
1485.660377
1485.660377
1485.660377
1485.660377
1485.660377
1485.660377
1485.660377
1485.660377
1485.660377
1485.660377
1485.660377
1485.660377
1485.660377
1485.660377
1485.660377
1485.660377
1485.660377
1485.660377
1485.660377
1485.660377
1485.660377
1485.660377
1485.660377
1485.660377
1485.660377
1485.660377
1485.660377
1485.660377
1482.698113
1482.698113
1482.698113
1482.698113
1482.698113
1482.698113
1482.698113
1482.698113
1482.698113
1482.698113
1482.698113
1482.698113
1482.698113
1482.698113
1482.698113
1482.698113
1482.698113
1482.698113
1482.698113
1482.698113
1482.698113
1482.698113
1482.698113
1482.698113
1482.698113
1482.698113
1482.698113
1482.698113
1482.698113
1482.698113
1482.698113
1482.698113
1482.698113
1482.698113
1482.698113
1482.698113
1482.698113
1482.698113
1482.698113
1482.698113
1482.698113
1482.698113
1482.698113
1482.698113
1482.698113
1482.698113
1482.698113
1482.698113
1482.698113
1482.698113
1479.735849
1479.735849
1479.735849
1479.735849
1479.735849
1479.735849
1479.735849
1479.735849
1479.735849
1479.735849
1479.735849
1479.735849
1479.735849
1479.735849
1479.735849
1479.735849
1479.735849
1479.735849
1479.735849
1479.735849
1479.735849
1479.735849
1479.735849
1479.735849
1479.735849
1479.735849
1479.735849
1479.735849
1479.735849
1479.735849
1479.735849
1479.735849
1479.735849
1479.735849
1479.735849
1479.735849
1479.735849
1479.735849
1479.735849
1479.735849
1479.735849
1479.735849
1479.735849
1479.735849
1479.735849
1479.735849
1479.735849
1479.735849
1479.735849
1479.735849
1476.773585
1476.773585
1476.773585
1476.773585
1476.773585
1476.773585
1476.773585
1476.773585
1476.773585
1476.773585
1476.773585
1476.773585
1476.773585
1476.773585
1476.773585
1476.773585
1476.773585
1476.773585
1476.773585
1476.773585
1476.773585
1476.773585
1476.773585
1476.773585
1476.773585
1476.773585
1476.773585
1476.773585
1476.773585
1476.773585
1476.773585
1476.773585
1476.773585
1476.773585
1476.773585
1476.773585
1476.773585
1476.773585
1476.773585
1476.773585
1476.773585
1476.773585
1476.773585
1476.773585
1476.773585
1476.773585
1476.773585
1476.773585
1476.773585
1476.773585
1473.811321
1473.811321
1473.811321
1473.811321
1473.811321
1473.811321
1473.811321
1473.811321
1473.811321
1473.811321
1473.811321
1473.811321
1473.811321
1473.811321
1473.811321
1473.811321
1473.811321
1473.811321
1473.811321
1473.811321
1473.811321
1473.811321
1473.811321
1473.811321
1473.811321
1473.811321
1473.811321
1473.811321
1473.811321
1473.811321
1473.811321
1473.811321
1473.811321
1473.811321
1473.811321
1473.811321
1473.811321
1473.811321
1473.811321
1473.811321
1473.811321
1473.811321
1473.811321
1473.811321
1473.811321
1473.811321
1473.811321
1473.811321
1473.811321
1473.811321
1470.849057
1470.849057
1470.849057
1470.849057
1470.849057
1470.849057
1470.849057
1470.849057
1470.849057
1470.849057
1470.849057
1470.849057
1470.849057
1470.849057
1470.849057
1470.849057
1470.849057
1470.849057
1470.849057
1470.849057
1470.849057
1470.849057
1470.849057
1470.849057
1470.849057
1470.849057
1470.849057
1470.849057
1470.849057
1470.849057
1470.849057
1470.849057
1470.849057
1470.849057
1470.849057
1470.849057
1470.849057
1470.849057
1470.849057
1470.849057
1470.849057
1470.849057
1470.849057
1470.849057
1470.849057
1470.849057
1470.849057
1470.849057
1470.849057
1470.849057
1467.886792
1467.886792
1467.886792
1467.886792
1467.886792
1467.886792
1467.886792
1467.886792
1467.886792
1467.886792
1467.886792
1467.886792
1467.886792
1467.886792
1467.886792
1467.886792
1467.886792
1467.886792
1467.886792
1467.886792
1467.886792
1467.886792
1467.886792
1467.886792
1467.886792
1467.886792
1467.886792
1467.886792
1467.886792
1467.886792
1467.886792
1467.886792
1467.886792
1467.886792
1467.886792
1467.886792
1467.886792
1467.886792
1467.886792
1467.886792
1467.886792
1467.886792
1467.886792
1467.886792
1467.886792
1467.886792
1467.886792
1467.886792
1467.886792
1467.886792
1464.924528
1464.924528
1464.924528
1464.924528
1464.924528
1464.924528
1464.924528
1464.924528
1464.924528
1464.924528
1464.924528
1464.924528
1464.924528
1464.924528
1464.924528
1464.924528
1464.924528
1464.924528
1464.924528
1464.924528
1464.924528
1464.924528
1464.924528
1464.924528
1464.924528
1464.924528
1464.924528
1464.924528
1464.924528
1464.924528
1464.924528
1464.924528
1464.924528
1464.924528
1464.924528
1464.924528
1464.924528
1464.924528
1464.924528
1464.924528
1464.924528
1464.924528
1464.924528
1464.924528
1464.924528
1464.924528
1464.924528
1464.924528
1464.924528
1464.924528
1461.962264
1461.962264
1461.962264
1461.962264
1461.962264
1461.962264
1461.962264
1461.962264
1461.962264
1461.962264
1461.962264
1461.962264
1461.962264
1461.962264
1461.962264
1461.962264
1461.962264
1461.962264
1461.962264
1461.962264
1461.962264
1461.962264
1461.962264
1461.962264
1461.962264
1461.962264
1461.962264
1461.962264
1461.962264
1461.962264
1461.962264
1461.962264
1461.962264
1461.962264
1461.962264
1461.962264
1461.962264
1461.962264
1461.962264
1461.962264
1461.962264
1461.962264
1461.962264
1461.962264
1461.962264
1461.962264
1461.962264
1461.962264
1461.962264
1461.962264
1459
1459
1459
1459
1459
1459
1459
1459
1459
1459
1459
1459
1459
1459
1459
1459
1459
1459
1459
1459
1459
1459
1459
1459
1459
1459
1459
1459
1459
1459
1459
1459
1459
1459
1459
1459
1459
1459
1459
1459
1459
1459
1459
1459
1459
1459
1459
1459
1459
1459
1456.037736
1456.037736
1456.037736
1456.037736
1456.037736
1456.037736
1456.037736
1456.037736
1456.037736
1456.037736
1456.037736
1456.037736
1456.037736
1456.037736
1456.037736
1456.037736
1456.037736
1456.037736
1456.037736
1456.037736
1456.037736
1456.037736
1456.037736
1456.037736
1456.037736
1456.037736
1456.037736
1456.037736
1456.037736
1456.037736
1456.037736
1456.037736
1456.037736
1456.037736
1456.037736
1456.037736
1456.037736
1456.037736
1456.037736
1456.037736
1456.037736
1456.037736
1456.037736
1456.037736
1456.037736
1456.037736
1456.037736
1456.037736
1456.037736
1456.037736
1453.075472
1453.075472
1453.075472
1453.075472
1453.075472
1453.075472
1453.075472
1453.075472
1453.075472
1453.075472
1453.075472
1453.075472
1453.075472
1453.075472
1453.075472
1453.075472
1453.075472
1453.075472
1453.075472
1453.075472
1453.075472
1453.075472
1453.075472
1453.075472
1453.075472
1453.075472
1453.075472
1453.075472
1453.075472
1453.075472
1453.075472
1453.075472
1453.075472
1453.075472
1453.075472
1453.075472
1453.075472
1453.075472
1453.075472
1453.075472
1453.075472
1453.075472
1453.075472
1453.075472
1453.075472
1453.075472
1453.075472
1453.075472
1453.075472
1453.075472
1450.113208
1450.113208
1450.113208
1450.113208
1450.113208
1450.113208
1450.113208
1450.113208
1450.113208
1450.113208
1450.113208
1450.113208
1450.113208
1450.113208
1450.113208
1450.113208
1450.113208
1450.113208
1450.113208
1450.113208
1450.113208
1450.113208
1450.113208
1450.113208
1450.113208
1450.113208
1450.113208
1450.113208
1450.113208
1450.113208
1450.113208
1450.113208
1450.113208
1450.113208
1450.113208
1450.113208
1450.113208
1450.113208
1450.113208
1450.113208
1450.113208
1450.113208
1450.113208
1450.113208
1450.113208
1450.113208
1450.113208
1450.113208
1450.113208
1450.113208
1447.150943
1447.150943
1447.150943
1447.150943
1447.150943
1447.150943
1447.150943
1447.150943
1447.150943
1447.150943
1447.150943
1447.150943
1447.150943
1447.150943
1447.150943
1447.150943
1447.150943
1447.150943
1447.150943
1447.150943
1447.150943
1447.150943
1447.150943
1447.150943
1447.150943
1447.150943
1447.150943
1447.150943
1447.150943
1447.150943
1447.150943
1447.150943
1447.150943
1447.150943
1447.150943
1447.150943
1447.150943
1447.150943
1447.150943
1447.150943
1447.150943
1447.150943
1447.150943
1447.150943
1447.150943
1447.150943
1447.150943
1447.150943
1447.150943
1447.150943
1444.188679
1444.188679
1444.188679
1444.188679
1444.188679
1444.188679
1444.188679
1444.188679
1444.188679
1444.188679
1444.188679
1444.188679
1444.188679
1444.188679
1444.188679
1444.188679
1444.188679
1444.188679
1444.188679
1444.188679
1444.188679
1444.188679
1444.188679
1444.188679
1444.188679
1444.188679
1444.188679
1444.188679
1444.188679
1444.188679
1444.188679
1444.188679
1444.188679
1444.188679
1444.188679
1444.188679
1444.188679
1444.188679
1444.188679
1444.188679
1444.188679
1444.188679
1444.188679
1444.188679
1444.188679
1444.188679
1444.188679
1444.188679
1444.188679
1444.188679
1441.226415
1441.226415
1441.226415
1441.226415
1441.226415
1441.226415
1441.226415
1441.226415
1441.226415
1441.226415
1441.226415
1441.226415
1441.226415
1441.226415
1441.226415
1441.226415
1441.226415
1441.226415
1441.226415
1441.226415
1441.226415
1441.226415
1441.226415
1441.226415
1441.226415
1441.226415
1441.226415
1441.226415
1441.226415
1441.226415
1441.226415
1441.226415
1441.226415
1441.226415
1441.226415
1441.226415
1441.226415
1441.226415
1441.226415
1441.226415
1441.226415
1441.226415
1441.226415
1441.226415
1441.226415
1441.226415
1441.226415
1441.226415
1441.226415
1441.226415
1438.264151
1438.264151
1438.264151
1438.264151
1438.264151
1438.264151
1438.264151
1438.264151
1438.264151
1438.264151
1438.264151
1438.264151
1438.264151
1438.264151
1438.264151
1438.264151
1438.264151
1438.264151
1438.264151
1438.264151
1438.264151
1438.264151
1438.264151
1438.264151
1438.264151
1438.264151
1438.264151
1438.264151
1438.264151
1438.264151
1438.264151
1438.264151
1438.264151
1438.264151
1438.264151
1438.264151
1438.264151
1438.264151
1438.264151
1438.264151
1438.264151
1438.264151
1438.264151
1438.264151
1438.264151
1438.264151
1438.264151
1438.264151
1438.264151
1438.264151
1435.301887
1435.301887
1435.301887
1435.301887
1435.301887
1435.301887
1435.301887
1435.301887
1435.301887
1435.301887
1435.301887
1435.301887
1435.301887
1435.301887
1435.301887
1435.301887
1435.301887
1435.301887
1435.301887
1435.301887
1435.301887
1435.301887
1435.301887
1435.301887
1435.301887
1435.301887
1435.301887
1435.301887
1435.301887
1435.301887
1435.301887
1435.301887
1435.301887
1435.301887
1435.301887
1435.301887
1435.301887
1435.301887
1435.301887
1435.301887
1435.301887
1435.301887
1435.301887
1435.301887
1435.301887
1435.301887
1435.301887
1435.301887
1435.301887
1435.301887
1432.339623
1432.339623
1432.339623
1432.339623
1432.339623
1432.339623
1432.339623
1432.339623
1432.339623
1432.339623
1432.339623
1432.339623
1432.339623
1432.339623
1432.339623
1432.339623
1432.339623
1432.339623
1432.339623
1432.339623
1432.339623
1432.339623
1432.339623
1432.339623
1432.339623
1432.339623
1432.339623
1432.339623
1432.339623
1432.339623
1432.339623
1432.339623
1432.339623
1432.339623
1432.339623
1432.339623
1432.339623
1432.339623
1432.339623
1432.339623
1432.339623
1432.339623
1432.339623
1432.339623
1432.339623
1432.339623
1432.339623
1432.339623
1432.339623
1432.339623
1429.377358
1429.377358
1429.377358
1429.377358
1429.377358
1429.377358
1429.377358
1429.377358
1429.377358
1429.377358
1429.377358
1429.377358
1429.377358
1429.377358
1429.377358
1429.377358
1429.377358
1429.377358
1429.377358
1429.377358
1429.377358
1429.377358
1429.377358
1429.377358
1429.377358
1429.377358
1429.377358
1429.377358
1429.377358
1429.377358
1429.377358
1429.377358
1429.377358
1429.377358
1429.377358
1429.377358
1429.377358
1429.377358
1429.377358
1429.377358
1429.377358
1429.377358
1429.377358
1429.377358
1429.377358
1429.377358
1429.377358
1429.377358
1429.377358
1429.377358
1426.415094
1426.415094
1426.415094
1426.415094
1426.415094
1426.415094
1426.415094
1426.415094
1426.415094
1426.415094
1426.415094
1426.415094
1426.415094
1426.415094
1426.415094
1426.415094
1426.415094
1426.415094
1426.415094
1426.415094
1426.415094
1426.415094
1426.415094
1426.415094
1426.415094
1426.415094
1426.415094
1426.415094
1426.415094
1426.415094
1426.415094
1426.415094
1426.415094
1426.415094
1426.415094
1426.415094
1426.415094
1426.415094
1426.415094
1426.415094
1426.415094
1426.415094
1426.415094
1426.415094
1426.415094
1426.415094
1426.415094
1426.415094
1426.415094
1426.415094
1423.45283
1423.45283
1423.45283
1423.45283
1423.45283
1423.45283
1423.45283
1423.45283
1423.45283
1423.45283
1423.45283
1423.45283
1423.45283
1423.45283
1423.45283
1423.45283
1423.45283
1423.45283
1423.45283
1423.45283
1423.45283
1423.45283
1423.45283
1423.45283
1423.45283
1423.45283
1423.45283
1423.45283
1423.45283
1423.45283
1423.45283
1423.45283
1423.45283
1423.45283
1423.45283
1423.45283
1423.45283
1423.45283
1423.45283
1423.45283
1423.45283
1423.45283
1423.45283
1423.45283
1423.45283
1423.45283
1423.45283
1423.45283
1423.45283
1423.45283
1420.490566
1420.490566
1420.490566
1420.490566
1420.490566
1420.490566
1420.490566
1420.490566
1420.490566
1420.490566
1420.490566
1420.490566
1420.490566
1420.490566
1420.490566
1420.490566
1420.490566
1420.490566
1420.490566
1420.490566
1420.490566
1420.490566
1420.490566
1420.490566
1420.490566
1420.490566
1420.490566
1420.490566
1420.490566
1420.490566
1420.490566
1420.490566
1420.490566
1420.490566
1420.490566
1420.490566
1420.490566
1420.490566
1420.490566
1420.490566
1420.490566
1420.490566
1420.490566
1420.490566
1420.490566
1420.490566
1420.490566
1420.490566
1420.490566
1420.490566
1417.528302
1417.528302
1417.528302
1417.528302
1417.528302
1417.528302
1417.528302
1417.528302
1417.528302
1417.528302
1417.528302
1417.528302
1417.528302
1417.528302
1417.528302
1417.528302
1417.528302
1417.528302
1417.528302
1417.528302
1417.528302
1417.528302
1417.528302
1417.528302
1417.528302
1417.528302
1417.528302
1417.528302
1417.528302
1417.528302
1417.528302
1417.528302
1417.528302
1417.528302
1417.528302
1417.528302
1417.528302
1417.528302
1417.528302
1417.528302
1417.528302
1417.528302
1417.528302
1417.528302
1417.528302
1417.528302
1417.528302
1417.528302
1417.528302
1417.528302
1414.566038
1414.566038
1414.566038
1414.566038
1414.566038
1414.566038
1414.566038
1414.566038
1414.566038
1414.566038
1414.566038
1414.566038
1414.566038
1414.566038
1414.566038
1414.566038
1414.566038
1414.566038
1414.566038
1414.566038
1414.566038
1414.566038
1414.566038
1414.566038
1414.566038
1414.566038
1414.566038
1414.566038
1414.566038
1414.566038
1414.566038
1414.566038
1414.566038
1414.566038
1414.566038
1414.566038
1414.566038
1414.566038
1414.566038
1414.566038
1414.566038
1414.566038
1414.566038
1414.566038
1414.566038
1414.566038
1414.566038
1414.566038
1414.566038
1414.566038
1411.603774
1411.603774
1411.603774
1411.603774
1411.603774
1411.603774
1411.603774
1411.603774
1411.603774
1411.603774
1411.603774
1411.603774
1411.603774
1411.603774
1411.603774
1411.603774
1411.603774
1411.603774
1411.603774
1411.603774
1411.603774
1411.603774
1411.603774
1411.603774
1411.603774
1411.603774
1411.603774
1411.603774
1411.603774
1411.603774
1411.603774
1411.603774
1411.603774
1411.603774
1411.603774
1411.603774
1411.603774
1411.603774
1411.603774
1411.603774
1411.603774
1411.603774
1411.603774
1411.603774
1411.603774
1411.603774
1411.603774
1411.603774
1411.603774
1411.603774
1408.641509
1408.641509
1408.641509
1408.641509
1408.641509
1408.641509
1408.641509
1408.641509
1408.641509
1408.641509
1408.641509
1408.641509
1408.641509
1408.641509
1408.641509
1408.641509
1408.641509
1408.641509
1408.641509
1408.641509
1408.641509
1408.641509
1408.641509
1408.641509
1408.641509
1408.641509
1408.641509
1408.641509
1408.641509
1408.641509
1408.641509
1408.641509
1408.641509
1408.641509
1408.641509
1408.641509
1408.641509
1408.641509
1408.641509
1408.641509
1408.641509
1408.641509
1408.641509
1408.641509
1408.641509
1408.641509
1408.641509
1408.641509
1408.641509
1408.641509
1405.679245
1405.679245
1405.679245
1405.679245
1405.679245
1405.679245
1405.679245
1405.679245
1405.679245
1405.679245
1405.679245
1405.679245
1405.679245
1405.679245
1405.679245
1405.679245
1405.679245
1405.679245
1405.679245
1405.679245
1405.679245
1405.679245
1405.679245
1405.679245
1405.679245
1405.679245
1405.679245
1405.679245
1405.679245
1405.679245
1405.679245
1405.679245
1405.679245
1405.679245
1405.679245
1405.679245
1405.679245
1405.679245
1405.679245
1405.679245
1405.679245
1405.679245
1405.679245
1405.679245
1405.679245
1405.679245
1405.679245
1405.679245
1405.679245
1405.679245
1402.716981
1402.716981
1402.716981
1402.716981
1402.716981
1402.716981
1402.716981
1402.716981
1402.716981
1402.716981
1402.716981
1402.716981
1402.716981
1402.716981
1402.716981
1402.716981
1402.716981
1402.716981
1402.716981
1402.716981
1402.716981
1402.716981
1402.716981
1402.716981
1402.716981
1402.716981
1402.716981
1402.716981
1402.716981
1402.716981
1402.716981
1402.716981
1402.716981
1402.716981
1402.716981
1402.716981
1402.716981
1402.716981
1402.716981
1402.716981
1402.716981
1402.716981
1402.716981
1402.716981
1402.716981
1402.716981
1402.716981
1402.716981
1402.716981
1402.716981
1399.754717
1399.754717
1399.754717
1399.754717
1399.754717
1399.754717
1399.754717
1399.754717
1399.754717
1399.754717
1399.754717
1399.754717
1399.754717
1399.754717
1399.754717
1399.754717
1399.754717
1399.754717
1399.754717
1399.754717
1399.754717
1399.754717
1399.754717
1399.754717
1399.754717
1399.754717
1399.754717
1399.754717
1399.754717
1399.754717
1399.754717
1399.754717
1399.754717
1399.754717
1399.754717
1399.754717
1399.754717
1399.754717
1399.754717
1399.754717
1399.754717
1399.754717
1399.754717
1399.754717
1399.754717
1399.754717
1399.754717
1399.754717
1399.754717
1399.754717
1396.792453
1396.792453
1396.792453
1396.792453
1396.792453
1396.792453
1396.792453
1396.792453
1396.792453
1396.792453
1396.792453
1396.792453
1396.792453
1396.792453
1396.792453
1396.792453
1396.792453
1396.792453
1396.792453
1396.792453
1396.792453
1396.792453
1396.792453
1396.792453
1396.792453
1396.792453
1396.792453
1396.792453
1396.792453
1396.792453
1396.792453
1396.792453
1396.792453
1396.792453
1396.792453
1396.792453
1396.792453
1396.792453
1396.792453
1396.792453
1396.792453
1396.792453
1396.792453
1396.792453
1396.792453
1396.792453
1396.792453
1396.792453
1396.792453
1396.792453
1393.830189
1393.830189
1393.830189
1393.830189
1393.830189
1393.830189
1393.830189
1393.830189
1393.830189
1393.830189
1393.830189
1393.830189
1393.830189
1393.830189
1393.830189
1393.830189
1393.830189
1393.830189
1393.830189
1393.830189
1393.830189
1393.830189
1393.830189
1393.830189
1393.830189
1393.830189
1393.830189
1393.830189
1393.830189
1393.830189
1393.830189
1393.830189
1393.830189
1393.830189
1393.830189
1393.830189
1393.830189
1393.830189
1393.830189
1393.830189
1393.830189
1393.830189
1393.830189
1393.830189
1393.830189
1393.830189
1393.830189
1393.830189
1393.830189
1393.830189
1390.867925
1390.867925
1390.867925
1390.867925
1390.867925
1390.867925
1390.867925
1390.867925
1390.867925
1390.867925
1390.867925
1390.867925
1390.867925
1390.867925
1390.867925
1390.867925
1390.867925
1390.867925
1390.867925
1390.867925
1390.867925
1390.867925
1390.867925
1390.867925
1390.867925
1390.867925
1390.867925
1390.867925
1390.867925
1390.867925
1390.867925
1390.867925
1390.867925
1390.867925
1390.867925
1390.867925
1390.867925
1390.867925
1390.867925
1390.867925
1390.867925
1390.867925
1390.867925
1390.867925
1390.867925
1390.867925
1390.867925
1390.867925
1390.867925
1390.867925
1387.90566
1387.90566
1387.90566
1387.90566
1387.90566
1387.90566
1387.90566
1387.90566
1387.90566
1387.90566
1387.90566
1387.90566
1387.90566
1387.90566
1387.90566
1387.90566
1387.90566
1387.90566
1387.90566
1387.90566
1387.90566
1387.90566
1387.90566
1387.90566
1387.90566
1387.90566
1387.90566
1387.90566
1387.90566
1387.90566
1387.90566
1387.90566
1387.90566
1387.90566
1387.90566
1387.90566
1387.90566
1387.90566
1387.90566
1387.90566
1387.90566
1387.90566
1387.90566
1387.90566
1387.90566
1387.90566
1387.90566
1387.90566
1387.90566
1387.90566
1384.943396
1384.943396
1384.943396
1384.943396
1384.943396
1384.943396
1384.943396
1384.943396
1384.943396
1384.943396
1384.943396
1384.943396
1384.943396
1384.943396
1384.943396
1384.943396
1384.943396
1384.943396
1384.943396
1384.943396
1384.943396
1384.943396
1384.943396
1384.943396
1384.943396
1384.943396
1384.943396
1384.943396
1384.943396
1384.943396
1384.943396
1384.943396
1384.943396
1384.943396
1384.943396
1384.943396
1384.943396
1384.943396
1384.943396
1384.943396
1384.943396
1384.943396
1384.943396
1384.943396
1384.943396
1384.943396
1384.943396
1384.943396
1384.943396
1384.943396
1381.981132
1381.981132
1381.981132
1381.981132
1381.981132
1381.981132
1381.981132
1381.981132
1381.981132
1381.981132
1381.981132
1381.981132
1381.981132
1381.981132
1381.981132
1381.981132
1381.981132
1381.981132
1381.981132
1381.981132
1381.981132
1381.981132
1381.981132
1381.981132
1381.981132
1381.981132
1381.981132
1381.981132
1381.981132
1381.981132
1381.981132
1381.981132
1381.981132
1381.981132
1381.981132
1381.981132
1381.981132
1381.981132
1381.981132
1381.981132
1381.981132
1381.981132
1381.981132
1381.981132
1381.981132
1381.981132
1381.981132
1381.981132
1381.981132
1381.981132
1379.018868
1379.018868
1379.018868
1379.018868
1379.018868
1379.018868
1379.018868
1379.018868
1379.018868
1379.018868
1379.018868
1379.018868
1379.018868
1379.018868
1379.018868
1379.018868
1379.018868
1379.018868
1379.018868
1379.018868
1379.018868
1379.018868
1379.018868
1379.018868
1379.018868
1379.018868
1379.018868
1379.018868
1379.018868
1379.018868
1379.018868
1379.018868
1379.018868
1379.018868
1379.018868
1379.018868
1379.018868
1379.018868
1379.018868
1379.018868
1379.018868
1379.018868
1379.018868
1379.018868
1379.018868
1379.018868
1379.018868
1379.018868
1379.018868
1379.018868
1376.056604
1376.056604
1376.056604
1376.056604
1376.056604
1376.056604
1376.056604
1376.056604
1376.056604
1376.056604
1376.056604
1376.056604
1376.056604
1376.056604
1376.056604
1376.056604
1376.056604
1376.056604
1376.056604
1376.056604
1376.056604
1376.056604
1376.056604
1376.056604
1376.056604
1376.056604
1376.056604
1376.056604
1376.056604
1376.056604
1376.056604
1376.056604
1376.056604
1376.056604
1376.056604
1376.056604
1376.056604
1376.056604
1376.056604
1376.056604
1376.056604
1376.056604
1376.056604
1376.056604
1376.056604
1376.056604
1376.056604
1376.056604
1376.056604
1376.056604
1373.09434
1373.09434
1373.09434
1373.09434
1373.09434
1373.09434
1373.09434
1373.09434
1373.09434
1373.09434
1373.09434
1373.09434
1373.09434
1373.09434
1373.09434
1373.09434
1373.09434
1373.09434
1373.09434
1373.09434
1373.09434
1373.09434
1373.09434
1373.09434
1373.09434
1373.09434
1373.09434
1373.09434
1373.09434
1373.09434
1373.09434
1373.09434
1373.09434
1373.09434
1373.09434
1373.09434
1373.09434
1373.09434
1373.09434
1373.09434
1373.09434
1373.09434
1373.09434
1373.09434
1373.09434
1373.09434
1373.09434
1373.09434
1373.09434
1373.09434
1370.132076
1370.132076
1370.132076
1370.132076
1370.132076
1370.132076
1370.132076
1370.132076
1370.132076
1370.132076
1370.132076
1370.132076
1370.132076
1370.132076
1370.132076
1370.132076
1370.132076
1370.132076
1370.132076
1370.132076
1370.132076
1370.132076
1370.132076
1370.132076
1370.132076
1370.132076
1370.132076
1370.132076
1370.132076
1370.132076
1370.132076
1370.132076
1370.132076
1370.132076
1370.132076
1370.132076
1370.132076
1370.132076
1370.132076
1370.132076
1370.132076
1370.132075
1370.132075
1370.132075
1370.132075
1370.132075
1370.132075
1370.132075
1370.132075
1370.132075
1367.169813
1367.169813
1367.169813
1367.169813
1367.169813
1367.169813
1367.169813
1367.169813
1367.169813
1367.169813
1367.169813
1367.169813
1367.169813
1367.169813
1367.169813
1367.169813
1367.169813
1367.169813
1367.169813
1367.169813
1367.169813
1367.169813
1367.169813
1367.169813
1367.169813
1367.169812
1367.169812
1367.169812
1367.169812
1367.169812
1367.169812
1367.169812
1367.169812
1367.169812
1367.169812
1367.169812
1367.169812
1367.169812
1367.169812
1367.169812
1367.169812
1367.169812
1367.169811
1367.169811
1367.169811
1367.169811
1367.169811
1367.169811
1367.169811
1367.169811
1364.207551
1364.207551
1364.207551
1364.207551
1364.207551
1364.207551
1364.207551
1364.207551
1364.207551
1364.207551
1364.207551
1364.207551
1364.207551
1364.207551
1364.207551
1364.207551
1364.20755
1364.20755
1364.20755
1364.20755
1364.20755
1364.20755
1364.20755
1364.20755
1364.20755
1364.20755
1364.20755
1364.207549
1364.207549
1364.207549
1364.207549
1364.207549
1364.207549
1364.207549
1364.207549
1364.207549
1364.207548
1364.207548
1364.207548
1364.207548
1364.207548
1364.207548
1364.207548
1364.207548
1364.207548
1364.207547
1364.207547
1364.207547
1364.207547
1364.207547
1361.245291
1361.245291
1361.245291
1361.245291
1361.245291
1361.245291
1361.245291
1361.245291
1361.245291
1361.245291
1361.245291
1361.245291
1361.24529
1361.24529
1361.24529
1361.24529
1361.24529
1361.24529
1361.24529
1361.245289
1361.245289
1361.245289
1361.245289
1361.245289
1361.245289
1361.245288
1361.245288
1361.245288
1361.245288
1361.245288
1361.245287
1361.245287
1361.245287
1361.245287
1361.245286
1361.245286
1361.245286
1361.245286
1361.245286
1361.245285
1361.245285
1361.245285
1361.245285
1361.245284
1361.245284
1361.245284
1361.245284
1361.245284
1361.245283
1361.245283
1358.283035
1358.283035
1358.283035
1358.283035
1358.283035
1358.283035
1358.283035
1358.283035
1358.283035
1358.283034
1358.283034
1358.283034
1358.283034
1358.283034
1358.283033
1358.283033
1358.283033
1358.283033
1358.283032
1358.283032
1358.283032
1358.283031
1358.283031
1358.28303
1358.28303
1358.28303
1358.283029
1358.283029
1358.283028
1358.283028
1358.283028
1358.283027
1358.283027
1358.283026
1358.283026
1358.283025
1358.283025
1358.283024
1358.283024
1358.283024
1358.283023
1358.283023
1358.283022
1358.283022
1358.283021
1358.283021
1358.28302
1358.28302
1358.28302
1358.283019
1355.320788
1355.320788
1355.320788
1355.320787
1355.320787
1355.320787
1355.320787
1355.320787
1355.320786
1355.320786
1355.320786
1355.320785
1355.320785
1355.320784
1355.320784
1355.320783
1355.320783
1355.320782
1355.320781
1355.320781
1355.32078
1355.320779
1355.320779
1355.320778
1355.320777
1355.320776
1355.320776
1355.320775
1355.320774
1355.320773
1355.320772
1355.320771
1355.320771
1355.32077
1355.320769
1355.320768
1355.320767
1355.320766
1355.320765
1355.320764
1355.320763
1355.320762
1355.320761
1355.320761
1355.32076
1355.320759
1355.320758
1355.320757
1355.320756
1355.320755
1352.358557
1352.358557
1352.358557
1352.358556
1352.358556
1352.358556
1352.358555
1352.358555
1352.358554
1352.358553
1352.358553
1352.358552
1352.358551
1352.35855
1352.358549
1352.358548
1352.358547
1352.358546
1352.358544
1352.358543
1352.358542
1352.35854
1352.358539
1352.358537
1352.358536
1352.358534
1352.358533
1352.358531
1352.358529
1352.358528
1352.358526
1352.358524
1352.358522
1352.35852
1352.358519
1352.358517
1352.358515
1352.358513
1352.358511
1352.358509
1352.358508
1352.358506
1352.358504
1352.358502
1352.3585
1352.358499
1352.358497
1352.358495
1352.358493
1352.358492
1349.396359
1349.396359
1349.396359
1349.396358
1349.396358
1349.396357
1349.396356
1349.396355
1349.396354
1349.396353
1349.396351
1349.396349
1349.396348
1349.396346
1349.396344
1349.396342
1349.396339
1349.396337
1349.396334
1349.396332
1349.396329
1349.396326
1349.396323
1349.39632
1349.396317
1349.396314
1349.396311
1349.396307
1349.396304
1349.3963
1349.396297
1349.396293
1349.39629
1349.396286
1349.396282
1349.396279
1349.396275
1349.396271
1349.396267
1349.396264
1349.39626
1349.396256
1349.396253
1349.396249
1349.396245
1349.396242
1349.396238
1349.396235
1349.396231
1349.396228
1346.434229
1346.434229
1346.434228
1346.434228
1346.434226
1346.434225
1346.434223
1346.434221
1346.434218
1346.434216
1346.434213
1346.434209
1346.434206
1346.434202
1346.434198
1346.434194
1346.434189
1346.434184
1346.434179
1346.434174
1346.434168
1346.434163
1346.434157
1346.434151
1346.434144
1346.434138
1346.434131
1346.434125
1346.434118
1346.434111
1346.434104
1346.434097
1346.434089
1346.434082
1346.434075
1346.434067
1346.43406
1346.434052
1346.434045
1346.434037
1346.43403
1346.434022
1346.434015
1346.434008
1346.434
1346.433993
1346.433986
1346.433979
1346.433972
1346.433965
1343.472235
1343.472235
1343.472233
1343.472232
1343.472229
1343.472226
1343.472222
1343.472218
1343.472213
1343.472208
1343.472202
1343.472195
1343.472188
1343.47218
1343.472172
1343.472163
1343.472154
1343.472144
1343.472134
1343.472124
1343.472113
1343.472101
1343.472089
1343.472077
1343.472064
1343.472052
1343.472038
1343.472025
1343.472011
1343.471997
1343.471983
1343.471969
1343.471954
1343.471939
1343.471924
1343.47191
1343.471895
1343.47188
1343.471865
1343.47185
1343.471835
1343.47182
1343.471805
1343.47179
1343.471775
1343.471761
1343.471746
1343.471732
1343.471718
1343.471705
1340.510513
1340.510512
1340.51051
1340.510506
1340.510501
1340.510495
1340.510488
1340.510479
1340.510469
1340.510458
1340.510446
1340.510433
1340.510419
1340.510403
1340.510387
1340.510369
1340.510351
1340.510331
1340.510311
1340.510289
1340.510267
1340.510244
1340.51022
1340.510196
1340.51017
1340.510144
1340.510118
1340.510091
1340.510063
1340.510035
1340.510007
1340.509978
1340.509948
1340.509919
1340.509889
1340.509859
1340.509829
1340.509799
1340.509769
1340.509738
1340.509708
1340.509678
1340.509648
1340.509619
1340.509589
1340.50956
1340.509531
1340.509503
1340.509475
1340.509447
1337.54934
1337.549337
1337.549333
1337.549325
1337.549315
1337.549303
1337.549288
1337.549271
1337.549251
1337.549229
1337.549204
1337.549178
1337.549149
1337.549118
1337.549085
1337.549049
1337.549012
1337.548973
1337.548932
1337.548889
1337.548844
1337.548798
1337.54875
1337.548701
1337.54865
1337.548598
1337.548545
1337.54849
1337.548435
1337.548378
1337.548321
1337.548263
1337.548204
1337.548145
1337.548085
1337.548025
1337.547964
1337.547903
1337.547843
1337.547782
1337.547721
1337.547661
1337.547601
1337.547541
1337.547482
1337.547423
1337.547366
1337.547308
1337.547252
1337.547197
1334.589267
1334.589263
1334.589253
1334.589238
1334.589218
1334.589193
1334.589163
1334.589128
1334.589089
1334.589044
1334.588995
1334.588942
1334.588884
1334.588821
1334.588755
1334.588684
1334.588609
1334.58853
1334.588448
1334.588361
1334.588272
1334.588179
1334.588082
1334.587983
1334.587881
1334.587777
1334.587669
1334.58756
1334.587448
1334.587335
1334.587219
1334.587103
1334.586984
1334.586865
1334.586745
1334.586624
1334.586502
1334.58638
1334.586258
1334.586136
1334.586014
1334.585893
1334.585772
1334.585652
1334.585533
1334.585415
1334.585299
1334.585184
1334.585071
1334.58496
1331.631407
1331.631398
1331.631379
1331.631348
1331.631308
1331.631258
1331.631198
1331.631128
1331.631049
1331.63096
1331.630861
1331.630754
1331.630637
1331.630512
1331.630378
1331.630235
1331.630085
1331.629926
1331.629761
1331.629587
1331.629407
1331.62922
1331.629027
1331.628828
1331.628623
1331.628412
1331.628197
1331.627977
1331.627752
1331.627524
1331.627292
1331.627058
1331.62682
1331.62658
1331.626338
1331.626095
1331.625851
1331.625605
1331.62536
1331.625115
1331.62487
1331.624626
1331.624383
1331.624142
1331.623903
1331.623666
1331.623432
1331.623202
1331.622974
1331.622751
1328.677994
1328.677976
1328.677936
1328.677876
1328.677795
1328.677694
1328.677574
1328.677433
1328.677274
1328.677095
1328.676897
1328.676681
1328.676447
1328.676195
1328.675926
1328.67564
1328.675338
1328.67502
1328.674686
1328.674338
1328.673976
1328.673601
1328.673212
1328.672812
1328.6724
1328.671977
1328.671544
1328.671102
1328.670651
1328.670192
1328.669727
1328.669255
1328.668777
1328.668295
1328.667809
1328.66732
1328.666829
1328.666336
1328.665842
1328.665349
1328.664856
1328.664366
1328.663878
1328.663393
1328.662912
1328.662436
1328.661966
1328.661502
1328.661046
1328.660597
1325.733509
1325.733472
1325.733393
1325.733272
1325.73311
1325.732908
1325.732666
1325.732385
1325.732064
1325.731705
1325.731309
1325.730875
1325.730405
1325.7299
1325.72936
1325.728786
1325.728179
1325.727541
1325.726872
1325.726173
1325.725446
1325.724692
1325.723913
1325.723108
1325.722281
1325.721432
1325.720562
1325.719674
1325.718768
1325.717847
1325.716911
1325.715963
1325.715003
1325.714034
1325.713057
1325.712074
1325.711086
1325.710096
1325.709103
1325.708111
1325.707121
1325.706135
1325.705153
1325.704178
1325.703212
1325.702255
1325.701309
1325.700376
1325.699457
1325.698554
1322.806932
1322.80686
1322.8067
1322.806458
1322.806134
1322.80573
1322.805246
1322.804683
1322.804042
1322.803324
1322.80253
1322.801662
1322.800721
1322.799709
1322.798627
1322.797478
1322.796262
1322.794983
1322.793643
1322.792242
1322.790785
1322.789274
1322.78771
1322.786097
1322.784437
1322.782733
1322.780988
1322.779205
1322.777387
1322.775537
1322.773657
1322.771752
1322.769825
1322.767878
1322.765914
1322.763938
1322.761952
1322.75996
1322.757964
1322.755969
1322.753977
1322.751993
1322.750018
1322.748056
1322.746111
1322.744185
1322.742282
1322.740404
1322.738555
1322.736738
1319.916185
1319.91604
1319.915723
1319.915241
1319.914597
1319.913793
1319.912829
1319.911708
1319.910432
1319.909002
1319.907421
1319.905692
1319.903817
1319.901799
1319.899642
1319.897349
1319.894924
1319.892371
1319.889694
1319.886898
1319.883986
1319.880965
1319.877838
1319.874611
1319.871289
1319.867878
1319.864383
1319.86081
1319.857166
1319.853455
1319.849685
1319.845861
1319.841991
1319.83808
1319.834135
1319.830162
1319.826169
1319.822161
1319.818146
1319.81413
1319.81012
1319.806123
1319.802145
1319.798193
1319.794273
1319.790391
1319.786555
1319.782769
1319.779041
1319.775377
1317.096724
1317.09644
1317.095816
1317.094868
1317.093602
1317.092019
1317.090123
1317.087916
1317.085403
1317.082586
1317.07947
1317.07606
1317.072361
1317.068379
1317.064119
1317.059587
1317.054792
1317.049739
1317.044437
1317.038894
1317.033119
1317.02712
1317.020907
1317.014489
1317.007878
1317.001082
1316.994114
1316.986984
1316.979704
1316.972285
1316.964741
1316.957082
1316.949323
1316.941475
1316.933552
1316.925568
1316.917535
1316.909468
1316.901379
1316.893284
1316.885195
1316.877126
1316.869092
1316.861105
1316.853181
1316.845331
1316.83757
1316.82991
1316.822366
1316.814948
1314.417433
1314.416888
1314.41569
1314.413872
1314.411441
1314.408402
1314.404759
1314.400517
1314.395682
1314.390259
1314.384255
1314.377679
1314.370537
1314.362839
1314.354595
1314.345815
1314.336511
1314.326694
1314.316377
1314.305575
1314.294301
1314.282571
1314.270401
1314.257809
1314.244812
1314.231428
1314.217678
1314.203581
1314.18916
1314.174436
1314.159431
1314.14417
1314.128677
1314.112978
1314.097098
1314.081063
1314.064902
1314.048641
1314.03231
1314.015937
1313.999552
1313.983184
1313.966864
1313.95062
1313.934485
1313.918487
1313.902656
1313.887023
1313.871617
1313.856466
1312.007011
1312.006018
1312.003833
1312.000516
1311.996077
1311.990523
1311.98386
1311.976093
1311.967229
1311.957274
1311.946236
1311.934123
1311.920945
1311.906711
1311.891434
1311.875126
1311.857799
1311.83947
1311.820153
1311.799867
1311.778629
1311.756461
1311.733384
1311.709422
1311.684598
1311.658941
1311.632479
1311.605243
1311.577266
1311.548582
1311.519229
1311.489245
1311.458675
1311.42756
1311.395949
1311.363892
1311.33144
1311.298648
1311.265575
1311.232281
1311.198828
1311.165284
1311.131716
1311.098196
1311.064796
1311.031591
1310.998659
1310.966076
1310.933921
1310.902273
1310.086957
1310.085316
1310.081707
1310.076222
1310.068878
1310.059678
1310.048626
1310.035721
1310.020965
1310.004357
1309.985896
1309.965583
1309.943416
1309.919397
1309.893525
1309.8658
1309.836224
1309.804798
1309.771524
1309.736405
1309.699446
1309.660651
1309.620027
1309.577582
1309.533326
1309.487271
1309.439431
1309.389824
1309.338469
1309.28539
1309.230616
1309.174177
1309.116112
1309.056463
1308.99528
1308.932618
1308.868543
1308.803129
1308.73646
1308.66863
1308.599749
1308.529939
1308.459338
1308.388104
1308.316413
1308.244466
1308.172485
1308.100725
1308.029469
1307.959037
1308.976752
1308.974503
1308.969553
1308.962026
1308.951937
1308.939284
1308.924059
1308.906249
1308.88584
1308.862812
1308.837144
1308.808812
1308.777788
1308.744042
1308.707541
1308.668249
1308.626124
1308.581125
1308.533203
1308.482307
1308.428384
1308.371373
1308.311211
1308.24783
1308.181154
1308.111107
1308.037601
1307.960548
1307.879848
1307.795398
1307.707084
1307.614788
1307.51838
1307.417722
1307.312665
1307.20305
1307.088707
1306.969452
1306.845087
1306.715402
1306.580168
1306.439139
1306.292053
1306.138624
1305.978546
1305.811489
1305.637095
1305.454979
1305.264723
1305.065879
)
;

boundaryField
{
    axis
    {
        type            empty;
    }
    inlet
    {
        type            fixedValue;
        value           uniform 1773;
    }
    wall
    {
        type            fixedValue;
        value           nonuniform List<scalar> 
159
(
1773
1770.037736
1767.075472
1764.113208
1761.150943
1758.188679
1755.226415
1752.264151
1749.301887
1746.339623
1743.377358
1740.415094
1737.45283
1734.490566
1731.528302
1728.566038
1725.603774
1722.641509
1719.679245
1716.716981
1713.754717
1710.792453
1707.830189
1704.867925
1701.90566
1698.943396
1695.981132
1693.018868
1690.056604
1687.09434
1684.132075
1681.169811
1678.207547
1675.245283
1672.283019
1669.320755
1666.358491
1663.396226
1660.433962
1657.471698
1654.509434
1651.54717
1648.584906
1645.622642
1642.660377
1639.698113
1636.735849
1633.773585
1630.811321
1627.849057
1624.886792
1621.924528
1618.962264
1616
1613.037736
1610.075472
1607.113208
1604.150943
1601.188679
1598.226415
1595.264151
1592.301887
1589.339623
1586.377358
1583.415094
1580.45283
1577.490566
1574.528302
1571.566038
1568.603774
1565.641509
1562.679245
1559.716981
1556.754717
1553.792453
1550.830189
1547.867925
1544.90566
1541.943396
1538.981132
1536.018868
1533.056604
1530.09434
1527.132075
1524.169811
1521.207547
1518.245283
1515.283019
1512.320755
1509.358491
1506.396226
1503.433962
1500.471698
1497.509434
1494.54717
1491.584906
1488.622642
1485.660377
1482.698113
1479.735849
1476.773585
1473.811321
1470.849057
1467.886792
1464.924528
1461.962264
1459
1456.037736
1453.075472
1450.113208
1447.150943
1444.188679
1441.226415
1438.264151
1435.301887
1432.339623
1429.377358
1426.415094
1423.45283
1420.490566
1417.528302
1414.566038
1411.603774
1408.641509
1405.679245
1402.716981
1399.754717
1396.792453
1393.830189
1390.867925
1387.90566
1384.943396
1381.981132
1379.018868
1376.056604
1373.09434
1370.132075
1367.169811
1364.207547
1361.245283
1358.283019
1355.320755
1352.358491
1349.396226
1346.433962
1343.471698
1340.509434
1337.54717
1334.584906
1331.622642
1328.660377
1325.698113
1322.735849
1319.773585
1316.811321
1313.849057
1310.886792
1307.924528
1304.962264
)
;
    }
    outlet
    {
        type            zeroGradient;
    }
    front
    {
        type            wedge;
    }
    back
    {
        type            wedge;
    }
}


// ************************************************************************* //
