/*--------------------------------*- C++ -*----------------------------------*\
| =========                 |                                                 |
| \\      /  F ield         | OpenFOAM: The Open Source CFD Toolbox           |
|  \\    /   O peration     | Version:  5.x                                   |
|   \\  /    A nd           | Web:      www.OpenFOAM.org                      |
|    \\/     M anipulation  |                                                 |
\*---------------------------------------------------------------------------*/
FoamFile
{
    version     2.0;
    format      ascii;
    class       volScalarField;
    location    "0.004";
    object      theta;
}
// * * * * * * * * * * * * * * * * * * * * * * * * * * * * * * * * * * * * * //

dimensions      [0 0 0 0 0 0 0];

internalField   nonuniform List<scalar> 
7950
(
7.594642004
7.594640344
7.594636681
7.594631096
7.594623577
7.594614081
7.594602574
7.594588995
7.594573267
7.594555322
7.59453505
7.594512353
7.594487096
7.594459152
7.594428365
7.594394549
7.59435751
7.594317035
7.594272884
7.594224781
7.594172429
7.594115499
7.594053612
7.593986376
7.593913322
7.593833956
7.593747719
7.593653993
7.593552088
7.593441249
7.593320636
7.593189299
7.5930462
7.592890182
7.592719953
7.592534082
7.592330973
7.592108839
7.59186572
7.591599388
7.591307396
7.590986996
7.590635129
7.590248367
7.589822892
7.589354444
7.588838247
7.588268974
7.58764065
7.5869466
7.611651524
7.61164899
7.611643404
7.611634903
7.611623496
7.611609167
7.61159189
7.611571637
7.611548373
7.611522044
7.6114926
7.611459987
7.611424149
7.611385011
7.611342497
7.611296531
7.611247023
7.611193883
7.611137015
7.611076322
7.611011688
7.610943008
7.610870158
7.610793029
7.610711496
7.610625428
7.610534707
7.610439197
7.610338786
7.610233345
7.610122754
7.610006906
7.609885703
7.609759055
7.609626888
7.609489159
7.609345843
7.609196946
7.609042516
7.608882652
7.608717498
7.608547276
7.608372275
7.608192897
7.608009646
7.607823136
7.607634162
7.607443682
7.607252856
7.607063084
7.629964325
7.629962393
7.629958126
7.629951643
7.629942965
7.629932084
7.629919008
7.629903743
7.629886269
7.629866599
7.62984472
7.629820632
7.629794327
7.629765807
7.62973507
7.62970211
7.629666934
7.629629528
7.6295899
7.629548055
7.629504002
7.629457739
7.629409289
7.629358657
7.629305858
7.629250927
7.629193877
7.62913475
7.629073587
7.629010417
7.628945309
7.628878311
7.628809499
7.628738943
7.62866674
7.62859298
7.62851778
7.628441252
7.62836354
7.628284785
7.62820515
7.628124811
7.62804396
7.627962792
7.627881528
7.627800396
7.62771964
7.627639508
7.627560256
7.627482154
7.649291903
7.649290729
7.649288151
7.649284232
7.649278994
7.649272435
7.649264563
7.649255392
7.649244928
7.649233172
7.649220138
7.649205839
7.649190283
7.649173483
7.649155454
7.649136215
7.649115768
7.649094153
7.649071372
7.649047458
7.649022432
7.648996323
7.648969151
7.648940951
7.64891175
7.648881591
7.648850508
7.648818536
7.648785723
7.648752112
7.648717744
7.648682681
7.648646965
7.648610659
7.648573811
7.648536498
7.648498775
7.648460706
7.648422372
7.64838383
7.648345164
7.648306442
7.648267755
7.648229166
7.648190771
7.648152648
7.648114872
7.648077527
7.648040696
7.648004463
7.669261573
7.669260932
7.669259524
7.669257384
7.669254526
7.66925095
7.66924667
7.669241686
7.669235998
7.669229627
7.669222573
7.669214842
7.669206457
7.669197416
7.669187734
7.669177424
7.669166502
7.669154979
7.669142879
7.669130206
7.66911699
7.669103244
7.669088983
7.669074234
7.669059017
7.669043355
7.669027267
7.669010782
7.668993928
7.668976732
7.668959209
7.6689414
7.668923333
7.668905029
7.66888653
7.668867857
7.668849052
7.668830135
7.668811148
7.668792127
7.668773098
7.668754098
7.66873516
7.668716327
7.66869762
7.66867908
7.668660742
7.668642634
7.668624791
7.668607248
7.689613621
7.689613292
7.689612558
7.689611446
7.689609956
7.689608103
7.689605879
7.689603284
7.689600333
7.689597032
7.689593374
7.689589374
7.689585037
7.689580366
7.689575365
7.689570057
7.689564434
7.68955851
7.689552293
7.689545803
7.689539033
7.689532004
7.689524731
7.689517213
7.689509478
7.689501519
7.689493371
7.689485028
7.68947651
7.689467838
7.689459019
7.689450067
7.689440996
7.689431835
7.689422582
7.689413253
7.689403882
7.689394462
7.689385027
7.689375579
7.689366145
7.689356739
7.689347367
7.689338059
7.689328821
7.689319673
7.689310624
7.6893017
7.68929291
7.689284266
7.710198356
7.710198188
7.710197816
7.710197247
7.710196489
7.710195549
7.710194412
7.7101931
7.710191599
7.710189921
7.710188062
7.710186034
7.71018383
7.710181466
7.710178933
7.710176238
7.710173396
7.7101704
7.710167256
7.710163972
7.710160562
7.710157011
7.710153348
7.710149559
7.710145664
7.710141664
7.710137566
7.710133377
7.710129104
7.710124753
7.710120339
7.710115856
7.710111322
7.71010674
7.710102116
7.710097464
7.710092783
7.710088089
7.710083388
7.710078686
7.710073992
7.710069311
7.710064652
7.710060028
7.710055439
7.710050892
7.710046401
7.710041973
7.710037608
7.710033321
7.730936139
7.730936048
7.730935865
7.730935576
7.730935196
7.730934724
7.730934154
7.730933492
7.730932739
7.730931894
7.730930957
7.730929936
7.730928831
7.730927634
7.730926367
7.730925015
7.730923586
7.730922079
7.730920502
7.730918854
7.730917136
7.730915362
7.730913524
7.730911623
7.730909673
7.730907666
7.730905617
7.730903519
7.730901386
7.73089921
7.730896999
7.73089476
7.730892493
7.730890205
7.730887896
7.730885572
7.730883242
7.730880897
7.730878553
7.730876208
7.730873863
7.730871533
7.730869217
7.730866907
7.730864626
7.730862359
7.730860127
7.730857916
7.730855748
7.730853607
7.751786177
7.751786135
7.751786036
7.751785894
7.751785704
7.751785463
7.751785181
7.751784849
7.751784474
7.75178405
7.751783577
7.751783069
7.75178251
7.751781917
7.751781281
7.751780603
7.751779889
7.751779134
7.751778342
7.751777523
7.751776661
7.751775771
7.751774852
7.751773906
7.751772931
7.751771928
7.751770903
7.751769851
7.751768784
7.751767696
7.751766594
7.751765478
7.751764347
7.751763203
7.751762051
7.751760893
7.751759727
7.751758554
7.751757389
7.751756216
7.75175505
7.751753884
7.751752726
7.751751574
7.751750437
7.751749307
7.75174819
7.751747095
7.751746007
7.751744948
7.772728009
7.772727988
7.772727945
7.772727874
7.772727775
7.772727654
7.772727513
7.77272735
7.772727158
7.772726946
7.772726712
7.772726456
7.77272618
7.772725882
7.772725563
7.772725223
7.772724869
7.772724493
7.772724096
7.772723685
7.77272326
7.772722813
7.772722352
7.772721877
7.772721388
7.772720892
7.772720374
7.772719857
7.772719318
7.77271878
7.772718227
7.772717667
7.772717107
7.772716532
7.772715958
7.772715377
7.772714796
7.772714214
7.772713633
7.772713045
7.772712464
7.772711882
7.772711308
7.772710734
7.77271016
7.7727096
7.77270904
7.772708494
7.772707955
7.772707424
7.793751548
7.793751534
7.793751513
7.793751477
7.793751428
7.793751371
7.793751299
7.793751214
7.793751122
7.793751015
7.793750901
7.793750773
7.793750631
7.793750482
7.793750325
7.793750154
7.793749977
7.793749792
7.793749592
7.793749386
7.793749173
7.793748952
7.793748725
7.793748483
7.793748241
7.793747992
7.793747736
7.793747473
7.79374721
7.793746939
7.793746662
7.793746385
7.7937461
7.793745816
7.793745531
7.793745239
7.793744948
7.793744656
7.793744372
7.79374408
7.793743788
7.793743497
7.793743205
7.793742921
7.793742636
7.793742359
7.793742081
7.793741804
7.793741534
7.793741271
7.814851914
7.814851907
7.814851892
7.814851878
7.814851857
7.814851821
7.814851785
7.81485175
7.8148517
7.81485165
7.814851593
7.814851528
7.814851457
7.814851379
7.8148513
7.814851222
7.814851129
7.814851036
7.814850936
7.814850836
7.814850729
7.814850615
7.814850501
7.814850387
7.814850265
7.814850137
7.814850008
7.81484988
7.814849744
7.814849609
7.814849473
7.814849337
7.814849195
7.814849052
7.814848909
7.814848766
7.814848617
7.814848474
7.814848331
7.814848181
7.814848039
7.814847896
7.814847753
7.814847603
7.814847468
7.814847325
7.814847189
7.814847046
7.814846918
7.814846782
7.836026854
7.836026854
7.836026847
7.83602684
7.836026825
7.836026811
7.83602679
7.836026775
7.836026747
7.836026725
7.836026696
7.836026661
7.836026625
7.836026589
7.836026553
7.83602651
7.83602646
7.836026417
7.836026367
7.836026317
7.83602626
7.836026209
7.836026152
7.836026095
7.83602603
7.836025966
7.836025902
7.836025837
7.836025773
7.836025708
7.836025637
7.836025565
7.8360255
7.836025429
7.836025357
7.836025286
7.836025214
7.836025135
7.836025064
7.836024992
7.83602492
7.836024849
7.836024777
7.836024706
7.836024634
7.836024562
7.836024498
7.836024426
7.836024362
7.836024297
7.857275435
7.857275435
7.857275435
7.857275428
7.857275421
7.857275413
7.857275406
7.857275392
7.857275385
7.85727537
7.857275356
7.857275341
7.85727532
7.857275306
7.857275284
7.857275262
7.857275241
7.857275219
7.857275191
7.857275169
7.85727514
7.857275112
7.857275083
7.857275054
7.857275025
7.857274997
7.857274961
7.857274932
7.857274896
7.85727486
7.857274831
7.857274795
7.857274759
7.857274724
7.857274688
7.857274652
7.857274616
7.85727458
7.857274544
7.857274508
7.857274472
7.857274436
7.8572744
7.857274364
7.857274328
7.857274292
7.857274256
7.857274228
7.857274192
7.857274156
7.878597378
7.878597378
7.878597371
7.878597371
7.878597371
7.878597364
7.878597364
7.878597356
7.878597349
7.878597342
7.878597335
7.878597328
7.87859732
7.878597313
7.878597299
7.878597291
7.878597277
7.87859727
7.878597255
7.878597241
7.878597227
7.878597212
7.878597198
7.878597183
7.878597169
7.878597154
7.87859714
7.878597126
7.878597104
7.87859709
7.878597075
7.878597054
7.878597039
7.878597017
7.878597003
7.878596981
7.878596967
7.878596945
7.878596931
7.878596909
7.878596895
7.878596873
7.878596859
7.878596837
7.878596823
7.878596801
7.878596787
7.878596772
7.878596751
7.878596736
7.899992724
7.899992724
7.899992724
7.899992724
7.899992717
7.899992717
7.899992717
7.899992709
7.899992709
7.899992709
7.899992702
7.899992695
7.899992695
7.899992688
7.899992688
7.89999268
7.899992673
7.899992666
7.899992659
7.899992659
7.899992651
7.899992644
7.899992637
7.89999263
7.899992623
7.899992615
7.899992601
7.899992594
7.899992586
7.899992579
7.899992572
7.899992565
7.89999255
7.899992543
7.899992536
7.899992528
7.899992514
7.899992507
7.8999925
7.899992492
7.899992478
7.899992471
7.899992463
7.899992456
7.899992442
7.899992434
7.899992427
7.89999242
7.899992413
7.899992405
7.921461692
7.921461692
7.921461692
7.921461685
7.921461685
7.921461685
7.921461685
7.921461685
7.921461685
7.921461678
7.921461678
7.921461678
7.921461678
7.921461671
7.921461671
7.921461671
7.921461663
7.921461663
7.921461656
7.921461656
7.921461649
7.921461649
7.921461649
7.921461641
7.921461634
7.921461634
7.921461627
7.921461627
7.92146162
7.92146162
7.921461612
7.921461605
7.921461605
7.921461598
7.921461598
7.921461591
7.921461583
7.921461583
7.921461576
7.921461576
7.921461569
7.921461562
7.921461562
7.921461554
7.921461547
7.921461547
7.92146154
7.921461533
7.921461533
7.921461525
7.943004577
7.943004577
7.943004577
7.943004577
7.943004577
7.943004569
7.943004569
7.943004569
7.943004569
7.943004569
7.943004569
7.943004569
7.943004569
7.943004569
7.943004562
7.943004562
7.943004562
7.943004562
7.943004562
7.943004555
7.943004555
7.943004555
7.943004555
7.943004548
7.943004548
7.943004548
7.943004548
7.94300454
7.94300454
7.94300454
7.94300454
7.943004533
7.943004533
7.943004533
7.943004526
7.943004526
7.943004526
7.943004518
7.943004518
7.943004518
7.943004518
7.943004511
7.943004511
7.943004511
7.943004504
7.943004504
7.943004504
7.943004504
7.943004497
7.943004497
7.964621715
7.964621715
7.964621715
7.964621715
7.964621715
7.964621715
7.964621715
7.964621715
7.964621715
7.964621715
7.964621715
7.964621715
7.964621715
7.964621715
7.964621715
7.964621715
7.964621708
7.964621708
7.964621708
7.964621708
7.964621708
7.964621708
7.964621708
7.964621708
7.964621708
7.964621701
7.964621701
7.964621701
7.964621701
7.964621701
7.964621701
7.964621701
7.964621694
7.964621694
7.964621694
7.964621694
7.964621694
7.964621694
7.964621694
7.964621686
7.964621686
7.964621686
7.964621686
7.964621686
7.964621686
7.964621686
7.964621679
7.964621679
7.964621679
7.964621679
7.986313486
7.986313486
7.986313486
7.986313486
7.986313486
7.986313486
7.986313486
7.986313486
7.986313486
7.986313486
7.986313479
7.986313479
7.986313479
7.986313479
7.986313479
7.986313479
7.986313479
7.986313479
7.986313479
7.986313479
7.986313479
7.986313479
7.986313479
7.986313479
7.986313479
7.986313479
7.986313479
7.986313479
7.986313479
7.986313471
7.986313471
7.986313471
7.986313471
7.986313471
7.986313471
7.986313471
7.986313471
7.986313471
7.986313471
7.986313471
7.986313471
7.986313471
7.986313471
7.986313464
7.986313464
7.986313464
7.986313464
7.986313464
7.986313464
7.986313464
8.008080246
8.008080246
8.008080246
8.008080246
8.008080246
8.008080246
8.008080246
8.008080246
8.008080246
8.008080246
8.008080246
8.008080246
8.008080246
8.008080246
8.008080246
8.008080246
8.008080246
8.008080246
8.008080246
8.008080246
8.008080246
8.008080246
8.008080246
8.008080246
8.008080246
8.008080246
8.008080246
8.008080246
8.008080246
8.008080246
8.008080246
8.008080246
8.008080246
8.008080246
8.008080246
8.008080246
8.008080238
8.008080238
8.008080238
8.008080238
8.008080238
8.008080238
8.008080238
8.008080238
8.008080238
8.008080238
8.008080238
8.008080238
8.008080238
8.008080238
8.029922399
8.029922399
8.029922399
8.029922399
8.029922399
8.029922399
8.029922399
8.029922399
8.029922399
8.029922399
8.029922399
8.029922399
8.029922399
8.029922399
8.029922399
8.029922399
8.029922399
8.029922399
8.029922399
8.029922399
8.029922399
8.029922399
8.029922399
8.029922399
8.029922399
8.029922399
8.029922392
8.029922392
8.029922392
8.029922392
8.029922392
8.029922392
8.029922392
8.029922392
8.029922392
8.029922392
8.029922392
8.029922392
8.029922392
8.029922392
8.029922392
8.029922392
8.029922392
8.029922392
8.029922392
8.029922392
8.029922392
8.029922392
8.029922392
8.029922392
8.051840324
8.051840324
8.051840324
8.051840324
8.051840324
8.051840324
8.051840324
8.051840324
8.051840324
8.051840324
8.051840324
8.051840324
8.051840324
8.051840324
8.051840317
8.051840317
8.051840317
8.051840317
8.051840317
8.051840317
8.051840317
8.051840317
8.051840317
8.051840317
8.051840317
8.051840317
8.051840317
8.051840317
8.051840317
8.051840317
8.051840317
8.051840317
8.051840317
8.051840317
8.051840317
8.051840317
8.051840317
8.051840317
8.051840317
8.051840317
8.051840317
8.051840317
8.051840317
8.051840317
8.051840317
8.051840317
8.051840317
8.051840317
8.051840317
8.051840317
8.073834415
8.073834415
8.073834415
8.073834415
8.073834415
8.073834415
8.073834415
8.073834415
8.073834415
8.073834415
8.073834415
8.073834415
8.073834415
8.073834415
8.073834415
8.073834415
8.073834415
8.073834415
8.073834415
8.073834415
8.073834415
8.073834415
8.073834408
8.073834408
8.073834408
8.073834408
8.073834408
8.073834408
8.073834408
8.073834408
8.073834408
8.073834408
8.073834408
8.073834408
8.073834408
8.073834408
8.073834408
8.073834408
8.073834408
8.073834408
8.073834408
8.073834408
8.073834408
8.073834408
8.073834408
8.073834408
8.073834408
8.073834408
8.073834408
8.073834408
8.09590507
8.09590507
8.09590507
8.09590507
8.09590507
8.09590507
8.09590507
8.09590507
8.09590507
8.09590507
8.09590507
8.09590507
8.09590507
8.09590507
8.09590507
8.09590507
8.09590507
8.09590507
8.09590507
8.09590507
8.09590507
8.09590507
8.09590507
8.09590507
8.09590507
8.09590507
8.09590507
8.09590507
8.09590507
8.09590507
8.09590507
8.09590507
8.09590507
8.09590507
8.09590507
8.09590507
8.09590507
8.09590507
8.09590507
8.09590507
8.09590507
8.09590507
8.09590507
8.09590507
8.09590507
8.09590507
8.09590507
8.09590507
8.09590507
8.09590507
8.11805269
8.11805269
8.11805269
8.11805269
8.11805269
8.11805269
8.11805269
8.11805269
8.11805269
8.11805269
8.11805269
8.11805269
8.11805269
8.11805269
8.11805269
8.11805269
8.11805269
8.11805269
8.11805269
8.11805269
8.11805269
8.11805269
8.11805269
8.11805269
8.11805269
8.11805269
8.11805269
8.11805269
8.11805269
8.11805269
8.11805269
8.11805269
8.11805269
8.11805269
8.11805269
8.11805269
8.11805269
8.11805269
8.11805269
8.11805269
8.11805269
8.11805269
8.11805269
8.11805269
8.11805269
8.11805269
8.11805269
8.11805269
8.11805269
8.11805269
8.140277677
8.140277677
8.140277677
8.140277677
8.140277677
8.140277677
8.140277677
8.140277677
8.140277677
8.140277677
8.140277677
8.140277677
8.140277677
8.140277677
8.140277677
8.140277677
8.140277677
8.140277677
8.140277677
8.140277677
8.140277677
8.140277677
8.140277677
8.140277677
8.140277677
8.140277677
8.140277677
8.140277677
8.140277677
8.140277677
8.140277677
8.140277677
8.140277677
8.140277677
8.140277677
8.140277677
8.140277677
8.140277677
8.140277677
8.140277677
8.140277677
8.140277677
8.140277677
8.140277677
8.140277677
8.140277677
8.140277677
8.140277677
8.140277677
8.140277677
8.162580438
8.162580438
8.162580438
8.162580438
8.162580438
8.162580438
8.162580438
8.162580438
8.162580438
8.162580438
8.162580438
8.162580438
8.162580438
8.162580438
8.162580438
8.162580438
8.162580438
8.162580438
8.162580438
8.162580438
8.162580438
8.162580438
8.162580438
8.162580438
8.162580438
8.162580438
8.162580438
8.162580438
8.162580438
8.162580438
8.162580438
8.162580438
8.162580438
8.162580438
8.162580438
8.162580438
8.162580438
8.162580438
8.162580438
8.162580438
8.162580438
8.162580438
8.162580438
8.162580438
8.162580438
8.162580438
8.162580438
8.162580438
8.162580438
8.162580438
8.184961381
8.184961381
8.184961381
8.184961381
8.184961381
8.184961381
8.184961381
8.184961381
8.184961381
8.184961381
8.184961381
8.184961381
8.184961381
8.184961381
8.184961381
8.184961381
8.184961381
8.184961381
8.184961381
8.184961381
8.184961381
8.184961381
8.184961381
8.184961381
8.184961381
8.184961381
8.184961381
8.184961381
8.184961381
8.184961381
8.184961381
8.184961381
8.184961381
8.184961381
8.184961381
8.184961381
8.184961381
8.184961381
8.184961381
8.184961381
8.184961381
8.184961381
8.184961381
8.184961381
8.184961381
8.184961381
8.184961381
8.184961381
8.184961381
8.184961381
8.20742092
8.20742092
8.20742092
8.20742092
8.20742092
8.20742092
8.20742092
8.20742092
8.20742092
8.20742092
8.20742092
8.20742092
8.20742092
8.20742092
8.20742092
8.20742092
8.20742092
8.20742092
8.20742092
8.20742092
8.20742092
8.20742092
8.20742092
8.20742092
8.20742092
8.20742092
8.20742092
8.20742092
8.20742092
8.20742092
8.20742092
8.20742092
8.20742092
8.20742092
8.20742092
8.20742092
8.20742092
8.20742092
8.20742092
8.20742092
8.20742092
8.20742092
8.20742092
8.20742092
8.20742092
8.20742092
8.20742092
8.20742092
8.20742092
8.20742092
8.229959475
8.229959475
8.229959475
8.229959475
8.229959475
8.229959475
8.229959475
8.229959475
8.229959475
8.229959475
8.229959475
8.229959475
8.229959475
8.229959475
8.229959475
8.229959475
8.229959475
8.229959475
8.229959475
8.229959475
8.229959475
8.229959475
8.229959475
8.229959475
8.229959475
8.229959475
8.229959475
8.229959475
8.229959475
8.229959475
8.229959475
8.229959475
8.229959475
8.229959475
8.229959475
8.229959475
8.229959475
8.229959475
8.229959475
8.229959475
8.229959475
8.229959475
8.229959475
8.229959475
8.229959475
8.229959475
8.229959475
8.229959475
8.229959475
8.229959475
8.25257745
8.25257745
8.25257745
8.25257745
8.25257745
8.25257745
8.25257745
8.25257745
8.25257745
8.25257745
8.25257745
8.25257745
8.25257745
8.25257745
8.25257745
8.25257745
8.25257745
8.25257745
8.25257745
8.25257745
8.25257745
8.25257745
8.25257745
8.25257745
8.25257745
8.25257745
8.25257745
8.25257745
8.25257745
8.25257745
8.25257745
8.25257745
8.25257745
8.25257745
8.25257745
8.25257745
8.25257745
8.25257745
8.25257745
8.25257745
8.25257745
8.25257745
8.25257745
8.25257745
8.25257745
8.25257745
8.25257745
8.25257745
8.25257745
8.25257745
8.275275272
8.275275272
8.275275272
8.275275272
8.275275272
8.275275272
8.275275272
8.275275272
8.275275272
8.275275272
8.275275272
8.275275272
8.275275272
8.275275272
8.275275272
8.275275272
8.275275272
8.275275272
8.275275272
8.275275272
8.275275272
8.275275272
8.275275272
8.275275272
8.275275272
8.275275272
8.275275272
8.275275272
8.275275272
8.275275272
8.275275272
8.275275272
8.275275272
8.275275272
8.275275272
8.275275272
8.275275272
8.275275272
8.275275272
8.275275272
8.275275272
8.275275272
8.275275272
8.275275272
8.275275272
8.275275272
8.275275272
8.275275272
8.275275272
8.275275272
8.298053366
8.298053366
8.298053366
8.298053366
8.298053366
8.298053366
8.298053366
8.298053366
8.298053366
8.298053366
8.298053366
8.298053366
8.298053366
8.298053366
8.298053366
8.298053366
8.298053366
8.298053366
8.298053366
8.298053366
8.298053366
8.298053366
8.298053366
8.298053366
8.298053366
8.298053366
8.298053366
8.298053366
8.298053366
8.298053366
8.298053366
8.298053366
8.298053366
8.298053366
8.298053366
8.298053366
8.298053366
8.298053366
8.298053366
8.298053366
8.298053366
8.298053366
8.298053366
8.298053366
8.298053366
8.298053366
8.298053366
8.298053366
8.298053366
8.298053366
8.320912157
8.320912157
8.320912157
8.320912157
8.320912157
8.320912157
8.320912157
8.320912157
8.320912157
8.320912157
8.320912157
8.320912157
8.320912157
8.320912157
8.320912157
8.320912157
8.320912157
8.320912157
8.320912157
8.320912157
8.320912157
8.320912157
8.320912157
8.320912157
8.320912157
8.320912157
8.320912157
8.320912157
8.320912157
8.320912157
8.320912157
8.320912157
8.320912157
8.320912157
8.320912157
8.320912157
8.320912157
8.320912157
8.320912157
8.320912157
8.320912157
8.320912157
8.320912157
8.320912157
8.320912157
8.320912157
8.320912157
8.320912157
8.320912157
8.320912157
8.343852075
8.343852075
8.343852075
8.343852075
8.343852075
8.343852075
8.343852075
8.343852075
8.343852075
8.343852075
8.343852075
8.343852075
8.343852075
8.343852075
8.343852075
8.343852075
8.343852075
8.343852075
8.343852075
8.343852075
8.343852075
8.343852075
8.343852075
8.343852075
8.343852075
8.343852075
8.343852075
8.343852075
8.343852075
8.343852075
8.343852075
8.343852075
8.343852075
8.343852075
8.343852075
8.343852075
8.343852075
8.343852075
8.343852075
8.343852075
8.343852075
8.343852075
8.343852075
8.343852075
8.343852075
8.343852075
8.343852075
8.343852075
8.343852075
8.343852075
8.366873554
8.366873554
8.366873554
8.366873554
8.366873554
8.366873554
8.366873554
8.366873554
8.366873554
8.366873554
8.366873554
8.366873554
8.366873554
8.366873554
8.366873554
8.366873554
8.366873554
8.366873554
8.366873554
8.366873554
8.366873554
8.366873554
8.366873554
8.366873554
8.366873554
8.366873554
8.366873554
8.366873554
8.366873554
8.366873554
8.366873554
8.366873554
8.366873554
8.366873554
8.366873554
8.366873554
8.366873554
8.366873554
8.366873554
8.366873554
8.366873554
8.366873554
8.366873554
8.366873554
8.366873554
8.366873554
8.366873554
8.366873554
8.366873554
8.366873554
8.389977036
8.389977036
8.389977036
8.389977036
8.389977036
8.389977036
8.389977036
8.389977036
8.389977036
8.389977036
8.389977036
8.389977036
8.389977036
8.389977036
8.389977036
8.389977036
8.389977036
8.389977036
8.389977036
8.389977036
8.389977036
8.389977036
8.389977036
8.389977036
8.389977036
8.389977036
8.389977036
8.389977036
8.389977036
8.389977036
8.389977036
8.389977036
8.389977036
8.389977036
8.389977036
8.389977036
8.389977036
8.389977036
8.389977036
8.389977036
8.389977036
8.389977036
8.389977036
8.389977036
8.389977036
8.389977036
8.389977036
8.389977036
8.389977036
8.389977036
8.413162945
8.413162945
8.413162945
8.413162945
8.413162945
8.413162945
8.413162945
8.413162945
8.413162945
8.413162945
8.413162945
8.413162945
8.413162945
8.413162945
8.413162945
8.413162945
8.413162945
8.413162945
8.413162945
8.413162945
8.413162945
8.413162945
8.413162945
8.413162945
8.413162945
8.413162945
8.413162945
8.413162945
8.413162945
8.413162945
8.413162945
8.413162945
8.413162945
8.413162945
8.413162945
8.413162945
8.413162945
8.413162945
8.413162945
8.413162945
8.413162945
8.413162945
8.413162945
8.413162945
8.413162945
8.413162945
8.413162945
8.413162945
8.413162945
8.413162945
8.43643173
8.43643173
8.43643173
8.43643173
8.43643173
8.43643173
8.43643173
8.43643173
8.43643173
8.43643173
8.43643173
8.43643173
8.43643173
8.43643173
8.43643173
8.43643173
8.43643173
8.43643173
8.43643173
8.43643173
8.43643173
8.43643173
8.43643173
8.43643173
8.43643173
8.43643173
8.43643173
8.43643173
8.43643173
8.43643173
8.43643173
8.43643173
8.43643173
8.43643173
8.43643173
8.43643173
8.43643173
8.43643173
8.43643173
8.43643173
8.43643173
8.43643173
8.43643173
8.43643173
8.43643173
8.43643173
8.43643173
8.43643173
8.43643173
8.43643173
8.459783838
8.459783838
8.459783838
8.459783838
8.459783838
8.459783838
8.459783838
8.459783838
8.459783838
8.459783838
8.459783838
8.459783838
8.459783838
8.459783838
8.459783838
8.459783838
8.459783838
8.459783838
8.459783838
8.459783838
8.459783838
8.459783838
8.459783838
8.459783838
8.459783838
8.459783838
8.459783838
8.459783838
8.459783838
8.459783838
8.459783838
8.459783838
8.459783838
8.459783838
8.459783838
8.459783838
8.459783838
8.459783838
8.459783838
8.459783838
8.459783838
8.459783838
8.459783838
8.459783838
8.459783838
8.459783838
8.459783838
8.459783838
8.459783838
8.459783838
8.483219715
8.483219715
8.483219715
8.483219715
8.483219715
8.483219715
8.483219715
8.483219715
8.483219715
8.483219715
8.483219715
8.483219715
8.483219715
8.483219715
8.483219715
8.483219715
8.483219715
8.483219715
8.483219715
8.483219715
8.483219715
8.483219715
8.483219715
8.483219715
8.483219715
8.483219715
8.483219715
8.483219715
8.483219715
8.483219715
8.483219715
8.483219715
8.483219715
8.483219715
8.483219715
8.483219715
8.483219715
8.483219715
8.483219715
8.483219715
8.483219715
8.483219715
8.483219715
8.483219715
8.483219715
8.483219715
8.483219715
8.483219715
8.483219715
8.483219715
8.506739814
8.506739814
8.506739814
8.506739814
8.506739814
8.506739814
8.506739814
8.506739814
8.506739814
8.506739814
8.506739814
8.506739814
8.506739814
8.506739814
8.506739814
8.506739814
8.506739814
8.506739814
8.506739814
8.506739814
8.506739814
8.506739814
8.506739814
8.506739814
8.506739814
8.506739814
8.506739814
8.506739814
8.506739814
8.506739814
8.506739814
8.506739814
8.506739814
8.506739814
8.506739814
8.506739814
8.506739814
8.506739814
8.506739814
8.506739814
8.506739814
8.506739814
8.506739814
8.506739814
8.506739814
8.506739814
8.506739814
8.506739814
8.506739814
8.506739814
8.530344589
8.530344589
8.530344589
8.530344589
8.530344589
8.530344589
8.530344589
8.530344589
8.530344589
8.530344589
8.530344589
8.530344589
8.530344589
8.530344589
8.530344589
8.530344589
8.530344589
8.530344589
8.530344589
8.530344589
8.530344589
8.530344589
8.530344589
8.530344589
8.530344589
8.530344589
8.530344589
8.530344589
8.530344589
8.530344589
8.530344589
8.530344589
8.530344589
8.530344589
8.530344589
8.530344589
8.530344589
8.530344589
8.530344589
8.530344589
8.530344589
8.530344589
8.530344589
8.530344589
8.530344589
8.530344589
8.530344589
8.530344589
8.530344589
8.530344589
8.554034507
8.554034507
8.554034507
8.554034507
8.554034507
8.554034507
8.554034507
8.554034507
8.554034507
8.554034507
8.554034507
8.554034507
8.554034507
8.554034507
8.554034507
8.554034507
8.554034507
8.554034507
8.554034507
8.554034507
8.554034507
8.554034507
8.554034507
8.554034507
8.554034507
8.554034507
8.554034507
8.554034507
8.554034507
8.554034507
8.554034507
8.554034507
8.554034507
8.554034507
8.554034507
8.554034507
8.554034507
8.554034507
8.554034507
8.554034507
8.554034507
8.554034507
8.554034507
8.554034507
8.554034507
8.554034507
8.554034507
8.554034507
8.554034507
8.554034507
8.577810013
8.577810013
8.577810013
8.577810013
8.577810013
8.577810013
8.577810013
8.577810013
8.577810013
8.577810013
8.577810013
8.577810013
8.577810013
8.577810013
8.577810013
8.577810013
8.577810013
8.577810013
8.577810013
8.577810013
8.577810013
8.577810013
8.577810013
8.577810013
8.577810013
8.577810013
8.577810013
8.577810013
8.577810013
8.577810013
8.577810013
8.577810013
8.577810013
8.577810013
8.577810013
8.577810013
8.577810013
8.577810013
8.577810013
8.577810013
8.577810013
8.577810013
8.577810013
8.577810013
8.577810013
8.577810013
8.577810013
8.577810013
8.577810013
8.577810013
8.601671579
8.601671579
8.601671579
8.601671579
8.601671579
8.601671579
8.601671579
8.601671579
8.601671579
8.601671579
8.601671579
8.601671579
8.601671579
8.601671579
8.601671579
8.601671579
8.601671579
8.601671579
8.601671579
8.601671579
8.601671579
8.601671579
8.601671579
8.601671579
8.601671579
8.601671579
8.601671579
8.601671579
8.601671579
8.601671579
8.601671579
8.601671579
8.601671579
8.601671579
8.601671579
8.601671579
8.601671579
8.601671579
8.601671579
8.601671579
8.601671579
8.601671579
8.601671579
8.601671579
8.601671579
8.601671579
8.601671579
8.601671579
8.601671579
8.601671579
8.625619675
8.625619675
8.625619675
8.625619675
8.625619675
8.625619675
8.625619675
8.625619675
8.625619675
8.625619675
8.625619675
8.625619675
8.625619675
8.625619675
8.625619675
8.625619675
8.625619675
8.625619675
8.625619675
8.625619675
8.625619675
8.625619675
8.625619675
8.625619675
8.625619675
8.625619675
8.625619675
8.625619675
8.625619675
8.625619675
8.625619675
8.625619675
8.625619675
8.625619675
8.625619675
8.625619675
8.625619675
8.625619675
8.625619675
8.625619675
8.625619675
8.625619675
8.625619675
8.625619675
8.625619675
8.625619675
8.625619675
8.625619675
8.625619675
8.625619675
8.64965477
8.64965477
8.64965477
8.64965477
8.64965477
8.64965477
8.64965477
8.64965477
8.64965477
8.64965477
8.64965477
8.64965477
8.64965477
8.64965477
8.64965477
8.64965477
8.64965477
8.64965477
8.64965477
8.64965477
8.64965477
8.64965477
8.64965477
8.64965477
8.64965477
8.64965477
8.64965477
8.64965477
8.64965477
8.64965477
8.64965477
8.64965477
8.64965477
8.64965477
8.64965477
8.64965477
8.64965477
8.64965477
8.64965477
8.64965477
8.64965477
8.64965477
8.64965477
8.64965477
8.64965477
8.64965477
8.64965477
8.64965477
8.64965477
8.64965477
8.673777341
8.673777341
8.673777341
8.673777341
8.673777341
8.673777341
8.673777341
8.673777341
8.673777341
8.673777341
8.673777341
8.673777341
8.673777341
8.673777341
8.673777341
8.673777341
8.673777341
8.673777341
8.673777341
8.673777341
8.673777341
8.673777341
8.673777341
8.673777341
8.673777341
8.673777341
8.673777341
8.673777341
8.673777341
8.673777341
8.673777341
8.673777341
8.673777341
8.673777341
8.673777341
8.673777341
8.673777341
8.673777341
8.673777341
8.673777341
8.673777341
8.673777341
8.673777341
8.673777341
8.673777341
8.673777341
8.673777341
8.673777341
8.673777341
8.673777341
8.697987874
8.697987874
8.697987874
8.697987874
8.697987874
8.697987874
8.697987874
8.697987874
8.697987874
8.697987874
8.697987874
8.697987874
8.697987874
8.697987874
8.697987874
8.697987874
8.697987874
8.697987874
8.697987874
8.697987874
8.697987874
8.697987874
8.697987874
8.697987874
8.697987874
8.697987874
8.697987874
8.697987874
8.697987874
8.697987874
8.697987874
8.697987874
8.697987874
8.697987874
8.697987874
8.697987874
8.697987874
8.697987874
8.697987874
8.697987874
8.697987874
8.697987874
8.697987874
8.697987874
8.697987874
8.697987874
8.697987874
8.697987874
8.697987874
8.697987874
8.722286835
8.722286835
8.722286835
8.722286835
8.722286835
8.722286835
8.722286835
8.722286835
8.722286835
8.722286835
8.722286835
8.722286835
8.722286835
8.722286835
8.722286835
8.722286835
8.722286835
8.722286835
8.722286835
8.722286835
8.722286835
8.722286835
8.722286835
8.722286835
8.722286835
8.722286835
8.722286835
8.722286835
8.722286835
8.722286835
8.722286835
8.722286835
8.722286835
8.722286835
8.722286835
8.722286835
8.722286835
8.722286835
8.722286835
8.722286835
8.722286835
8.722286835
8.722286835
8.722286835
8.722286835
8.722286835
8.722286835
8.722286835
8.722286835
8.722286835
8.746674716
8.746674716
8.746674716
8.746674716
8.746674716
8.746674716
8.746674716
8.746674716
8.746674716
8.746674716
8.746674716
8.746674716
8.746674716
8.746674716
8.746674716
8.746674716
8.746674716
8.746674716
8.746674716
8.746674716
8.746674716
8.746674716
8.746674716
8.746674716
8.746674716
8.746674716
8.746674716
8.746674716
8.746674716
8.746674716
8.746674716
8.746674716
8.746674716
8.746674716
8.746674716
8.746674716
8.746674716
8.746674716
8.746674716
8.746674716
8.746674716
8.746674716
8.746674716
8.746674716
8.746674716
8.746674716
8.746674716
8.746674716
8.746674716
8.746674716
8.771152008
8.771152008
8.771152008
8.771152008
8.771152008
8.771152008
8.771152008
8.771152008
8.771152008
8.771152008
8.771152008
8.771152008
8.771152008
8.771152008
8.771152008
8.771152008
8.771152008
8.771152008
8.771152008
8.771152008
8.771152008
8.771152008
8.771152008
8.771152008
8.771152008
8.771152008
8.771152008
8.771152008
8.771152008
8.771152008
8.771152008
8.771152008
8.771152008
8.771152008
8.771152008
8.771152008
8.771152008
8.771152008
8.771152008
8.771152008
8.771152008
8.771152008
8.771152008
8.771152008
8.771152008
8.771152008
8.771152008
8.771152008
8.771152008
8.771152008
8.795719202
8.795719202
8.795719202
8.795719202
8.795719202
8.795719202
8.795719202
8.795719202
8.795719202
8.795719202
8.795719202
8.795719202
8.795719202
8.795719202
8.795719202
8.795719202
8.795719202
8.795719202
8.795719202
8.795719202
8.795719202
8.795719202
8.795719202
8.795719202
8.795719202
8.795719202
8.795719202
8.795719202
8.795719202
8.795719202
8.795719202
8.795719202
8.795719202
8.795719202
8.795719202
8.795719202
8.795719202
8.795719202
8.795719202
8.795719202
8.795719202
8.795719202
8.795719202
8.795719202
8.795719202
8.795719202
8.795719202
8.795719202
8.795719202
8.795719202
8.820376796
8.820376796
8.820376796
8.820376796
8.820376796
8.820376796
8.820376796
8.820376796
8.820376796
8.820376796
8.820376796
8.820376796
8.820376796
8.820376796
8.820376796
8.820376796
8.820376796
8.820376796
8.820376796
8.820376796
8.820376796
8.820376796
8.820376796
8.820376796
8.820376796
8.820376796
8.820376796
8.820376796
8.820376796
8.820376796
8.820376796
8.820376796
8.820376796
8.820376796
8.820376796
8.820376796
8.820376796
8.820376796
8.820376796
8.820376796
8.820376796
8.820376796
8.820376796
8.820376796
8.820376796
8.820376796
8.820376796
8.820376796
8.820376796
8.820376796
8.845125287
8.845125287
8.845125287
8.845125287
8.845125287
8.845125287
8.845125287
8.845125287
8.845125287
8.845125287
8.845125287
8.845125287
8.845125287
8.845125287
8.845125287
8.845125287
8.845125287
8.845125287
8.845125287
8.845125287
8.845125287
8.845125287
8.845125287
8.845125287
8.845125287
8.845125287
8.845125287
8.845125287
8.845125287
8.845125287
8.845125287
8.845125287
8.845125287
8.845125287
8.845125287
8.845125287
8.845125287
8.845125287
8.845125287
8.845125287
8.845125287
8.845125287
8.845125287
8.845125287
8.845125287
8.845125287
8.845125287
8.845125287
8.845125287
8.845125287
8.86996519
8.86996519
8.86996519
8.86996519
8.86996519
8.86996519
8.86996519
8.86996519
8.86996519
8.86996519
8.86996519
8.86996519
8.86996519
8.86996519
8.86996519
8.86996519
8.86996519
8.86996519
8.86996519
8.86996519
8.86996519
8.86996519
8.86996519
8.86996519
8.86996519
8.86996519
8.86996519
8.86996519
8.86996519
8.86996519
8.86996519
8.86996519
8.86996519
8.86996519
8.86996519
8.86996519
8.86996519
8.86996519
8.86996519
8.86996519
8.86996519
8.86996519
8.86996519
8.86996519
8.86996519
8.86996519
8.86996519
8.86996519
8.86996519
8.86996519
8.894896994
8.894896994
8.894896994
8.894896994
8.894896994
8.894896994
8.894896994
8.894896994
8.894896994
8.894896994
8.894896994
8.894896994
8.894896994
8.894896994
8.894896994
8.894896994
8.894896994
8.894896994
8.894896994
8.894896994
8.894896994
8.894896994
8.894896994
8.894896994
8.894896994
8.894896994
8.894896994
8.894896994
8.894896994
8.894896994
8.894896994
8.894896994
8.894896994
8.894896994
8.894896994
8.894896994
8.894896994
8.894896994
8.894896994
8.894896994
8.894896994
8.894896994
8.894896994
8.894896994
8.894896994
8.894896994
8.894896994
8.894896994
8.894896994
8.894896994
8.919921219
8.919921219
8.919921219
8.919921219
8.919921219
8.919921219
8.919921219
8.919921219
8.919921219
8.919921219
8.919921219
8.919921219
8.919921219
8.919921219
8.919921219
8.919921219
8.919921219
8.919921219
8.919921219
8.919921219
8.919921219
8.919921219
8.919921219
8.919921219
8.919921219
8.919921219
8.919921219
8.919921219
8.919921219
8.919921219
8.919921219
8.919921219
8.919921219
8.919921219
8.919921219
8.919921219
8.919921219
8.919921219
8.919921219
8.919921219
8.919921219
8.919921219
8.919921219
8.919921219
8.919921219
8.919921219
8.919921219
8.919921219
8.919921219
8.919921219
8.945038379
8.945038379
8.945038379
8.945038379
8.945038379
8.945038379
8.945038379
8.945038379
8.945038379
8.945038379
8.945038379
8.945038379
8.945038379
8.945038379
8.945038379
8.945038379
8.945038379
8.945038379
8.945038379
8.945038379
8.945038379
8.945038379
8.945038379
8.945038379
8.945038379
8.945038379
8.945038379
8.945038379
8.945038379
8.945038379
8.945038379
8.945038379
8.945038379
8.945038379
8.945038379
8.945038379
8.945038379
8.945038379
8.945038379
8.945038379
8.945038379
8.945038379
8.945038379
8.945038379
8.945038379
8.945038379
8.945038379
8.945038379
8.945038379
8.945038379
8.970248993
8.970248993
8.970248993
8.970248993
8.970248993
8.970248993
8.970248993
8.970248993
8.970248993
8.970248993
8.970248993
8.970248993
8.970248993
8.970248993
8.970248993
8.970248993
8.970248993
8.970248993
8.970248993
8.970248993
8.970248993
8.970248993
8.970248993
8.970248993
8.970248993
8.970248993
8.970248993
8.970248993
8.970248993
8.970248993
8.970248993
8.970248993
8.970248993
8.970248993
8.970248993
8.970248993
8.970248993
8.970248993
8.970248993
8.970248993
8.970248993
8.970248993
8.970248993
8.970248993
8.970248993
8.970248993
8.970248993
8.970248993
8.970248993
8.970248993
8.995553584
8.995553584
8.995553584
8.995553584
8.995553584
8.995553584
8.995553584
8.995553584
8.995553584
8.995553584
8.995553584
8.995553584
8.995553584
8.995553584
8.995553584
8.995553584
8.995553584
8.995553584
8.995553584
8.995553584
8.995553584
8.995553584
8.995553584
8.995553584
8.995553584
8.995553584
8.995553584
8.995553584
8.995553584
8.995553584
8.995553584
8.995553584
8.995553584
8.995553584
8.995553584
8.995553584
8.995553584
8.995553584
8.995553584
8.995553584
8.995553584
8.995553584
8.995553584
8.995553584
8.995553584
8.995553584
8.995553584
8.995553584
8.995553584
8.995553584
9.020952687
9.020952687
9.020952687
9.020952687
9.020952687
9.020952687
9.020952687
9.020952687
9.020952687
9.020952687
9.020952687
9.020952687
9.020952687
9.020952687
9.020952687
9.020952687
9.020952687
9.020952687
9.020952687
9.020952687
9.020952687
9.020952687
9.020952687
9.020952687
9.020952687
9.020952687
9.020952687
9.020952687
9.020952687
9.020952687
9.020952687
9.020952687
9.020952687
9.020952687
9.020952687
9.020952687
9.020952687
9.020952687
9.020952687
9.020952687
9.020952687
9.020952687
9.020952687
9.020952687
9.020952687
9.020952687
9.020952687
9.020952687
9.020952687
9.020952687
9.046446815
9.046446815
9.046446815
9.046446815
9.046446815
9.046446815
9.046446815
9.046446815
9.046446815
9.046446815
9.046446815
9.046446815
9.046446815
9.046446815
9.046446815
9.046446815
9.046446815
9.046446815
9.046446815
9.046446815
9.046446815
9.046446815
9.046446815
9.046446815
9.046446815
9.046446815
9.046446815
9.046446815
9.046446815
9.046446815
9.046446815
9.046446815
9.046446815
9.046446815
9.046446815
9.046446815
9.046446815
9.046446815
9.046446815
9.046446815
9.046446815
9.046446815
9.046446815
9.046446815
9.046446815
9.046446815
9.046446815
9.046446815
9.046446815
9.046446815
9.072036511
9.072036511
9.072036511
9.072036511
9.072036511
9.072036511
9.072036511
9.072036511
9.072036511
9.072036511
9.072036511
9.072036511
9.072036511
9.072036511
9.072036511
9.072036511
9.072036511
9.072036511
9.072036511
9.072036511
9.072036511
9.072036511
9.072036511
9.072036511
9.072036511
9.072036511
9.072036511
9.072036511
9.072036511
9.072036511
9.072036511
9.072036511
9.072036511
9.072036511
9.072036511
9.072036511
9.072036511
9.072036511
9.072036511
9.072036511
9.072036511
9.072036511
9.072036511
9.072036511
9.072036511
9.072036511
9.072036511
9.072036511
9.072036511
9.072036511
9.097722313
9.097722313
9.097722313
9.097722313
9.097722313
9.097722313
9.097722313
9.097722313
9.097722313
9.097722313
9.097722313
9.097722313
9.097722313
9.097722313
9.097722313
9.097722313
9.097722313
9.097722313
9.097722313
9.097722313
9.097722313
9.097722313
9.097722313
9.097722313
9.097722313
9.097722313
9.097722313
9.097722313
9.097722313
9.097722313
9.097722313
9.097722313
9.097722313
9.097722313
9.097722313
9.097722313
9.097722313
9.097722313
9.097722313
9.097722313
9.097722313
9.097722313
9.097722313
9.097722313
9.097722313
9.097722313
9.097722313
9.097722313
9.097722313
9.097722313
9.123504764
9.123504764
9.123504764
9.123504764
9.123504764
9.123504764
9.123504764
9.123504764
9.123504764
9.123504764
9.123504764
9.123504764
9.123504764
9.123504764
9.123504764
9.123504764
9.123504764
9.123504764
9.123504764
9.123504764
9.123504764
9.123504764
9.123504764
9.123504764
9.123504764
9.123504764
9.123504764
9.123504764
9.123504764
9.123504764
9.123504764
9.123504764
9.123504764
9.123504764
9.123504764
9.123504764
9.123504764
9.123504764
9.123504764
9.123504764
9.123504764
9.123504764
9.123504764
9.123504764
9.123504764
9.123504764
9.123504764
9.123504764
9.123504764
9.123504764
9.149384411
9.149384411
9.149384411
9.149384411
9.149384411
9.149384411
9.149384411
9.149384411
9.149384411
9.149384411
9.149384411
9.149384411
9.149384411
9.149384411
9.149384411
9.149384411
9.149384411
9.149384411
9.149384411
9.149384411
9.149384411
9.149384411
9.149384411
9.149384411
9.149384411
9.149384411
9.149384411
9.149384411
9.149384411
9.149384411
9.149384411
9.149384411
9.149384411
9.149384411
9.149384411
9.149384411
9.149384411
9.149384411
9.149384411
9.149384411
9.149384411
9.149384411
9.149384411
9.149384411
9.149384411
9.149384411
9.149384411
9.149384411
9.149384411
9.149384411
9.175361803
9.175361803
9.175361803
9.175361803
9.175361803
9.175361803
9.175361803
9.175361803
9.175361803
9.175361803
9.175361803
9.175361803
9.175361803
9.175361803
9.175361803
9.175361803
9.175361803
9.175361803
9.175361803
9.175361803
9.175361803
9.175361803
9.175361803
9.175361803
9.175361803
9.175361803
9.175361803
9.175361803
9.175361803
9.175361803
9.175361803
9.175361803
9.175361803
9.175361803
9.175361803
9.175361803
9.175361803
9.175361803
9.175361803
9.175361803
9.175361803
9.175361803
9.175361803
9.175361803
9.175361803
9.175361803
9.175361803
9.175361803
9.175361803
9.175361803
9.201437505
9.201437505
9.201437505
9.201437505
9.201437505
9.201437505
9.201437505
9.201437505
9.201437505
9.201437505
9.201437505
9.201437505
9.201437505
9.201437505
9.201437505
9.201437505
9.201437505
9.201437505
9.201437505
9.201437505
9.201437505
9.201437505
9.201437505
9.201437505
9.201437505
9.201437505
9.201437505
9.201437505
9.201437505
9.201437505
9.201437505
9.201437505
9.201437505
9.201437505
9.201437505
9.201437505
9.201437505
9.201437505
9.201437505
9.201437505
9.201437505
9.201437505
9.201437505
9.201437505
9.201437505
9.201437505
9.201437505
9.201437505
9.201437505
9.201437505
9.227612058
9.227612058
9.227612058
9.227612058
9.227612058
9.227612058
9.227612058
9.227612058
9.227612058
9.227612058
9.227612058
9.227612058
9.227612058
9.227612058
9.227612058
9.227612058
9.227612058
9.227612058
9.227612058
9.227612058
9.227612058
9.227612058
9.227612058
9.227612058
9.227612058
9.227612058
9.227612058
9.227612058
9.227612058
9.227612058
9.227612058
9.227612058
9.227612058
9.227612058
9.227612058
9.227612058
9.227612058
9.227612058
9.227612058
9.227612058
9.227612058
9.227612058
9.227612058
9.227612058
9.227612058
9.227612058
9.227612058
9.227612058
9.227612058
9.227612058
9.253886034
9.253886034
9.253886034
9.253886034
9.253886034
9.253886034
9.253886034
9.253886034
9.253886034
9.253886034
9.253886034
9.253886034
9.253886034
9.253886034
9.253886034
9.253886034
9.253886034
9.253886034
9.253886034
9.253886034
9.253886034
9.253886034
9.253886034
9.253886034
9.253886034
9.253886034
9.253886034
9.253886034
9.253886034
9.253886034
9.253886034
9.253886034
9.253886034
9.253886034
9.253886034
9.253886034
9.253886034
9.253886034
9.253886034
9.253886034
9.253886034
9.253886034
9.253886034
9.253886034
9.253886034
9.253886034
9.253886034
9.253886034
9.253886034
9.253886034
9.280260001
9.280260001
9.280260001
9.280260001
9.280260001
9.280260001
9.280260001
9.280260001
9.280260001
9.280260001
9.280260001
9.280260001
9.280260001
9.280260001
9.280260001
9.280260001
9.280260001
9.280260001
9.280260001
9.280260001
9.280260001
9.280260001
9.280260001
9.280260001
9.280260001
9.280260001
9.280260001
9.280260001
9.280260001
9.280260001
9.280260001
9.280260001
9.280260001
9.280260001
9.280260001
9.280260001
9.280260001
9.280260001
9.280260001
9.280260001
9.280260001
9.280260001
9.280260001
9.280260001
9.280260001
9.280260001
9.280260001
9.280260001
9.280260001
9.280260001
9.30673453
9.30673453
9.30673453
9.30673453
9.30673453
9.30673453
9.30673453
9.30673453
9.30673453
9.30673453
9.30673453
9.30673453
9.30673453
9.30673453
9.30673453
9.30673453
9.30673453
9.30673453
9.30673453
9.30673453
9.30673453
9.30673453
9.30673453
9.30673453
9.30673453
9.30673453
9.30673453
9.30673453
9.30673453
9.30673453
9.30673453
9.30673453
9.30673453
9.30673453
9.30673453
9.30673453
9.30673453
9.30673453
9.30673453
9.30673453
9.30673453
9.30673453
9.30673453
9.30673453
9.30673453
9.30673453
9.30673453
9.30673453
9.30673453
9.30673453
9.333310198
9.333310198
9.333310198
9.333310198
9.333310198
9.333310198
9.333310198
9.333310198
9.333310198
9.333310198
9.333310198
9.333310198
9.333310198
9.333310198
9.333310198
9.333310198
9.333310198
9.333310198
9.333310198
9.333310198
9.333310198
9.333310198
9.333310198
9.333310198
9.333310198
9.333310198
9.333310198
9.333310198
9.333310198
9.333310198
9.333310198
9.333310198
9.333310198
9.333310198
9.333310198
9.333310198
9.333310198
9.333310198
9.333310198
9.333310198
9.333310198
9.333310198
9.333310198
9.333310198
9.333310198
9.333310198
9.333310198
9.333310198
9.333310198
9.333310198
9.359987585
9.359987585
9.359987585
9.359987585
9.359987585
9.359987585
9.359987585
9.359987585
9.359987585
9.359987585
9.359987585
9.359987585
9.359987585
9.359987585
9.359987585
9.359987585
9.359987585
9.359987585
9.359987585
9.359987585
9.359987585
9.359987585
9.359987585
9.359987585
9.359987585
9.359987585
9.359987585
9.359987585
9.359987585
9.359987585
9.359987585
9.359987585
9.359987585
9.359987585
9.359987585
9.359987585
9.359987585
9.359987585
9.359987585
9.359987585
9.359987585
9.359987585
9.359987585
9.359987585
9.359987585
9.359987585
9.359987585
9.359987585
9.359987585
9.359987585
9.386767287
9.386767287
9.386767287
9.386767287
9.386767287
9.386767287
9.386767287
9.386767287
9.386767287
9.386767287
9.386767287
9.386767287
9.386767287
9.386767287
9.386767287
9.386767287
9.386767287
9.386767287
9.386767287
9.386767287
9.386767287
9.386767287
9.386767287
9.386767287
9.386767287
9.386767287
9.386767287
9.386767287
9.386767287
9.386767287
9.386767287
9.386767287
9.386767287
9.386767287
9.386767287
9.386767287
9.386767287
9.386767287
9.386767287
9.386767287
9.386767287
9.386767287
9.386767287
9.386767287
9.386767287
9.386767287
9.386767287
9.386767287
9.386767287
9.386767287
9.413649873
9.413649873
9.413649873
9.413649873
9.413649873
9.413649873
9.413649873
9.413649873
9.413649873
9.413649873
9.413649873
9.413649873
9.413649873
9.413649873
9.413649873
9.413649873
9.413649873
9.413649873
9.413649873
9.413649873
9.413649873
9.413649873
9.413649873
9.413649873
9.413649873
9.413649873
9.413649873
9.413649873
9.413649873
9.413649873
9.413649873
9.413649873
9.413649873
9.413649873
9.413649873
9.413649873
9.413649873
9.413649873
9.413649873
9.413649873
9.413649873
9.413649873
9.413649873
9.413649873
9.413649873
9.413649873
9.413649873
9.413649873
9.413649873
9.413649873
9.440635948
9.440635948
9.440635948
9.440635948
9.440635948
9.440635948
9.440635948
9.440635948
9.440635948
9.440635948
9.440635948
9.440635948
9.440635948
9.440635948
9.440635948
9.440635948
9.440635948
9.440635948
9.440635948
9.440635948
9.440635948
9.440635948
9.440635948
9.440635948
9.440635948
9.440635948
9.440635948
9.440635948
9.440635948
9.440635948
9.440635948
9.440635948
9.440635948
9.440635948
9.440635948
9.440635948
9.440635948
9.440635948
9.440635948
9.440635948
9.440635948
9.440635948
9.440635948
9.440635948
9.440635948
9.440635948
9.440635948
9.440635948
9.440635948
9.440635948
9.467726109
9.467726109
9.467726109
9.467726109
9.467726109
9.467726109
9.467726109
9.467726109
9.467726109
9.467726109
9.467726109
9.467726109
9.467726109
9.467726109
9.467726109
9.467726109
9.467726109
9.467726109
9.467726109
9.467726109
9.467726109
9.467726109
9.467726109
9.467726109
9.467726109
9.467726109
9.467726109
9.467726109
9.467726109
9.467726109
9.467726109
9.467726109
9.467726109
9.467726109
9.467726109
9.467726109
9.467726109
9.467726109
9.467726109
9.467726109
9.467726109
9.467726109
9.467726109
9.467726109
9.467726109
9.467726109
9.467726109
9.467726109
9.467726109
9.467726109
9.494920962
9.494920962
9.494920962
9.494920962
9.494920962
9.494920962
9.494920962
9.494920962
9.494920962
9.494920962
9.494920962
9.494920962
9.494920962
9.494920962
9.494920962
9.494920962
9.494920962
9.494920962
9.494920962
9.494920962
9.494920962
9.494920962
9.494920962
9.494920962
9.494920962
9.494920962
9.494920962
9.494920962
9.494920962
9.494920962
9.494920962
9.494920962
9.494920962
9.494920962
9.494920962
9.494920962
9.494920962
9.494920962
9.494920962
9.494920962
9.494920962
9.494920962
9.494920962
9.494920962
9.494920962
9.494920962
9.494920962
9.494920962
9.494920962
9.494920962
9.522221112
9.522221112
9.522221112
9.522221112
9.522221112
9.522221112
9.522221112
9.522221112
9.522221112
9.522221112
9.522221112
9.522221112
9.522221112
9.522221112
9.522221112
9.522221112
9.522221112
9.522221112
9.522221112
9.522221112
9.522221112
9.522221112
9.522221112
9.522221112
9.522221112
9.522221112
9.522221112
9.522221112
9.522221112
9.522221112
9.522221112
9.522221112
9.522221112
9.522221112
9.522221112
9.522221112
9.522221112
9.522221112
9.522221112
9.522221112
9.522221112
9.522221112
9.522221112
9.522221112
9.522221112
9.522221112
9.522221112
9.522221112
9.522221112
9.522221112
9.549627184
9.549627184
9.549627184
9.549627184
9.549627184
9.549627184
9.549627184
9.549627184
9.549627184
9.549627184
9.549627184
9.549627184
9.549627184
9.549627184
9.549627184
9.549627184
9.549627184
9.549627184
9.549627184
9.549627184
9.549627184
9.549627184
9.549627184
9.549627184
9.549627184
9.549627184
9.549627184
9.549627184
9.549627184
9.549627184
9.549627184
9.549627184
9.549627184
9.549627184
9.549627184
9.549627184
9.549627184
9.549627184
9.549627184
9.549627184
9.549627184
9.549627184
9.549627184
9.549627184
9.549627184
9.549627184
9.549627184
9.549627184
9.549627184
9.549627184
9.577139775
9.577139775
9.577139775
9.577139775
9.577139775
9.577139775
9.577139775
9.577139775
9.577139775
9.577139775
9.577139775
9.577139775
9.577139775
9.577139775
9.577139775
9.577139775
9.577139775
9.577139775
9.577139775
9.577139775
9.577139775
9.577139775
9.577139775
9.577139775
9.577139775
9.577139775
9.577139775
9.577139775
9.577139775
9.577139775
9.577139775
9.577139775
9.577139775
9.577139775
9.577139775
9.577139775
9.577139775
9.577139775
9.577139775
9.577139775
9.577139775
9.577139775
9.577139775
9.577139775
9.577139775
9.577139775
9.577139775
9.577139775
9.577139775
9.577139775
9.604759517
9.604759517
9.604759517
9.604759517
9.604759517
9.604759517
9.604759517
9.604759517
9.604759517
9.604759517
9.604759517
9.604759517
9.604759517
9.604759517
9.604759517
9.604759517
9.604759517
9.604759517
9.604759517
9.604759517
9.604759517
9.604759517
9.604759517
9.604759517
9.604759517
9.604759517
9.604759517
9.604759517
9.604759517
9.604759517
9.604759517
9.604759517
9.604759517
9.604759517
9.604759517
9.604759517
9.604759517
9.604759517
9.604759517
9.604759517
9.604759517
9.604759517
9.604759517
9.604759517
9.604759517
9.604759517
9.604759517
9.604759517
9.604759517
9.604759517
9.632487037
9.632487037
9.632487037
9.632487037
9.632487037
9.632487037
9.632487037
9.632487037
9.632487037
9.632487037
9.632487037
9.632487037
9.632487037
9.632487037
9.632487037
9.632487037
9.632487037
9.632487037
9.632487037
9.632487037
9.632487037
9.632487037
9.632487037
9.632487037
9.632487037
9.632487037
9.632487037
9.632487037
9.632487037
9.632487037
9.632487037
9.632487037
9.632487037
9.632487037
9.632487037
9.632487037
9.632487037
9.632487037
9.632487037
9.632487037
9.632487037
9.632487037
9.632487037
9.632487037
9.632487037
9.632487037
9.632487037
9.632487037
9.632487037
9.632487037
9.660322968
9.660322968
9.660322968
9.660322968
9.660322968
9.660322968
9.660322968
9.660322968
9.660322968
9.660322968
9.660322968
9.660322968
9.660322968
9.660322968
9.660322968
9.660322968
9.660322968
9.660322968
9.660322968
9.660322968
9.660322968
9.660322968
9.660322968
9.660322968
9.660322968
9.660322968
9.660322968
9.660322968
9.660322968
9.660322968
9.660322968
9.660322968
9.660322968
9.660322968
9.660322968
9.660322968
9.660322968
9.660322968
9.660322968
9.660322968
9.660322968
9.660322968
9.660322968
9.660322968
9.660322968
9.660322968
9.660322968
9.660322968
9.660322968
9.660322968
9.688267946
9.688267946
9.688267946
9.688267946
9.688267946
9.688267946
9.688267946
9.688267946
9.688267946
9.688267946
9.688267946
9.688267946
9.688267946
9.688267946
9.688267946
9.688267946
9.688267946
9.688267946
9.688267946
9.688267946
9.688267946
9.688267946
9.688267946
9.688267946
9.688267946
9.688267946
9.688267946
9.688267946
9.688267946
9.688267946
9.688267946
9.688267946
9.688267946
9.688267946
9.688267946
9.688267946
9.688267946
9.688267946
9.688267946
9.688267946
9.688267946
9.688267946
9.688267946
9.688267946
9.688267946
9.688267946
9.688267946
9.688267946
9.688267946
9.688267946
9.716322614
9.716322614
9.716322614
9.716322614
9.716322614
9.716322614
9.716322614
9.716322614
9.716322614
9.716322614
9.716322614
9.716322614
9.716322614
9.716322614
9.716322614
9.716322614
9.716322614
9.716322614
9.716322614
9.716322614
9.716322614
9.716322614
9.716322614
9.716322614
9.716322614
9.716322614
9.716322614
9.716322614
9.716322614
9.716322614
9.716322614
9.716322614
9.716322614
9.716322614
9.716322614
9.716322614
9.716322614
9.716322614
9.716322614
9.716322614
9.716322614
9.716322614
9.716322614
9.716322614
9.716322614
9.716322614
9.716322614
9.716322614
9.716322614
9.716322614
9.744487628
9.744487628
9.744487628
9.744487628
9.744487628
9.744487628
9.744487628
9.744487628
9.744487628
9.744487628
9.744487628
9.744487628
9.744487628
9.744487628
9.744487628
9.744487628
9.744487628
9.744487628
9.744487628
9.744487628
9.744487628
9.744487628
9.744487628
9.744487628
9.744487628
9.744487628
9.744487628
9.744487628
9.744487628
9.744487628
9.744487628
9.744487628
9.744487628
9.744487628
9.744487628
9.744487628
9.744487628
9.744487628
9.744487628
9.744487628
9.744487628
9.744487628
9.744487628
9.744487628
9.744487628
9.744487628
9.744487628
9.744487628
9.744487628
9.744487628
9.772763621
9.772763621
9.772763621
9.772763621
9.772763621
9.772763621
9.772763621
9.772763621
9.772763621
9.772763621
9.772763621
9.772763621
9.772763621
9.772763621
9.772763621
9.772763621
9.772763621
9.772763621
9.772763621
9.772763621
9.772763621
9.772763621
9.772763621
9.772763621
9.772763621
9.772763621
9.772763621
9.772763621
9.772763621
9.772763621
9.772763621
9.772763621
9.772763621
9.772763621
9.772763621
9.772763621
9.772763621
9.772763621
9.772763621
9.772763621
9.772763621
9.772763621
9.772763621
9.772763621
9.772763621
9.772763621
9.772763621
9.772763621
9.772763621
9.772763621
9.80115126
9.80115126
9.80115126
9.80115126
9.80115126
9.80115126
9.80115126
9.80115126
9.80115126
9.80115126
9.80115126
9.80115126
9.80115126
9.80115126
9.80115126
9.80115126
9.80115126
9.80115126
9.80115126
9.80115126
9.80115126
9.80115126
9.80115126
9.80115126
9.80115126
9.80115126
9.80115126
9.80115126
9.80115126
9.80115126
9.80115126
9.80115126
9.80115126
9.80115126
9.80115126
9.80115126
9.80115126
9.80115126
9.80115126
9.80115126
9.80115126
9.80115126
9.80115126
9.80115126
9.80115126
9.80115126
9.80115126
9.80115126
9.80115126
9.80115126
9.829651208
9.829651208
9.829651208
9.829651208
9.829651208
9.829651208
9.829651208
9.829651208
9.829651208
9.829651208
9.829651208
9.829651208
9.829651208
9.829651208
9.829651208
9.829651208
9.829651208
9.829651208
9.829651208
9.829651208
9.829651208
9.829651208
9.829651208
9.829651208
9.829651208
9.829651208
9.829651208
9.829651208
9.829651208
9.829651208
9.829651208
9.829651208
9.829651208
9.829651208
9.829651208
9.829651208
9.829651208
9.829651208
9.829651208
9.829651208
9.829651208
9.829651208
9.829651208
9.829651208
9.829651208
9.829651208
9.829651208
9.829651208
9.829651208
9.829651208
9.858264133
9.858264133
9.858264133
9.858264133
9.858264133
9.858264133
9.858264133
9.858264133
9.858264133
9.858264133
9.858264133
9.858264133
9.858264133
9.858264133
9.858264133
9.858264133
9.858264133
9.858264133
9.858264133
9.858264133
9.858264133
9.858264133
9.858264133
9.858264133
9.858264133
9.858264133
9.858264133
9.858264133
9.858264133
9.858264133
9.858264133
9.858264133
9.858264133
9.858264133
9.858264133
9.858264133
9.858264133
9.858264133
9.858264133
9.858264133
9.858264133
9.858264133
9.858264133
9.858264133
9.858264133
9.858264133
9.858264133
9.858264133
9.858264133
9.858264133
9.886990707
9.886990707
9.886990707
9.886990707
9.886990707
9.886990707
9.886990707
9.886990707
9.886990707
9.886990707
9.886990707
9.886990707
9.886990707
9.886990707
9.886990707
9.886990707
9.886990707
9.886990707
9.886990707
9.886990707
9.886990707
9.886990707
9.886990707
9.886990707
9.886990707
9.886990707
9.886990707
9.886990707
9.886990707
9.886990707
9.886990707
9.886990707
9.886990707
9.886990707
9.886990707
9.886990707
9.886990707
9.886990707
9.886990707
9.886990707
9.886990707
9.886990707
9.886990707
9.886990707
9.886990707
9.886990707
9.886990707
9.886990707
9.886990707
9.886990707
9.915831609
9.915831609
9.915831609
9.915831609
9.915831609
9.915831609
9.915831609
9.915831609
9.915831609
9.915831609
9.915831609
9.915831609
9.915831609
9.915831609
9.915831609
9.915831609
9.915831609
9.915831609
9.915831609
9.915831609
9.915831609
9.915831609
9.915831609
9.915831609
9.915831609
9.915831609
9.915831609
9.915831609
9.915831609
9.915831609
9.915831609
9.915831609
9.915831609
9.915831609
9.915831609
9.915831609
9.915831609
9.915831609
9.915831609
9.915831609
9.915831609
9.915831609
9.915831609
9.915831609
9.915831609
9.915831609
9.915831609
9.915831609
9.915831609
9.915831609
9.944787534
9.944787534
9.944787534
9.944787534
9.944787534
9.944787534
9.944787534
9.944787534
9.944787534
9.944787534
9.944787534
9.944787534
9.944787534
9.944787534
9.944787534
9.944787534
9.944787534
9.944787534
9.944787534
9.944787534
9.944787534
9.944787534
9.944787534
9.944787534
9.944787534
9.944787534
9.944787534
9.944787534
9.944787534
9.944787534
9.944787534
9.944787534
9.944787534
9.944787534
9.944787534
9.944787534
9.944787534
9.944787534
9.944787534
9.944787534
9.944787534
9.944787534
9.944787534
9.944787534
9.944787534
9.944787534
9.944787534
9.944787534
9.944787534
9.944787534
9.973859149
9.973859149
9.973859149
9.973859149
9.973859149
9.973859149
9.973859149
9.973859149
9.973859149
9.973859149
9.973859149
9.973859149
9.973859149
9.973859149
9.973859149
9.973859149
9.973859149
9.973859149
9.973859149
9.973859149
9.973859149
9.973859149
9.973859149
9.973859149
9.973859149
9.973859149
9.973859149
9.973859149
9.973859149
9.973859149
9.973859149
9.973859149
9.973859149
9.973859149
9.973859149
9.973859149
9.973859149
9.973859149
9.973859149
9.973859149
9.973859149
9.973859149
9.973859149
9.973859149
9.973859149
9.973859149
9.973859149
9.973859149
9.973859149
9.973859149
10.00304716
10.00304716
10.00304716
10.00304716
10.00304716
10.00304716
10.00304716
10.00304716
10.00304716
10.00304716
10.00304716
10.00304716
10.00304716
10.00304716
10.00304716
10.00304716
10.00304716
10.00304716
10.00304716
10.00304716
10.00304716
10.00304716
10.00304716
10.00304716
10.00304716
10.00304716
10.00304716
10.00304716
10.00304716
10.00304716
10.00304716
10.00304716
10.00304716
10.00304716
10.00304716
10.00304716
10.00304716
10.00304716
10.00304716
10.00304716
10.00304716
10.00304716
10.00304716
10.00304716
10.00304716
10.00304716
10.00304716
10.00304716
10.00304716
10.00304716
10.03235227
10.03235227
10.03235227
10.03235227
10.03235227
10.03235227
10.03235227
10.03235227
10.03235227
10.03235227
10.03235227
10.03235227
10.03235227
10.03235227
10.03235227
10.03235227
10.03235227
10.03235227
10.03235227
10.03235227
10.03235227
10.03235227
10.03235227
10.03235227
10.03235227
10.03235227
10.03235227
10.03235227
10.03235227
10.03235227
10.03235227
10.03235227
10.03235227
10.03235227
10.03235227
10.03235227
10.03235227
10.03235227
10.03235227
10.03235227
10.03235227
10.03235227
10.03235227
10.03235227
10.03235227
10.03235227
10.03235227
10.03235227
10.03235227
10.03235227
10.06177518
10.06177518
10.06177518
10.06177518
10.06177518
10.06177518
10.06177518
10.06177518
10.06177518
10.06177518
10.06177518
10.06177518
10.06177518
10.06177518
10.06177518
10.06177518
10.06177518
10.06177518
10.06177518
10.06177518
10.06177518
10.06177518
10.06177518
10.06177518
10.06177518
10.06177518
10.06177518
10.06177518
10.06177518
10.06177518
10.06177518
10.06177518
10.06177518
10.06177518
10.06177518
10.06177518
10.06177518
10.06177518
10.06177518
10.06177518
10.06177518
10.06177518
10.06177518
10.06177518
10.06177518
10.06177518
10.06177518
10.06177518
10.06177518
10.06177518
10.09131661
10.09131661
10.09131661
10.09131661
10.09131661
10.09131661
10.09131661
10.09131661
10.09131661
10.09131661
10.09131661
10.09131661
10.09131661
10.09131661
10.09131661
10.09131661
10.09131661
10.09131661
10.09131661
10.09131661
10.09131661
10.09131661
10.09131661
10.09131661
10.09131661
10.09131661
10.09131661
10.09131661
10.09131661
10.09131661
10.09131661
10.09131661
10.09131661
10.09131661
10.09131661
10.09131661
10.09131661
10.09131661
10.09131661
10.09131661
10.09131661
10.09131661
10.09131661
10.09131661
10.09131661
10.09131661
10.09131661
10.09131661
10.09131661
10.09131661
10.12097727
10.12097727
10.12097727
10.12097727
10.12097727
10.12097727
10.12097727
10.12097727
10.12097727
10.12097727
10.12097727
10.12097727
10.12097727
10.12097727
10.12097727
10.12097727
10.12097727
10.12097727
10.12097727
10.12097727
10.12097727
10.12097727
10.12097727
10.12097727
10.12097727
10.12097727
10.12097727
10.12097727
10.12097727
10.12097727
10.12097727
10.12097727
10.12097727
10.12097727
10.12097727
10.12097727
10.12097727
10.12097727
10.12097727
10.12097727
10.12097727
10.12097727
10.12097727
10.12097727
10.12097727
10.12097727
10.12097727
10.12097727
10.12097727
10.12097727
10.15075789
10.15075789
10.15075789
10.15075789
10.15075789
10.15075789
10.15075789
10.15075789
10.15075789
10.15075789
10.15075789
10.15075789
10.15075789
10.15075789
10.15075789
10.15075789
10.15075789
10.15075789
10.15075789
10.15075789
10.15075789
10.15075789
10.15075789
10.15075789
10.15075789
10.15075789
10.15075789
10.15075789
10.15075789
10.15075789
10.15075789
10.15075789
10.15075789
10.15075789
10.15075789
10.15075789
10.15075789
10.15075789
10.15075789
10.15075789
10.15075789
10.15075789
10.15075789
10.15075789
10.15075789
10.15075789
10.15075789
10.15075789
10.15075789
10.15075789
10.18065918
10.18065918
10.18065918
10.18065918
10.18065918
10.18065918
10.18065918
10.18065918
10.18065918
10.18065918
10.18065918
10.18065918
10.18065918
10.18065918
10.18065918
10.18065918
10.18065918
10.18065918
10.18065918
10.18065918
10.18065918
10.18065918
10.18065918
10.18065918
10.18065918
10.18065918
10.18065918
10.18065918
10.18065918
10.18065918
10.18065918
10.18065918
10.18065918
10.18065918
10.18065918
10.18065918
10.18065918
10.18065918
10.18065918
10.18065918
10.18065918
10.18065918
10.18065918
10.18065918
10.18065918
10.18065918
10.18065918
10.18065918
10.18065918
10.18065918
10.2106819
10.2106819
10.2106819
10.2106819
10.2106819
10.2106819
10.2106819
10.2106819
10.2106819
10.2106819
10.2106819
10.2106819
10.2106819
10.2106819
10.2106819
10.2106819
10.2106819
10.2106819
10.2106819
10.2106819
10.2106819
10.2106819
10.2106819
10.2106819
10.2106819
10.2106819
10.2106819
10.2106819
10.2106819
10.2106819
10.2106819
10.2106819
10.2106819
10.2106819
10.2106819
10.2106819
10.2106819
10.2106819
10.2106819
10.2106819
10.2106819
10.2106819
10.2106819
10.2106819
10.2106819
10.2106819
10.2106819
10.2106819
10.2106819
10.2106819
10.24082678
10.24082678
10.24082678
10.24082678
10.24082678
10.24082678
10.24082678
10.24082678
10.24082678
10.24082678
10.24082678
10.24082678
10.24082678
10.24082678
10.24082678
10.24082678
10.24082678
10.24082678
10.24082678
10.24082678
10.24082678
10.24082678
10.24082678
10.24082678
10.24082678
10.24082678
10.24082678
10.24082678
10.24082678
10.24082678
10.24082678
10.24082678
10.24082678
10.24082678
10.24082678
10.24082678
10.24082678
10.24082678
10.24082678
10.24082678
10.24082678
10.24082678
10.24082678
10.24082678
10.24082678
10.24082678
10.24082678
10.24082678
10.24082678
10.24082678
10.27109456
10.27109456
10.27109456
10.27109456
10.27109456
10.27109456
10.27109456
10.27109456
10.27109456
10.27109456
10.27109456
10.27109456
10.27109456
10.27109456
10.27109456
10.27109456
10.27109456
10.27109456
10.27109456
10.27109456
10.27109456
10.27109456
10.27109456
10.27109456
10.27109456
10.27109456
10.27109456
10.27109456
10.27109456
10.27109456
10.27109456
10.27109456
10.27109456
10.27109456
10.27109456
10.27109456
10.27109456
10.27109456
10.27109456
10.27109456
10.27109456
10.27109456
10.27109456
10.27109456
10.27109456
10.27109456
10.27109456
10.27109456
10.27109456
10.27109456
10.30148601
10.30148601
10.30148601
10.30148601
10.30148601
10.30148601
10.30148601
10.30148601
10.30148601
10.30148601
10.30148601
10.30148601
10.30148601
10.30148601
10.30148601
10.30148601
10.30148601
10.30148601
10.30148601
10.30148601
10.30148601
10.30148601
10.30148601
10.30148601
10.30148601
10.30148601
10.30148601
10.30148601
10.30148601
10.30148601
10.30148601
10.30148601
10.30148601
10.30148601
10.30148601
10.30148601
10.30148601
10.30148601
10.30148601
10.30148601
10.30148601
10.30148601
10.30148601
10.30148601
10.30148601
10.30148601
10.30148601
10.30148601
10.30148601
10.30148601
10.33200189
10.33200189
10.33200189
10.33200189
10.33200189
10.33200189
10.33200189
10.33200189
10.33200189
10.33200189
10.33200189
10.33200189
10.33200189
10.33200189
10.33200189
10.33200189
10.33200189
10.33200189
10.33200189
10.33200189
10.33200189
10.33200189
10.33200189
10.33200189
10.33200189
10.33200189
10.33200189
10.33200189
10.33200189
10.33200189
10.33200189
10.33200189
10.33200189
10.33200189
10.33200189
10.33200189
10.33200189
10.33200189
10.33200189
10.33200189
10.33200189
10.33200189
10.33200189
10.33200189
10.33200189
10.33200189
10.33200189
10.33200189
10.33200189
10.33200189
10.36264294
10.36264294
10.36264294
10.36264294
10.36264294
10.36264294
10.36264294
10.36264294
10.36264294
10.36264294
10.36264294
10.36264294
10.36264294
10.36264294
10.36264294
10.36264294
10.36264294
10.36264294
10.36264294
10.36264294
10.36264294
10.36264294
10.36264294
10.36264294
10.36264294
10.36264294
10.36264294
10.36264294
10.36264294
10.36264294
10.36264294
10.36264294
10.36264294
10.36264294
10.36264294
10.36264294
10.36264294
10.36264294
10.36264294
10.36264294
10.36264294
10.36264294
10.36264294
10.36264294
10.36264294
10.36264294
10.36264294
10.36264294
10.36264294
10.36264294
10.39340995
10.39340995
10.39340995
10.39340995
10.39340995
10.39340995
10.39340995
10.39340995
10.39340995
10.39340995
10.39340995
10.39340995
10.39340995
10.39340995
10.39340995
10.39340995
10.39340995
10.39340995
10.39340995
10.39340995
10.39340995
10.39340995
10.39340995
10.39340995
10.39340995
10.39340995
10.39340995
10.39340995
10.39340995
10.39340995
10.39340995
10.39340995
10.39340995
10.39340995
10.39340995
10.39340995
10.39340995
10.39340995
10.39340995
10.39340995
10.39340995
10.39340995
10.39340995
10.39340995
10.39340995
10.39340995
10.39340995
10.39340995
10.39340995
10.39340995
10.42430369
10.42430369
10.42430369
10.42430369
10.42430369
10.42430369
10.42430369
10.42430369
10.42430369
10.42430369
10.42430369
10.42430369
10.42430369
10.42430369
10.42430369
10.42430369
10.42430369
10.42430369
10.42430369
10.42430369
10.42430369
10.42430369
10.42430369
10.42430369
10.42430369
10.42430369
10.42430369
10.42430369
10.42430369
10.42430369
10.42430369
10.42430369
10.42430369
10.42430369
10.42430369
10.42430369
10.42430369
10.42430369
10.42430369
10.42430369
10.42430369
10.42430369
10.42430369
10.42430369
10.42430369
10.42430369
10.42430369
10.42430369
10.42430369
10.42430369
10.45532496
10.45532496
10.45532496
10.45532496
10.45532496
10.45532496
10.45532496
10.45532496
10.45532496
10.45532496
10.45532496
10.45532496
10.45532496
10.45532496
10.45532496
10.45532496
10.45532496
10.45532496
10.45532496
10.45532496
10.45532496
10.45532496
10.45532496
10.45532496
10.45532496
10.45532496
10.45532496
10.45532496
10.45532496
10.45532496
10.45532496
10.45532496
10.45532496
10.45532496
10.45532496
10.45532496
10.45532496
10.45532496
10.45532496
10.45532496
10.45532496
10.45532496
10.45532496
10.45532496
10.45532496
10.45532496
10.45532496
10.45532496
10.45532496
10.45532496
10.48647454
10.48647454
10.48647454
10.48647454
10.48647454
10.48647454
10.48647454
10.48647454
10.48647454
10.48647454
10.48647454
10.48647454
10.48647454
10.48647454
10.48647454
10.48647454
10.48647454
10.48647454
10.48647454
10.48647454
10.48647454
10.48647454
10.48647454
10.48647454
10.48647454
10.48647454
10.48647454
10.48647454
10.48647454
10.48647454
10.48647454
10.48647454
10.48647454
10.48647454
10.48647454
10.48647454
10.48647454
10.48647454
10.48647454
10.48647454
10.48647454
10.48647454
10.48647454
10.48647454
10.48647454
10.48647454
10.48647454
10.48647454
10.48647454
10.48647454
10.51775324
10.51775324
10.51775324
10.51775324
10.51775324
10.51775324
10.51775324
10.51775324
10.51775324
10.51775324
10.51775324
10.51775324
10.51775324
10.51775324
10.51775324
10.51775324
10.51775324
10.51775324
10.51775324
10.51775324
10.51775324
10.51775324
10.51775324
10.51775324
10.51775324
10.51775324
10.51775324
10.51775324
10.51775324
10.51775324
10.51775324
10.51775324
10.51775324
10.51775324
10.51775324
10.51775324
10.51775324
10.51775324
10.51775324
10.51775324
10.51775324
10.51775324
10.51775324
10.51775324
10.51775324
10.51775324
10.51775324
10.51775324
10.51775324
10.51775324
10.54916184
10.54916184
10.54916184
10.54916184
10.54916184
10.54916184
10.54916184
10.54916184
10.54916184
10.54916184
10.54916184
10.54916184
10.54916184
10.54916184
10.54916184
10.54916184
10.54916184
10.54916184
10.54916184
10.54916184
10.54916184
10.54916184
10.54916184
10.54916184
10.54916184
10.54916184
10.54916184
10.54916184
10.54916184
10.54916184
10.54916184
10.54916184
10.54916184
10.54916184
10.54916184
10.54916184
10.54916184
10.54916184
10.54916184
10.54916184
10.54916184
10.54916184
10.54916184
10.54916184
10.54916184
10.54916184
10.54916184
10.54916184
10.54916184
10.54916184
10.58070117
10.58070117
10.58070117
10.58070117
10.58070117
10.58070117
10.58070117
10.58070117
10.58070117
10.58070117
10.58070117
10.58070117
10.58070117
10.58070117
10.58070117
10.58070117
10.58070117
10.58070117
10.58070117
10.58070117
10.58070117
10.58070117
10.58070117
10.58070117
10.58070117
10.58070117
10.58070117
10.58070117
10.58070117
10.58070117
10.58070117
10.58070117
10.58070117
10.58070117
10.58070117
10.58070117
10.58070117
10.58070117
10.58070117
10.58070117
10.58070117
10.58070117
10.58070117
10.58070117
10.58070117
10.58070117
10.58070117
10.58070117
10.58070117
10.58070117
10.61237204
10.61237204
10.61237204
10.61237204
10.61237204
10.61237204
10.61237204
10.61237204
10.61237204
10.61237204
10.61237204
10.61237204
10.61237204
10.61237204
10.61237204
10.61237204
10.61237204
10.61237204
10.61237204
10.61237204
10.61237204
10.61237204
10.61237204
10.61237204
10.61237204
10.61237204
10.61237204
10.61237204
10.61237204
10.61237204
10.61237204
10.61237204
10.61237204
10.61237204
10.61237204
10.61237204
10.61237204
10.61237204
10.61237204
10.61237204
10.61237204
10.61237204
10.61237204
10.61237204
10.61237204
10.61237204
10.61237204
10.61237204
10.61237204
10.61237204
10.64417528
10.64417528
10.64417528
10.64417528
10.64417528
10.64417528
10.64417528
10.64417528
10.64417528
10.64417528
10.64417528
10.64417528
10.64417528
10.64417528
10.64417528
10.64417528
10.64417528
10.64417528
10.64417528
10.64417528
10.64417528
10.64417528
10.64417528
10.64417528
10.64417528
10.64417528
10.64417528
10.64417528
10.64417528
10.64417528
10.64417528
10.64417528
10.64417528
10.64417528
10.64417528
10.64417528
10.64417528
10.64417528
10.64417528
10.64417528
10.64417528
10.64417528
10.64417528
10.64417528
10.64417528
10.64417528
10.64417528
10.64417528
10.64417528
10.64417528
10.67611172
10.67611172
10.67611172
10.67611172
10.67611172
10.67611172
10.67611172
10.67611172
10.67611172
10.67611172
10.67611172
10.67611172
10.67611172
10.67611172
10.67611172
10.67611172
10.67611172
10.67611172
10.67611172
10.67611172
10.67611172
10.67611172
10.67611172
10.67611172
10.67611172
10.67611172
10.67611172
10.67611172
10.67611172
10.67611172
10.67611172
10.67611172
10.67611172
10.67611172
10.67611172
10.67611172
10.67611172
10.67611172
10.67611172
10.67611172
10.67611172
10.67611172
10.67611172
10.67611172
10.67611172
10.67611172
10.67611172
10.67611172
10.67611172
10.67611172
10.7081822
10.7081822
10.7081822
10.7081822
10.7081822
10.7081822
10.7081822
10.7081822
10.7081822
10.7081822
10.7081822
10.7081822
10.7081822
10.7081822
10.7081822
10.7081822
10.7081822
10.7081822
10.7081822
10.7081822
10.7081822
10.7081822
10.7081822
10.7081822
10.7081822
10.7081822
10.7081822
10.7081822
10.7081822
10.7081822
10.7081822
10.7081822
10.7081822
10.7081822
10.7081822
10.7081822
10.7081822
10.7081822
10.7081822
10.7081822
10.7081822
10.7081822
10.7081822
10.7081822
10.7081822
10.7081822
10.7081822
10.7081822
10.7081822
10.7081822
10.74038757
10.74038757
10.74038757
10.74038757
10.74038757
10.74038757
10.74038757
10.74038757
10.74038757
10.74038757
10.74038757
10.74038757
10.74038757
10.74038757
10.74038757
10.74038757
10.74038757
10.74038757
10.74038757
10.74038757
10.74038757
10.74038757
10.74038757
10.74038757
10.74038757
10.74038757
10.74038757
10.74038757
10.74038757
10.74038757
10.74038757
10.74038757
10.74038757
10.74038757
10.74038757
10.74038757
10.74038757
10.74038757
10.74038757
10.74038757
10.74038757
10.74038757
10.74038757
10.74038757
10.74038757
10.74038757
10.74038757
10.74038757
10.74038757
10.74038757
10.77272866
10.77272866
10.77272866
10.77272866
10.77272866
10.77272866
10.77272866
10.77272866
10.77272866
10.77272866
10.77272866
10.77272866
10.77272866
10.77272866
10.77272866
10.77272866
10.77272866
10.77272866
10.77272866
10.77272866
10.77272866
10.77272866
10.77272866
10.77272866
10.77272866
10.77272866
10.77272866
10.77272866
10.77272866
10.77272866
10.77272866
10.77272866
10.77272866
10.77272866
10.77272866
10.77272866
10.77272866
10.77272866
10.77272866
10.77272866
10.77272866
10.77272866
10.77272866
10.77272866
10.77272866
10.77272866
10.77272866
10.77272866
10.77272866
10.77272866
10.80520635
10.80520635
10.80520635
10.80520635
10.80520635
10.80520635
10.80520635
10.80520635
10.80520635
10.80520635
10.80520635
10.80520635
10.80520635
10.80520635
10.80520635
10.80520635
10.80520635
10.80520635
10.80520635
10.80520635
10.80520635
10.80520635
10.80520635
10.80520635
10.80520635
10.80520635
10.80520635
10.80520635
10.80520635
10.80520635
10.80520635
10.80520635
10.80520635
10.80520635
10.80520635
10.80520635
10.80520635
10.80520635
10.80520635
10.80520635
10.80520635
10.80520635
10.80520635
10.80520635
10.80520635
10.80520635
10.80520635
10.80520635
10.80520635
10.80520635
10.83782151
10.83782151
10.83782151
10.83782151
10.83782151
10.83782151
10.83782151
10.83782151
10.83782151
10.83782151
10.83782151
10.83782151
10.83782151
10.83782151
10.83782151
10.83782151
10.83782151
10.83782151
10.83782151
10.83782151
10.83782151
10.83782151
10.83782151
10.83782151
10.83782151
10.83782151
10.83782151
10.83782151
10.83782151
10.83782151
10.83782151
10.83782151
10.83782151
10.83782151
10.83782151
10.83782151
10.83782151
10.83782151
10.83782151
10.83782151
10.83782151
10.83782151
10.83782151
10.83782151
10.83782151
10.83782151
10.83782151
10.83782151
10.83782151
10.83782151
10.870575
10.870575
10.870575
10.870575
10.870575
10.870575
10.870575
10.870575
10.870575
10.870575
10.870575
10.870575
10.870575
10.870575
10.870575
10.870575
10.870575
10.870575
10.870575
10.870575
10.870575
10.870575
10.870575
10.870575
10.870575
10.870575
10.870575
10.870575
10.870575
10.870575
10.870575
10.870575
10.870575
10.870575
10.870575
10.870575
10.870575
10.870575
10.870575
10.870575
10.870575
10.870575
10.870575
10.870575
10.870575
10.870575
10.870575
10.870575
10.870575
10.870575
10.90346772
10.90346772
10.90346772
10.90346772
10.90346772
10.90346772
10.90346772
10.90346772
10.90346772
10.90346772
10.90346772
10.90346772
10.90346772
10.90346772
10.90346772
10.90346772
10.90346772
10.90346772
10.90346772
10.90346772
10.90346772
10.90346772
10.90346772
10.90346772
10.90346772
10.90346772
10.90346772
10.90346772
10.90346772
10.90346772
10.90346772
10.90346772
10.90346772
10.90346772
10.90346772
10.90346772
10.90346772
10.90346772
10.90346772
10.90346772
10.90346772
10.90346772
10.90346772
10.90346772
10.90346772
10.90346772
10.90346772
10.90346772
10.90346772
10.90346772
10.93650054
10.93650054
10.93650054
10.93650054
10.93650054
10.93650054
10.93650054
10.93650054
10.93650054
10.93650054
10.93650054
10.93650054
10.93650054
10.93650054
10.93650054
10.93650054
10.93650054
10.93650054
10.93650054
10.93650054
10.93650054
10.93650054
10.93650054
10.93650054
10.93650054
10.93650054
10.93650054
10.93650054
10.93650054
10.93650054
10.93650054
10.93650054
10.93650054
10.93650054
10.93650054
10.93650054
10.93650054
10.93650054
10.93650054
10.93650054
10.93650054
10.93650054
10.93650054
10.93650054
10.93650054
10.93650054
10.93650054
10.93650054
10.93650054
10.93650054
10.96967438
10.96967438
10.96967438
10.96967438
10.96967438
10.96967438
10.96967438
10.96967438
10.96967438
10.96967438
10.96967438
10.96967438
10.96967438
10.96967438
10.96967438
10.96967438
10.96967438
10.96967438
10.96967438
10.96967438
10.96967438
10.96967438
10.96967438
10.96967438
10.96967438
10.96967438
10.96967438
10.96967438
10.96967438
10.96967438
10.96967438
10.96967438
10.96967438
10.96967438
10.96967438
10.96967438
10.96967438
10.96967438
10.96967438
10.96967438
10.96967438
10.96967438
10.96967438
10.96967438
10.96967438
10.96967438
10.96967438
10.96967438
10.96967438
10.96967438
11.00299012
11.00299012
11.00299012
11.00299012
11.00299012
11.00299012
11.00299012
11.00299012
11.00299012
11.00299012
11.00299012
11.00299012
11.00299012
11.00299012
11.00299012
11.00299012
11.00299012
11.00299012
11.00299012
11.00299012
11.00299012
11.00299012
11.00299012
11.00299012
11.00299012
11.00299012
11.00299012
11.00299012
11.00299012
11.00299012
11.00299012
11.00299012
11.00299012
11.00299012
11.00299012
11.00299012
11.00299012
11.00299012
11.00299012
11.00299012
11.00299012
11.00299012
11.00299012
11.00299012
11.00299012
11.00299012
11.00299012
11.00299012
11.00299012
11.00299012
11.03644868
11.03644868
11.03644868
11.03644868
11.03644868
11.03644868
11.03644868
11.03644868
11.03644868
11.03644868
11.03644868
11.03644868
11.03644868
11.03644868
11.03644868
11.03644868
11.03644868
11.03644868
11.03644868
11.03644868
11.03644868
11.03644868
11.03644868
11.03644868
11.03644868
11.03644868
11.03644868
11.03644868
11.03644868
11.03644868
11.03644868
11.03644868
11.03644868
11.03644868
11.03644868
11.03644868
11.03644868
11.03644868
11.03644868
11.03644868
11.03644868
11.03644868
11.03644868
11.03644868
11.03644868
11.03644868
11.03644868
11.03644868
11.03644868
11.03644868
11.07005099
11.07005099
11.07005099
11.07005099
11.07005099
11.07005099
11.07005099
11.07005099
11.07005099
11.07005099
11.07005099
11.07005099
11.07005099
11.07005099
11.07005099
11.07005099
11.07005099
11.07005099
11.07005099
11.07005099
11.07005099
11.07005099
11.07005099
11.07005099
11.07005099
11.07005099
11.07005099
11.07005099
11.07005099
11.07005099
11.07005099
11.07005099
11.07005099
11.07005099
11.07005099
11.07005099
11.07005099
11.07005099
11.07005099
11.07005099
11.07005099
11.07005099
11.07005099
11.07005099
11.07005099
11.07005099
11.07005099
11.07005099
11.07005099
11.07005099
11.10379798
11.10379798
11.10379798
11.10379798
11.10379798
11.10379798
11.10379798
11.10379798
11.10379798
11.10379798
11.10379798
11.10379798
11.10379798
11.10379798
11.10379798
11.10379798
11.10379798
11.10379798
11.10379798
11.10379798
11.10379798
11.10379798
11.10379798
11.10379798
11.10379798
11.10379798
11.10379798
11.10379798
11.10379798
11.10379798
11.10379798
11.10379798
11.10379798
11.10379798
11.10379798
11.10379798
11.10379798
11.10379798
11.10379798
11.10379798
11.10379798
11.10379798
11.10379798
11.10379798
11.10379798
11.10379798
11.10379798
11.10379798
11.10379798
11.10379798
11.13769057
11.13769057
11.13769057
11.13769057
11.13769057
11.13769057
11.13769057
11.13769057
11.13769057
11.13769057
11.13769057
11.13769057
11.13769057
11.13769057
11.13769057
11.13769057
11.13769057
11.13769057
11.13769057
11.13769057
11.13769057
11.13769057
11.13769057
11.13769057
11.13769057
11.13769057
11.13769057
11.13769057
11.13769057
11.13769057
11.13769057
11.13769057
11.13769057
11.13769057
11.13769057
11.13769057
11.13769057
11.13769057
11.13769057
11.13769057
11.13769057
11.13769057
11.13769057
11.13769057
11.13769057
11.13769057
11.13769057
11.13769057
11.13769057
11.13769057
11.17172971
11.17172971
11.17172971
11.17172971
11.17172971
11.17172971
11.17172971
11.17172971
11.17172971
11.17172971
11.17172971
11.17172971
11.17172971
11.17172971
11.17172971
11.17172971
11.17172971
11.17172971
11.17172971
11.17172971
11.17172971
11.17172971
11.17172971
11.17172971
11.17172971
11.17172971
11.17172971
11.17172971
11.17172971
11.17172971
11.17172971
11.17172971
11.17172971
11.17172971
11.17172971
11.17172971
11.17172971
11.17172971
11.17172971
11.17172971
11.17172971
11.17172972
11.17172972
11.17172972
11.17172972
11.17172972
11.17172972
11.17172972
11.17172972
11.17172972
11.20591635
11.20591635
11.20591635
11.20591635
11.20591635
11.20591635
11.20591635
11.20591635
11.20591635
11.20591635
11.20591635
11.20591635
11.20591635
11.20591635
11.20591635
11.20591635
11.20591635
11.20591635
11.20591635
11.20591635
11.20591635
11.20591635
11.20591635
11.20591635
11.20591635
11.20591636
11.20591636
11.20591636
11.20591636
11.20591636
11.20591636
11.20591636
11.20591636
11.20591636
11.20591636
11.20591636
11.20591636
11.20591636
11.20591636
11.20591636
11.20591636
11.20591636
11.20591637
11.20591637
11.20591637
11.20591637
11.20591637
11.20591637
11.20591637
11.20591637
11.24025144
11.24025144
11.24025144
11.24025144
11.24025144
11.24025144
11.24025144
11.24025144
11.24025144
11.24025144
11.24025144
11.24025144
11.24025144
11.24025144
11.24025144
11.24025144
11.24025145
11.24025145
11.24025145
11.24025145
11.24025145
11.24025145
11.24025145
11.24025145
11.24025145
11.24025145
11.24025145
11.24025147
11.24025147
11.24025147
11.24025147
11.24025147
11.24025147
11.24025147
11.24025147
11.24025147
11.24025148
11.24025148
11.24025148
11.24025148
11.24025148
11.24025148
11.24025148
11.24025148
11.24025148
11.24025149
11.24025149
11.24025149
11.24025149
11.24025149
11.27473595
11.27473595
11.27473595
11.27473595
11.27473595
11.27473595
11.27473595
11.27473595
11.27473595
11.27473595
11.27473595
11.27473595
11.27473596
11.27473596
11.27473596
11.27473596
11.27473596
11.27473596
11.27473596
11.27473597
11.27473597
11.27473597
11.27473597
11.27473597
11.27473597
11.27473598
11.27473598
11.27473598
11.27473598
11.27473598
11.274736
11.274736
11.274736
11.274736
11.27473601
11.27473601
11.27473601
11.27473601
11.27473601
11.27473602
11.27473602
11.27473602
11.27473602
11.27473603
11.27473603
11.27473603
11.27473603
11.27473603
11.27473604
11.27473604
11.30937082
11.30937082
11.30937082
11.30937082
11.30937082
11.30937082
11.30937082
11.30937082
11.30937082
11.30937083
11.30937083
11.30937083
11.30937083
11.30937083
11.30937085
11.30937085
11.30937085
11.30937085
11.30937086
11.30937086
11.30937086
11.30937087
11.30937087
11.30937088
11.30937088
11.30937088
11.30937089
11.30937089
11.30937091
11.30937091
11.30937091
11.30937092
11.30937092
11.30937093
11.30937093
11.30937094
11.30937094
11.30937095
11.30937095
11.30937095
11.30937096
11.30937096
11.30937098
11.30937098
11.30937099
11.30937099
11.309371
11.309371
11.309371
11.30937101
11.34415699
11.34415699
11.34415699
11.344157
11.344157
11.344157
11.344157
11.344157
11.34415701
11.34415701
11.34415701
11.34415703
11.34415703
11.34415704
11.34415704
11.34415705
11.34415705
11.34415706
11.34415707
11.34415707
11.34415708
11.3441571
11.3441571
11.34415711
11.34415712
11.34415713
11.34415713
11.34415714
11.34415715
11.34415717
11.34415718
11.34415719
11.34415719
11.3441572
11.34415721
11.34415723
11.34415724
11.34415725
11.34415726
11.34415727
11.34415728
11.3441573
11.34415731
11.34415731
11.34415732
11.34415733
11.34415734
11.34415735
11.34415737
11.34415738
11.37909536
11.37909536
11.37909536
11.37909537
11.37909537
11.37909537
11.37909538
11.37909538
11.3790954
11.37909541
11.37909541
11.37909542
11.37909543
11.37909544
11.37909546
11.37909547
11.37909548
11.37909549
11.37909551
11.37909553
11.37909554
11.37909556
11.37909557
11.3790956
11.37909561
11.37909563
11.37909564
11.37909567
11.37909569
11.3790957
11.37909573
11.37909575
11.37909577
11.3790958
11.37909581
11.37909583
11.37909586
11.37909588
11.3790959
11.37909593
11.37909594
11.37909596
11.37909599
11.37909601
11.37909603
11.37909605
11.37909607
11.37909609
11.37909612
11.37909613
11.41418674
11.41418674
11.41418674
11.41418675
11.41418675
11.41418676
11.41418677
11.41418678
11.4141868
11.41418681
11.41418683
11.41418685
11.41418687
11.41418689
11.41418691
11.41418694
11.41418697
11.414187
11.41418703
11.41418706
11.41418709
11.41418713
11.41418716
11.4141872
11.41418723
11.41418727
11.41418731
11.41418735
11.41418739
11.41418744
11.41418747
11.41418752
11.41418755
11.4141876
11.41418765
11.41418769
11.41418773
11.41418778
11.41418783
11.41418786
11.41418791
11.41418796
11.41418799
11.41418804
11.41418809
11.41418812
11.41418817
11.41418821
11.41418826
11.41418829
11.4494317
11.4494317
11.44943172
11.44943172
11.44943174
11.44943175
11.44943178
11.4494318
11.44943183
11.44943186
11.44943189
11.44943194
11.44943198
11.44943203
11.44943207
11.44943212
11.44943218
11.44943224
11.4494323
11.44943236
11.44943243
11.44943249
11.44943256
11.44943263
11.44943272
11.44943279
11.44943287
11.44943294
11.44943303
11.44943311
11.44943319
11.44943328
11.44943337
11.44943346
11.44943354
11.44943364
11.44943372
11.44943381
11.4494339
11.44943399
11.44943408
11.44943417
11.44943426
11.44943434
11.44943443
11.44943452
11.4494346
11.44943468
11.44943477
11.44943485
11.48483046
11.48483046
11.48483049
11.4848305
11.48483053
11.48483057
11.48483062
11.48483066
11.48483072
11.48483078
11.48483086
11.48483094
11.48483102
11.48483112
11.48483122
11.48483132
11.48483143
11.48483155
11.48483167
11.48483179
11.48483192
11.48483207
11.48483221
11.48483235
11.48483251
11.48483265
11.48483282
11.48483298
11.48483314
11.48483331
11.48483348
11.48483365
11.48483383
11.48483401
11.48483419
11.48483435
11.48483453
11.48483471
11.48483489
11.48483507
11.48483525
11.48483543
11.48483561
11.48483579
11.48483597
11.48483614
11.48483632
11.48483649
11.48483665
11.48483681
11.52038238
11.52038239
11.52038242
11.52038247
11.52038253
11.5203826
11.52038268
11.52038279
11.52038291
11.52038304
11.52038319
11.52038334
11.52038351
11.5203837
11.5203839
11.52038411
11.52038433
11.52038457
11.52038481
11.52038508
11.52038534
11.52038562
11.52038591
11.52038619
11.52038651
11.52038682
11.52038713
11.52038746
11.52038779
11.52038813
11.52038847
11.52038882
11.52038918
11.52038953
11.52038989
11.52039025
11.52039061
11.52039097
11.52039133
11.5203917
11.52039207
11.52039243
11.52039279
11.52039314
11.5203935
11.52039385
11.52039419
11.52039453
11.52039487
11.52039521
11.55608511
11.55608515
11.5560852
11.55608529
11.55608541
11.55608556
11.55608574
11.55608594
11.55608619
11.55608645
11.55608675
11.55608707
11.55608742
11.55608779
11.55608819
11.55608863
11.55608907
11.55608955
11.55609004
11.55609056
11.5560911
11.55609166
11.55609224
11.55609283
11.55609345
11.55609408
11.55609472
11.55609538
11.55609605
11.55609674
11.55609742
11.55609813
11.55609884
11.55609955
11.55610028
11.556101
11.55610174
11.55610248
11.5561032
11.55610394
11.55610467
11.5561054
11.55610612
11.55610685
11.55610756
11.55610828
11.55610896
11.55610967
11.55611034
11.55611101
11.59193292
11.59193297
11.59193309
11.59193328
11.59193352
11.59193382
11.59193419
11.59193461
11.59193508
11.59193563
11.59193623
11.59193687
11.59193757
11.59193834
11.59193914
11.59194
11.59194091
11.59194187
11.59194286
11.59194392
11.591945
11.59194613
11.59194731
11.59194851
11.59194975
11.59195101
11.59195232
11.59195364
11.591955
11.59195637
11.59195778
11.59195919
11.59196063
11.59196208
11.59196353
11.591965
11.59196648
11.59196796
11.59196945
11.59197093
11.59197241
11.59197388
11.59197534
11.5919768
11.59197824
11.59197968
11.59198109
11.59198248
11.59198385
11.5919852
11.62791313
11.62791324
11.62791347
11.62791385
11.62791434
11.62791495
11.62791568
11.62791653
11.62791749
11.62791858
11.62791979
11.62792109
11.62792252
11.62792404
11.62792567
11.62792742
11.62792925
11.62793119
11.6279332
11.62793532
11.62793751
11.62793979
11.62794215
11.62794457
11.62794707
11.62794964
11.62795226
11.62795495
11.62795769
11.62796047
11.6279633
11.62796615
11.62796905
11.62797198
11.62797493
11.62797789
11.62798086
11.62798386
11.62798685
11.62798984
11.62799282
11.6279958
11.62799876
11.6280017
11.62800461
11.6280075
11.62801036
11.62801316
11.62801594
11.62801866
11.66399908
11.6639993
11.66399979
11.66400052
11.66400151
11.66400275
11.66400422
11.66400595
11.66400789
11.66401008
11.66401251
11.66401515
11.66401802
11.66402111
11.6640244
11.6640279
11.6640316
11.66403549
11.66403958
11.66404385
11.66404828
11.66405287
11.66405763
11.66406253
11.66406758
11.66407276
11.66407806
11.66408347
11.664089
11.66409462
11.66410031
11.66410609
11.66411194
11.66411785
11.6641238
11.66412979
11.6641358
11.66414184
11.66414788
11.66415392
11.66415996
11.66416596
11.66417194
11.66417787
11.66418377
11.66418959
11.66419535
11.66420103
11.66420662
11.66421211
11.70013599
11.70013644
11.70013742
11.7001389
11.7001409
11.70014338
11.70014636
11.70014981
11.70015376
11.70015818
11.70016305
11.70016839
11.70017417
11.70018038
11.70018702
11.70019408
11.70020155
11.7002094
11.70021762
11.70022622
11.70023516
11.70024444
11.70025402
11.70026392
11.70027409
11.70028454
11.70029524
11.70030616
11.70031731
11.70032863
11.70034015
11.70035181
11.70036362
11.70037554
11.70038755
11.70039964
11.7004118
11.70042397
11.70043619
11.70044839
11.70046057
11.7004727
11.70048478
11.70049677
11.70050865
11.70052042
11.70053206
11.70054354
11.70055484
11.70056595
11.73621253
11.73621342
11.7362154
11.73621839
11.73622239
11.73622738
11.73623336
11.73624032
11.73624824
11.73625711
11.73626692
11.73627764
11.73628927
11.73630177
11.73631514
11.73632933
11.73634436
11.73636016
11.73637671
11.73639402
11.73641202
11.73643069
11.73645002
11.73646994
11.73649045
11.73651151
11.73653307
11.73655509
11.73657756
11.73660041
11.73662364
11.73664718
11.73667099
11.73669504
11.73671931
11.73674372
11.73676826
11.73679287
11.73681753
11.73684218
11.73686679
11.73689131
11.73691571
11.73693995
11.73696398
11.73698778
11.73701129
11.7370345
11.73705734
11.73707979
11.77200445
11.77200625
11.77201018
11.77201616
11.77202416
11.77203413
11.77204609
11.77206
11.77207584
11.77209358
11.7721132
11.77213466
11.77215792
11.77218296
11.77220973
11.77223818
11.77226828
11.77229996
11.77233318
11.77236787
11.77240401
11.7724415
11.7724803
11.77252034
11.77256157
11.7726039
11.77264727
11.77269161
11.77273683
11.77278288
11.77282967
11.77287712
11.77292515
11.77297369
11.77302264
11.77307195
11.7731215
11.77317125
11.77322107
11.77327091
11.77332068
11.77337029
11.77341966
11.7734687
11.77351736
11.77356553
11.77361314
11.77366013
11.7737064
11.77375188
11.80706508
11.80706862
11.8070764
11.80708821
11.80710399
11.80712372
11.80714734
11.80717485
11.80720617
11.80724127
11.8072801
11.8073226
11.8073687
11.80741832
11.80747141
11.80752789
11.80758765
11.80765062
11.8077167
11.80778578
11.80785776
11.80793252
11.80800996
11.80808995
11.80817234
11.80825705
11.80834389
11.80843276
11.8085235
11.80861597
11.80871
11.80880546
11.80890218
11.809
11.80909876
11.80919828
11.80929841
11.80939897
11.8094998
11.80960071
11.80970155
11.80980214
11.80990229
11.81000186
11.81010064
11.8101985
11.81029526
11.81039075
11.8104848
11.81057728
11.84052205
11.84052887
11.84054386
11.84056661
11.84059703
11.84063506
11.84068064
11.84073372
11.84079422
11.84086208
11.84093721
11.8410195
11.84110887
11.8412052
11.84130836
11.84141824
11.84153467
11.84165752
11.84178663
11.84192182
11.84206291
11.84220971
11.84236203
11.84251962
11.84268229
11.84284981
11.84302191
11.84319835
11.84337886
11.84356316
11.84375099
11.84394202
11.84413596
11.84433249
11.84453129
11.84473203
11.84493435
11.84513793
11.84534239
11.84554739
11.84575253
11.84595748
11.84616182
11.84636522
11.84656726
11.84676758
11.84696583
11.84716159
11.84735452
11.84754426
11.87073835
11.87075082
11.87077826
11.87081992
11.87087567
11.87094542
11.87102911
11.87112665
11.87123798
11.87136301
11.87150164
11.87165378
11.8718193
11.87199809
11.87218998
11.87239483
11.87261248
11.87284272
11.87308538
11.87334023
11.87360704
11.87388554
11.87417547
11.87447654
11.87478844
11.87511083
11.87544334
11.87578559
11.87613717
11.87649765
11.87686655
11.8772434
11.87762763
11.87801873
11.87841609
11.87881907
11.87922703
11.87963929
11.88005511
11.88047372
11.88089435
11.88131615
11.88173828
11.88215982
11.88257987
11.88299749
11.8834117
11.88382154
11.88422602
11.88462414
11.89488711
11.89490778
11.89495324
11.89502233
11.89511483
11.89523072
11.89536993
11.89553249
11.89571836
11.89592757
11.89616013
11.89641603
11.89669529
11.8969979
11.89732386
11.89767318
11.89804584
11.89844183
11.89886113
11.89930369
11.89976948
11.90025842
11.90077046
11.90130547
11.90186335
11.90244395
11.9030471
11.90367257
11.90432013
11.90498948
11.90568026
11.9063921
11.90712452
11.90787698
11.90864886
11.90943948
11.91024801
11.91107351
11.91191493
11.9127711
11.91364062
11.91452196
11.91541339
11.9163129
11.91721828
11.918127
11.91903625
11.9199428
11.92084309
11.92173306
11.90888263
11.908911
11.90897346
11.90906843
11.90919572
11.90935537
11.90954748
11.90977221
11.91002974
11.91032033
11.91064424
11.91100179
11.91139332
11.91181924
11.91227994
11.91277591
11.91330766
11.91387574
11.91448075
11.91512336
11.91580425
11.91652419
11.91728398
11.91808451
11.91892674
11.91981164
11.92074034
11.92171397
11.9227338
11.92380116
11.9249175
11.92608433
11.92730333
11.92857626
11.92990503
11.93129167
11.93273837
11.93424749
11.93582157
11.9374633
11.93917563
11.94096171
11.94282491
11.94476891
11.94679764
11.94891534
11.95112664
11.95343647
11.95585024
11.95837372
)
;

boundaryField
{
    axis
    {
        type            empty;
    }
    inlet
    {
        type            zeroGradient;
    }
    wall
    {
        type            zeroGradient;
    }
    outlet
    {
        type            zeroGradient;
    }
    front
    {
        type            wedge;
    }
    back
    {
        type            wedge;
    }
}


// ************************************************************************* //
