1.000000e-09
1.258928e-09
1.584896e-09
1.995266e-09
2.511891e-09
3.162284e-09
3.981079e-09
5.011882e-09
6.309585e-09
7.943297e-09
1.000002e-08
1.258928e-08
1.584896e-08
1.995266e-08
2.511891e-08
3.162283e-08
3.981078e-08
5.011881e-08
6.309584e-08
7.943295e-08
1.000002e-07
1.258927e-07
1.584896e-07
1.995265e-07
2.511890e-07
3.162282e-07
3.981078e-07
5.011880e-07
6.309582e-07
7.943294e-07
1.000001e-06
1.258927e-06
1.584895e-06
1.995265e-06
2.511890e-06
3.162282e-06
3.981077e-06
5.011878e-06
6.309581e-06
7.943292e-06
1.000001e-05
